 -0.95999997854232788      ,   1.4140228822627781E-002
 -0.95913997856527566      ,   1.3090938890424529E-002
 -0.95827997858822345      ,   1.2053000932320215E-002
 -0.95741997861117123      ,   1.1026690858305231E-002
 -0.95655997863411901      ,   1.0012290948206182E-002
 -0.95569997865706680      ,   9.0100899565992102E-003
 -0.95483997868001458      ,   8.0203832146682041E-003
 -0.95397997870296236      ,   7.0434727284252787E-003
 -0.95311997872591014      ,   6.0796672726554229E-003
 -0.95225997874885793      ,   5.1292824798883762E-003
 -0.95139997877180571      ,   4.1926409236358346E-003
 -0.95053997879475360      ,   3.2700721950632977E-003
 -0.94967997881770139      ,   2.3619129721918594E-003
 -0.94881997884064917      ,   1.4610291709806164E-003
 -0.94795997886359695      ,   5.8895965384271728E-004
 -0.94709997888654474      ,  -2.7290769886653904E-004
 -0.94623997890949252      ,  -1.1244206098981132E-003
 -0.94537997893244030      ,  -1.9654252137030976E-003
 -0.94451997895538808      ,  -2.7957660693920671E-003
 -0.94365997897833587      ,  -3.6152861754228317E-003
 -0.94279997900128365      ,  -4.4238269860921312E-003
 -0.94193997902423143      ,  -5.2212284299054867E-003
 -0.94107997904717922      ,  -6.0073289299035874E-003
 -0.94021997907012700      ,  -6.7819654260233607E-003
 -0.93935997909307478      ,  -7.5449733995746927E-003
 -0.93849997911602256      ,  -8.2961868999132000E-003
 -0.93763997913897035      ,  -9.0354385733930082E-003
 -0.93677997916191813      ,  -9.7625596946820398E-003
 -0.93591997918486591      ,  -1.0477380200525048E-002
 -0.93505997920781370      ,  -1.1179728726039289E-002
 -0.93419997923076148      ,  -1.1869432643629073E-002
 -0.93333997925370926      ,  -1.2546318104604126E-002
 -0.93247997927665716      ,  -1.3210210083588724E-002
 -0.93161997929960494      ,  -1.3860932425807668E-002
 -0.93075997932255272      ,  -1.4498307897331737E-002
 -0.92989997934550050      ,  -1.5122158238370466E-002
 -0.92903997936844829      ,  -1.5732304219692000E-002
 -0.92817997939139607      ,  -1.6328565702252940E-002
 -0.92731997941434385      ,  -1.6910761700116225E-002
 -0.92645997943729164      ,  -1.7345410946924267E-002
 -0.92559997946023942      ,  -1.7880591485015643E-002
 -0.92473997948318720      ,  -1.8399326961181028E-002
 -0.92387997950613499      ,  -1.8901307296807467E-002
 -0.92301997952908277      ,  -1.9386216037588545E-002
 -0.92215997955203055      ,  -1.9853730252940145E-002
 -0.92129997957497833      ,  -2.0303520441576264E-002
 -0.92043997959792612      ,  -2.0735250444633157E-002
 -0.91957997962087390      ,  -2.1148577367929890E-002
 -0.91871997964382168      ,  -2.1543151515171961E-002
 -0.91785997966676947      ,  -2.1918616334156794E-002
 -0.91699997968971725      ,  -2.2274608378321622E-002
 -0.91613997971266503      ,  -2.2610757286289942E-002
 -0.91527997973561281      ,  -2.2926685782431906E-002
 -0.91441997975856071      ,  -2.3222009701854798E-002
 -0.91355997978150849      ,  -2.3496338043691643E-002
 -0.91269997980445627      ,  -2.3749273057062478E-002
 -0.91183997982740406      ,  -2.3980410364653995E-002
 -0.91097997985035184      ,  -2.4189339129499322E-002
 -0.91011997987329962      ,  -2.4375642271256732E-002
 -0.90925997989624741      ,  -2.4538896739085058E-002
 -0.90839997991919519      ,  -2.4678673849109215E-002
 -0.90753997994214297      ,  -2.4794539695467292E-002
 -0.90667997996509075      ,  -2.4886055645044494E-002
 -0.90581997998803854      ,  -2.4952778927238323E-002
 -0.90495998001098632      ,  -2.4994263331476148E-002
 -0.90409998003393410      ,  -2.5010060026733810E-002
 -0.90323998005688189      ,  -2.4999718518992350E-002
 -0.90237998007982967      ,  -2.4962787764434703E-002
 -0.90151998010277745      ,  -2.4898817458234107E-002
 -0.90065998012572523      ,  -2.4807359521036434E-002
 -0.89979998014867302      ,  -2.4687969807693919E-002
 -0.89893998017162080      ,  -2.4540210065479962E-002
 -0.89807998019456858      ,  -2.4363650171903971E-002
 -0.89721998021751648      ,  -2.4157870685351648E-002
 -0.89635998024046426      ,  -2.3922465745091132E-002
 -0.89549998026341204      ,  -2.3657046360691627E-002
 -0.89463998028635983      ,  -2.3361244134567846E-002
 -0.89377998030930761      ,  -2.3034715465149305E-002
 -0.89291998033225539      ,  -2.2677146282010761E-002
 -0.89205998035520317      ,  -1.4602108848903398E-003
 -0.89119998037815096      ,  -6.0151538071218243E-004
 -0.89033998040109874      ,   2.5846020749878390E-004
 -0.88947998042404652      ,   1.1167150892444399E-003
 -0.88861998044699431      ,   1.9701836009827236E-003
 -0.88775998046994209      ,   2.8157510997004120E-003
 -0.88689998049288987      ,   3.6502710232258965E-003
 -0.88603998051583766      ,   4.4705829655645752E-003
 -0.88517998053878544      ,   5.2735315899858325E-003
 -0.88431998056173322      ,   6.0559861792745563E-003
 -0.88345998058468100      ,   6.8148606022574798E-003
 -0.88259998060762879      ,   7.5471334591480322E-003
 -0.88173998063057657      ,   8.2498681560841201E-003
 -0.88087998065352435      ,   8.9202326520002161E-003
 -0.88001998067647214      ,   9.5555186190805358E-003
 -0.87915998069941992      ,   1.0153159761737205E-002
 -0.87829998072236770      ,   1.0710749048404628E-002
 -0.87743998074531560      ,   1.1226054625328346E-002
 -0.87657998076826338      ,   1.1697034201640939E-002
 -0.87571998079121116      ,   1.2121847719878899E-002
 -0.87485998081415894      ,   1.2498868155056542E-002
 -0.87399998083710673      ,   1.2826690317684682E-002
 -0.87313998086005451      ,   1.3104137570823264E-002
 -0.87227998088300229      ,   1.3330266407415178E-002
 -0.87141998090595008      ,   1.3504368870778207E-002
 -0.87055998092889786      ,   1.3625972837241873E-002
 -0.86969998095184564      ,   1.3694840214569730E-002
 -0.86883998097479342      ,   1.3710963142139571E-002
 -0.86797998099774121      ,   1.3674558308121606E-002
 -0.86711998102068899      ,   1.3586059524472002E-002
 -0.86625998104363677      ,   1.3446108721985416E-002
 -0.86539998106658456      ,   1.3255545544609615E-002
 -0.86453998108953234      ,   1.3015395734568841E-002
 -0.86367998111248012      ,   1.2726858507566878E-002
 -0.86281998113542790      ,   1.2391293120589704E-002
 -0.86195998115837580      ,   1.2010204833859742E-002
 -0.86109998118132358      ,   1.1585230463678662E-002
 -0.86023998120427136      ,   1.1118123714677432E-002
 -0.85937998122721915      ,   1.0610740468869628E-002
 -0.85851998125016693      ,   1.0065024195418002E-002
 -0.85765998127311471      ,   9.4829916297120963E-003
 -0.85679998129606250      ,   8.8667188537608459E-003
 -0.85593998131901028      ,   8.2183278925332011E-003
 -0.85507998134195806      ,   7.5399739232107155E-003
 -0.85421998136490584      ,   6.8338331767662970E-003
 -0.85335998138785363      ,   6.1020915942233862E-003
 -0.85249998141080141      ,   5.3469342836880342E-003
 -0.85163998143374919      ,   4.5705358090229031E-003
 -0.85077998145669698      ,   3.7750513270422476E-003
 -0.84991998147964476      ,   2.9626085774722226E-003
 -0.84905998150259254      ,   2.1353007187256265E-003
 -0.84819998152554033      ,   1.2951799928119111E-003
 -0.84733998154848811      ,   4.4425219443801605E-004
 -0.84647998157143589      ,  -4.1552808749036345E-004
 -0.84561998159438367      ,  -1.2822614932520673E-003
 -0.84475998161733146      ,  -2.1541072220915528E-003
 -0.84389998164027924      ,  -3.0292857129801437E-003
 -0.84303998166322702      ,  -3.9060807229594225E-003
 -0.84217998168617481      ,  -4.6545484280843315E-003
 -0.84131998170912270      ,  -5.4839188163671474E-003
 -0.84045998173207048      ,  -6.3049325263706320E-003
 -0.83959998175501827      ,  -7.1167129216739098E-003
 -0.83873998177796605      ,  -7.9184007064472661E-003
 -0.83787998180091383      ,  -8.7091528411942492E-003
 -0.83701998182386161      ,  -9.4881414595373338E-003
 -0.83615998184680940      ,  -1.0254552791519487E-002
 -0.83529998186975718      ,  -1.1007586098593177E-002
 -0.83443998189270496      ,  -1.1746452625229430E-002
 -0.83357998191565275      ,  -1.2470374571905916E-002
 -0.83271998193860053      ,  -1.3178584094124902E-002
 -0.83185998196154831      ,  -1.3870322332069843E-002
 -0.83099998198449609      ,  -1.4544838475530225E-002
 -0.83013998200744388      ,  -1.5201388868817991E-002
 -0.82927998203039166      ,  -1.5839236160552522E-002
 -0.82841998205333944      ,  -1.6457648503422791E-002
 -0.82755998207628723      ,  -1.7055898809329485E-002
 -0.82669998209923512      ,  -1.7633264065681512E-002
 -0.82583998212218290      ,  -1.8189024719065257E-002
 -0.82497998214513069      ,  -1.8722464133022740E-002
 -0.82411998216807847      ,  -1.9232868127274136E-002
 -0.82325998219102625      ,  -1.9719524606396324E-002
 -0.82239998221397403      ,  -2.0181723286726183E-002
 -0.82153998223692182      ,  -2.0618755531100607E-002
 -0.82067998225986960      ,  -2.1029914301968055E-002
 -0.81981998228281738      ,  -2.1414494244417971E-002
 -0.81895998230576517      ,  -2.1771791911765152E-002
 -0.81809998232871295      ,  -2.2101106147503335E-002
 -0.81723998235166073      ,  -2.2401738638694390E-002
 -0.81637998237460851      ,  -2.2672994657187594E-002
 -0.81551998239755630      ,  -2.2914184006455594E-002
 -0.81465998242050408      ,  -2.3124622193281773E-002
 -0.81379998244345186      ,  -2.3303631845019927E-002
 -0.81293998246639965      ,  -2.3450544394656669E-002
 -0.81207998248934743      ,  -2.3564702057410701E-002
 -0.81121998251229521      ,  -2.3645460124073137E-002
 -0.81035998253524300      ,  -2.3692189597690445E-002
 -0.80949998255819078      ,  -2.3704280201467545E-002
 -0.80863998258113856      ,  -2.3681143786869977E-002
 -0.80777998260408634      ,  -2.3622218171757744E-002
 -0.80691998262703413      ,  -2.3526971438913715E-002
 -0.80605998264998191      ,  -2.3394906725438012E-002
 -0.80519998267292969      ,  -2.3225567533058405E-002
 -0.80433998269587759      ,  -2.3018543588329086E-002
 -0.80347998271882537      ,  -2.2773477279811914E-002
 -0.80261998274177315      ,  -2.2490070696496015E-002
 -0.80175998276472094      ,  -2.2168093287732660E-002
 -0.80089998278766872      ,  -2.1807390159651319E-002
 -0.80003998281061650      ,  -2.1407891016167510E-002
 -0.79917998283356428      ,  -2.0969619744076139E-002
 -0.79831998285651207      ,  -2.0492704631120226E-002
 -0.79745998287945985      ,  -1.9977389193110595E-002
 -0.79659998290240763      ,  -1.9424043570936338E-002
 -0.79573998292535542      ,  -1.8833176440461005E-002
 -0.79487998294830320      ,  -1.8205447357701098E-002
 -0.79401998297125098      ,  -1.7541679438237687E-002
 -0.79315998299419876      ,  -1.6842872243520646E-002
 -0.79229998301714655      ,  -1.6110214717682907E-002
 -0.79143998304009444      ,  -1.5345097986932196E-002
 -0.79057998306304222      ,  -1.4549127799929288E-002
 -0.78971998308599001      ,  -1.3724136352411868E-002
 -0.78885998310893779      ,  -1.2872193203492447E-002
 -0.78799998313188557      ,  -1.1995614955670555E-002
 -0.78713998315483336      ,  -1.1096973336980519E-002
 -0.78627998317778114      ,  -1.0179101293530122E-002
 -0.78541998320072892      ,  -9.2450966758750395E-003
 -0.78455998322367670      ,  -8.2983230854054828E-003
 -0.78369998324662449      ,  -7.3424074395676006E-003
 -0.78283998326957227      ,  -6.3812338197846534E-003
 -0.78197998329252005      ,  -5.4189331858770298E-003
 -0.78111998331546784      ,  -4.4598685779400930E-003
 -0.78025998333841562      ,  -3.5086154830424078E-003
 -0.77939998336136340      ,  -2.5699371212282488E-003
 -0.77853998338431118      ,  -1.6487545038776697E-003
 -0.77767998340725897      ,  -7.5011123723233602E-004
 -0.77681998343020675      ,   1.2086681660080613E-004
 -0.77595998345315453      ,   9.5901675239055701E-004
 -0.77509998347610232      ,   1.4661386993799007E-002
 -0.77423998349905010      ,   1.4553554612256131E-002
 -0.77337998352199788      ,   1.4396698838862746E-002
 -0.77251998354494567      ,   1.4191741558369627E-002
 -0.77165998356789345      ,   1.3939753666799455E-002
 -0.77079998359084123      ,   1.3641943083039818E-002
 -0.76993998361378901      ,   1.3299642538268737E-002
 -0.76907998363673680      ,   1.2914297285907556E-002
 -0.76821998365968469      ,   1.2487452863758340E-002
 -0.76735998368263247      ,   1.2020743027778695E-002
 -0.76649998370558026      ,   1.1515877963957033E-002
 -0.76563998372852804      ,   1.0974632871332718E-002
 -0.76477998375147582      ,   1.0398836995683480E-002
 -0.76391998377442361      ,   9.7903631800596320E-003
 -0.76305998379737139      ,   9.1511179854257291E-003
 -0.76219998382031917      ,   8.4830324223740521E-003
 -0.76133998384326695      ,   7.7880533233633947E-003
 -0.76047998386621474      ,   7.0681353743232258E-003
 -0.75961998388916252      ,   6.3252338148351833E-003
 -0.75875998391211030      ,   5.5612978075030633E-003
 -0.75789998393505809      ,   4.7782644695669651E-003
 -0.75703998395800587      ,   3.9780535533017374E-003
 -0.75617998398095365      ,   3.1625627562311630E-003
 -0.75531998400390155      ,   2.3336636376412212E-003
 -0.75445998402684933      ,   1.4931981142304437E-003
 -0.75359998404979711      ,   6.4297550492174087E-004
 -0.75273998407274489      ,  -2.1522990719809396E-004
 -0.75187998409569268      ,  -1.0796808292242077E-003
 -0.75101998411864046      ,  -1.9486784632617331E-003
 -0.75015998414158824      ,  -2.8205635961947003E-003
 -0.74929998416453603      ,  -3.6937173086805941E-003
 -0.74843998418748381      ,  -4.5665613371063422E-003
 -0.74757998421043159      ,  -5.4375581213963881E-003
 -0.74671998423337937      ,  -6.3052105704783489E-003
 -0.74585998425632716      ,  -7.1680615759480400E-003
 -0.74499998427927494      ,  -8.0246933030849125E-003
 -0.74413998430222272      ,  -8.8737262868925602E-003
 -0.74327998432517051      ,  -9.7138183593284428E-003
 -0.74241998434811829      ,  -1.0543663432366516E-002
 -0.74155998437106607      ,  -1.1361990160044948E-002
 -0.74069998439401386      ,  -1.2167560501213920E-002
 -0.73983998441696164      ,  -1.2959168203336272E-002
 -0.73897998443990942      ,  -1.3735637226427672E-002
 -0.73811998446285720      ,  -1.4495820125071524E-002
 -0.73725998448580499      ,  -1.5238596405417115E-002
 -0.73639998450875277      ,  -1.5962870873181385E-002
 -0.73553998453170055      ,  -1.6667571987938324E-002
 -0.73467998455464834      ,  -1.7351650238396587E-002
 -0.73381998457759612      ,  -1.8014076552952580E-002
 -0.73295998460054401      ,  -1.8653840759562383E-002
 -0.73209998462349180      ,  -1.9269950108911752E-002
 -0.73123998464643958      ,  -1.9861427874983607E-002
 -0.73037998466938736      ,  -2.0427312047434660E-002
 -0.72951998469233514      ,  -2.0966654130697947E-002
 -0.72865998471528293      ,  -2.1478518065437803E-002
 -0.72779998473823071      ,  -2.1961979288897971E-002
 -0.72693998476117849      ,  -2.2416123951808316E-002
 -0.72607998478412628      ,  -2.2840048310856179E-002
 -0.72521998480707406      ,  -2.3232858317286043E-002
 -0.72435998483002184      ,  -2.3593669423966207E-002
 -0.72349998485296962      ,  -2.3921606635255353E-002
 -0.72263998487591741      ,  -2.4215804826207572E-002
 -0.72177998489886519      ,  -2.4475409360066338E-002
 -0.72091998492181297      ,  -2.4699577035600950E-002
 -0.72005998494476076      ,  -2.4887477398612270E-002
 -0.71919998496770865      ,  -2.5038294454850309E-002
 -0.71833998499065643      ,  -2.5151228824605285E-002
 -0.71747998501360422      ,  -2.5225500382299426E-002
 -0.71661998503655200      ,  -2.5260351427456074E-002
 -0.71575998505949978      ,  -2.5255050436360976E-002
 -0.71489998508244756      ,  -2.5208896446453841E-002
 -0.71403998510539535      ,  -2.5121224127850592E-002
 -0.71317998512834313      ,  -2.4991409598238468E-002
 -0.71231998515129091      ,  -2.4818877038496570E-002
 -0.71145998517423870      ,  -2.4603106166531163E-002
 -0.71059998519718648      ,  -2.4343640625694232E-002
 -0.70973998522013426      ,  -2.4040097341433274E-002
 -0.70887998524308204      ,  -2.3692176895120657E-002
 -0.70801998526602983      ,  -2.3299674956890549E-002
 -0.70715998528897761      ,  -2.2862494809285192E-002
 -0.70629998531192539      ,  -2.2380660980046929E-002
 -0.70543998533487318      ,  -2.1854333984919424E-002
 -0.70457998535782096      ,  -2.1283826159245973E-002
 -0.70371998538076874      ,  -2.0669618529889945E-002
 -0.70285998540371653      ,  -2.0012378645983066E-002
 -0.70199998542666431      ,  -1.9312979247741457E-002
 -0.70113998544961209      ,  -1.8572517606714262E-002
 -0.70027998547255987      ,  -1.7792335318149159E-002
 -0.69941998549550766      ,  -1.6974038266760836E-002
 -0.69855998551845544      ,  -1.6119516421504616E-002
 -0.69769998554140322      ,  -1.5230963043854422E-002
 -0.69683998556435101      ,  -1.4310892819014230E-002
 -0.69597998558729879      ,  -1.3362158342526850E-002
 -0.69511998561024657      ,  -1.2387964318729948E-002
 -0.69425998563319447      ,  -1.1391878756095821E-002
 -0.69339998565614225      ,  -1.0377840382169257E-002
 -0.69253998567909003      ,  -9.3501614529108348E-003
 -0.69167998570203781      ,  -8.3135251037615744E-003
 -0.69081998572498560      ,  -7.2729763892193195E-003
 -0.68995998574793338      ,  -6.2339061908486008E-003
 -0.68909998577088116      ,  -5.2020272469071992E-003
 -0.68823998579382895      ,  -4.1833416758183918E-003
 -0.68737998581677673      ,  -3.1840995347027484E-003
 -0.68651998583972451      ,  -2.2107481750750818E-003
 -0.68565998586267241      ,   1.2870796453895682E-002
 -0.68479998588562019      ,   1.2805090518820589E-002
 -0.68393998590856797      ,   1.2685877060073658E-002
 -0.68307998593151575      ,   1.2513994370890572E-002
 -0.68221998595446354      ,   1.2290478479374489E-002
 -0.68135998597741132      ,   1.2016549314450337E-002
 -0.68049998600035910      ,   1.1693596317221030E-002
 -0.67963998602330689      ,   1.1323163702408944E-002
 -0.67877998604625467      ,   1.0906935562589910E-002
 -0.67791998606920245      ,   1.0446720993511179E-002
 -0.67705998609215023      ,   9.9444394025191146E-003
 -0.67619998611509802      ,   9.4021061445775881E-003
 -0.67533998613804580      ,   8.8218186120738139E-003
 -0.67447998616099358      ,   8.2057428860667619E-003
 -0.67361998618394137      ,   7.5561010382681195E-003
 -0.67275998620688915      ,   6.8751591552229261E-003
 -0.67189998622983693      ,   6.1652161391785613E-003
 -0.67103998625278471      ,   5.4285933242371968E-003
 -0.67017998627573250      ,   4.6676249317504654E-003
 -0.66931998629868028      ,   3.8846493756581153E-003
 -0.66845998632162806      ,   3.0820014166627477E-003
 -0.66759998634457585      ,   2.2620051537860148E-003
 -0.66673998636752363      ,   1.4269678329588001E-003
 -0.66587998639047141      ,   5.7917444480301745E-004
 -0.66501998641341920      ,  -2.7911692240465867E-004
 -0.66415998643636698      ,  -1.1456790135321497E-003
 -0.66329998645931476      ,  -2.0183186639094598E-003
 -0.66243998648226254      ,  -2.8948794287201856E-003
 -0.66157998650521033      ,  -3.7732436319330210E-003
 -0.66071998652815811      ,  -4.6513338833810728E-003
 -0.65985998655110589      ,  -5.5271141130902096E-003
 -0.65899998657405368      ,  -6.3985901719106099E-003
 -0.65813998659700157      ,  -7.2638100470336416E-003
 -0.65727998661994935      ,  -8.1208637401737477E-003
 -0.65641998664289714      ,  -8.9678828551556355E-003
 -0.65555998666584492      ,  -9.8030399404573764E-003
 -0.65469998668879270      ,  -1.0624547630988497E-002
 -0.65383998671174048      ,  -1.1430657632099921E-002
 -0.65297998673468827      ,  -1.2219659587585226E-002
 -0.65211998675763605      ,  -1.2989879872290125E-002
 -0.65125998678058383      ,  -1.3739680348938167E-002
 -0.65039998680353162      ,  -1.4467457127944809E-002
 -0.64953998682647951      ,  -1.5171639368351945E-002
 -0.64867998684942729      ,  -1.5850688157591643E-002
 -0.64781998687237508      ,  -1.6503095507597692E-002
 -0.64695998689532286      ,  -1.7127383504832751E-002
 -0.64609998691827064      ,  -1.7722103652084382E-002
 -0.64523998694121842      ,  -1.8285836440404858E-002
 -0.64437998696416621      ,  -1.8817191190308297E-002
 -0.64351998698711399      ,  -1.9314806202276401E-002
 -0.64265998701006177      ,  -1.9777349257725712E-002
 -0.64179998703300956      ,  -2.0203518512816831E-002
 -0.64093998705595734      ,  -2.0592043828787938E-002
 -0.64007998707890512      ,  -2.0941688583798454E-002
 -0.63921998710185290      ,  -2.1251252012504954E-002
 -0.63835998712480069      ,  -2.1519572120650574E-002
 -0.63749998714774847      ,  -2.1745529222725810E-002
 -0.63663998717069625      ,  -2.1928050151110830E-002
 -0.63577998719364404      ,  -2.2066113184877598E-002
 -0.63491998721659182      ,  -2.2158753745436022E-002
 -0.63405998723953960      ,  -2.2205070904236054E-002
 -0.63319998726248738      ,  -2.2204234744555858E-002
 -0.63233998728543517      ,  -2.2155494614753871E-002
 -0.63147998730838295      ,  -2.2058188303948335E-002
 -0.63061998733133073      ,  -2.1911752162611261E-002
 -0.62975998735427852      ,  -2.1715732179694167E-002
 -0.62889998737722630      ,  -2.1469796014314257E-002
 -0.62803998740017408      ,  -2.1173745963389549E-002
 -0.62717998742312187      ,  -2.0827532826612115E-002
 -0.62631998744606965      ,  -2.0431270606517980E-002
 -0.62545998746901743      ,  -1.9985251953936620E-002
 -0.62459998749196521      ,  -1.9489964237668439E-002
 -0.62373998751491300      ,  -1.8946106081843113E-002
 -0.62287998753786089      ,  -1.8354604175230289E-002
 -0.62201998756080867      ,  -1.7716630114173047E-002
 -0.62115998758375646      ,  -1.7033616995422496E-002
 -0.62029998760670424      ,  -1.6307275427874138E-002
 -0.61943998762965202      ,  -1.5539608584297383E-002
 -0.61857998765259981      ,  -1.4732925867204346E-002
 -0.61771998767554759      ,  -1.3889854719018426E-002
 -0.61685998769849537      ,  -1.3013350068032122E-002
 -0.61599998772144315      ,  -1.2106700871001970E-002
 -0.61513998774439094      ,  -1.1173533193616969E-002
 -0.61427998776733872      ,  -1.0217809264676143E-002
 -0.61341998779028661      ,  -9.2438219518671105E-003
 -0.61255998781323440      ,  -8.2561841396314156E-003
 -0.61169998783618218      ,  -7.2598125454807110E-003
 -0.61083998785912996      ,  -6.2599055923716540E-003
 -0.60997998788207775      ,  -5.2619150625751411E-003
 -0.60911998790502553      ,  -4.2715113928601719E-003
 -0.60825998792797331      ,  -3.2945426303215243E-003
 -0.60739998795092109      ,  -2.3369872496936108E-003
 -0.60653998797386888      ,  -1.4049012316154311E-003
 -0.60567998799681666      ,  -5.0436001038057924E-004
 -0.60481998801976444      ,   3.5860388910324267E-004
 -0.60395998804271223      ,   1.1780665017548594E-003
 -0.60309998806566001      ,   1.9482801511695725E-003
 -0.60223998808860779      ,   2.6637418911473459E-003
 -0.60137998811155557      ,   3.3192611766357013E-003
 -0.60051998813450336      ,   3.9100252116021205E-003
 -0.59965998815745114      ,   4.4316604075310745E-003
 -0.59879998818039892      ,   4.8802884322085727E-003
 -0.59793998820334671      ,   5.2525754353606327E-003
 -0.59707998822629449      ,   5.5457732031679377E-003
 -0.59621998824924227      ,   5.7577512117467601E-003
 -0.59535998827219005      ,   5.8870188111265721E-003
 -0.59449998829513784      ,   5.9327370641106408E-003
 -0.59363998831808562      ,   5.8947200747647283E-003
 -0.59277998834103340      ,   5.7734259542666566E-003
 -0.59191998836398119      ,   5.5699378726426878E-003
 -0.59105998838692897      ,   5.2859359197798298E-003
 -0.59019998840987675      ,   4.9236607362737692E-003
 -0.58933998843282454      ,   4.4858700650714078E-003
 -0.58847998845577232      ,   3.9757895125464727E-003
 -0.58761998847872010      ,   3.3970588899681856E-003
 -0.58675998850166800      ,   2.7536755338656150E-003
 -0.58589998852461578      ,   2.0499359800157427E-003
 -0.58503998854756356      ,   1.2903772965398700E-003
 -0.58417998857051134      ,   4.7971927445850581E-004
 -0.58331998859345913      ,  -3.7719146229997247E-004
 -0.58245998861640691      ,  -1.2754345219646826E-003
 -0.58159998863935469      ,  -2.2100652474055147E-003
 -0.58073998866230248      ,  -3.1761600892903888E-003
 -0.57987998868525026      ,  -4.1688574500562724E-003
 -0.57901998870819804      ,  -5.1833937558169356E-003
 -0.57815998873114582      ,  -6.2151346559557088E-003
 -0.57729998875409372      ,  -7.2596013753437588E-003
 -0.57643998877704150      ,  -8.3124923501017023E-003
 -0.57557998879998928      ,  -9.3697003639686277E-003
 -0.57471998882293707      ,  -1.0427325468986984E-002
 -0.57385998884588485      ,  -1.1481684022440528E-002
 -0.57299998886883263      ,  -1.2529314203433593E-002
 -0.57213998889178042      ,  -1.3566978389153833E-002
 -0.57127998891472820      ,  -1.4591662774897363E-002
 -0.57041998893767598      ,  -1.2108105226095947E-002
 -0.56955998896062376      ,  -1.2705310604248482E-002
 -0.56869998898357155      ,  -1.3267040100410040E-002
 -0.56783998900651933      ,  -1.3791354687444640E-002
 -0.56697998902946711      ,  -1.4276380999133453E-002
 -0.56611998905241490      ,  -1.4720316380869129E-002
 -0.56525998907536268      ,  -1.5121434613123909E-002
 -0.56439998909831046      ,  -1.5478092350245928E-002
 -0.56353998912125824      ,  -1.5788736310451922E-002
 -0.56267998914420603      ,  -1.6051911244820714E-002
 -0.56181998916715381      ,  -1.6266268703461463E-002
 -0.56095998919010159      ,  -1.6430576605649054E-002
 -0.56009998921304938      ,  -1.6543729607414903E-002
 -0.55923998923599716      ,  -1.6604760244699878E-002
 -0.55837998925894494      ,  -1.6612850812600451E-002
 -0.55751998928189272      ,  -1.6567345921394156E-002
 -0.55665998930484051      ,  -1.6467765647904850E-002
 -0.55579998932778829      ,  -1.6313819176431300E-002
 -0.55493998935073607      ,  -1.6105418797072776E-002
 -0.55407998937368386      ,  -1.5842694101127309E-002
 -0.55321998939663164      ,  -1.5526006183716870E-002
 -0.55235998941957942      ,  -1.5155961633473347E-002
 -0.55149998944252721      ,  -1.4733426058718005E-002
 -0.55063998946547510      ,  -1.4259536869977323E-002
 -0.54977998948842288      ,  -1.3735715010957711E-002
 -0.54891998951137067      ,  -1.3163675305475573E-002
 -0.54805998953431845      ,  -1.2545435067664997E-002
 -0.54719998955726623      ,  -1.1883320608541468E-002
 -0.54633998958021401      ,  -1.1179971265215038E-002
 -0.54547998960316180      ,  -1.0438340581255943E-002
 -0.54461998962610958      ,  -9.6616942793760902E-003
 -0.54375998964905736      ,  -8.8536046919865628E-003
 -0.54289998967200515      ,  -8.0179413523517509E-003
 -0.54203998969495304      ,  -7.1588574996240993E-003
 -0.54117998971790082      ,  -6.2807723151907342E-003
 -0.54031998974084861      ,  -5.3883487850905926E-003
 -0.53945998976379639      ,  -4.4864671727179737E-003
 -0.53859998978674417      ,  -3.5801941858774784E-003
 -0.53773998980969195      ,  -2.6747480300338732E-003
 -0.53687998983263974      ,  -1.7754596521769872E-003
 -0.53601998985558752      ,  -8.8773059335972126E-004
 -0.53515998987853530      ,  -1.6987978464559232E-005
 -0.53429998990148309      ,   8.3136272538264174E-004
 -0.53343998992443087      ,   1.6519864596638166E-003
 -0.53257998994737865      ,   2.4396680383996518E-003
 -0.53171998997032643      ,   3.1893614753881962E-003
 -0.53085998999327422      ,   3.8962382951263992E-003
 -0.52999999001622200      ,   4.5557339439782647E-003
 -0.52913999003916978      ,   5.1635914415557212E-003
 -0.52827999006211757      ,   5.7159014628436469E-003
 -0.52741999008506535      ,   6.2091381179873190E-003
 -0.52655999010801313      ,   6.6401897962942904E-003
 -0.52569999013096091      ,   7.0063845601887080E-003
 -0.52483999015390870      ,   7.3055097089882752E-003
 -0.52397999017685648      ,   7.5358252761848349E-003
 -0.52311999019980426      ,   7.6960713717803197E-003
 -0.52225999022275205      ,   7.7854694275014949E-003
 -0.52139999024569983      ,   7.8037175420017776E-003
 -0.52053999026864761      ,   7.7509802506209400E-003
 -0.51967999029159540      ,   7.6278731558615661E-003
 -0.51881999031454318      ,   7.4354429473487606E-003
 -0.51795999033749096      ,   7.1751434116095643E-003
 -0.51709999036043874      ,   6.8488080815510121E-003
 -0.51623999038338653      ,   6.4586202030696279E-003
 -0.51537999040633431      ,   6.0070807027518443E-003
 -0.51451999042928220      ,   5.4969748278746846E-003
 -0.51365999045222999      ,   4.9313381002362615E-003
 -0.51279999047517777      ,   4.3134221815190358E-003
 -0.51193999049812555      ,   3.6466611929158238E-003
 -0.51107999052107334      ,   2.9346389687066603E-003
 -0.51021999054402112      ,   2.1810576553376007E-003
 -0.50935999056696890      ,   1.3897079970831532E-003
 -0.50849999058991668      ,   5.6444157903211994E-004
 -0.50763999061286447      ,  -2.9085476999932445E-004
 -0.50677999063581225      ,  -1.1722822762610420E-003
 -0.50591999065876014      ,  -2.0759511422710980E-003
 -0.50505999068170793      ,  -2.9979990641401215E-003
 -0.50419999070465571      ,  -3.9346073651579921E-003
 -0.50333999072760349      ,  -4.8820148054290191E-003
 -0.50247999075055128      ,  -5.8365291602537278E-003
 -0.50161999077349906      ,  -6.7945366864289132E-003
 -0.50075999079644684      ,  -7.7525096161073807E-003
 -0.49989999081939457      ,  -8.7070118328944381E-003
 -0.49903999084234235      ,  -9.6547028950985225E-003
 -0.49817999086529013      ,  -1.0592340577178148E-002
 -0.49731999088823792      ,  -1.1516782103120808E-002
 -0.49645999091118576      ,  -1.2424984245430157E-002
 -0.49559999093413354      ,  -1.3314002461216114E-002
 -0.49473999095708132      ,  -1.4180989233172575E-002
 -0.49387999098002910      ,  -1.5023191778528412E-002
 -0.49301999100297689      ,  -1.5837949283835806E-002
 -0.49215999102592467      ,  -1.6622689818139337E-002
 -0.49129999104887245      ,  -1.7374927071994058E-002
 -0.49043999107182024      ,  -1.8092257065265179E-002
 -0.48957999109476802      ,  -1.8772354962880326E-002
 -0.48871999111771580      ,  -1.9412972134890405E-002
 -0.48785999114066364      ,  -2.0011933595453491E-002
 -0.48699999116361142      ,  -2.0567135954752205E-002
 -0.48613999118655921      ,  -2.1076546018401521E-002
 -0.48527999120950699      ,  -2.1538200170559199E-002
 -0.48441999123245477      ,  -2.1950204679601855E-002
 -0.48355999125540255      ,  -2.2310737068704772E-002
 -0.48269999127835034      ,  -2.2618048697704476E-002
 -0.48183999130129812      ,  -2.2870468706885867E-002
 -0.48097999132424590      ,  -2.3066409477373227E-002
 -0.48011999134719369      ,  -2.3204373766045110E-002
 -0.47925999137014147      ,  -2.3282963674634182E-002
 -0.47839999139308931      ,  -2.3300891612052451E-002
 -0.47753999141603709      ,  -2.3256993404967653E-002
 -0.47667999143898487      ,  -2.3150243703028300E-002
 -0.47581999146193266      ,  -2.2979773810476892E-002
 -0.47495999148488044      ,  -2.2744892053593313E-002
 -0.47409999150782822      ,  -2.2445106761678654E-002
 -0.47323999153077601      ,  -2.2080151896178596E-002
 -0.47237999155372379      ,  -2.1650015306018174E-002
 -0.47151999157667157      ,  -2.1154969515238060E-002
 -0.47065999159961935      ,  -2.0595604859668121E-002
 -0.46979999162256719      ,  -1.9972864681051195E-002
 -0.46893999164551498      ,  -1.9288082158661471E-002
 -0.46807999166846276      ,  -1.8543018209821887E-002
 -0.46721999169141054      ,  -1.7739899722736874E-002
 -0.46635999171435832      ,  -1.6881457200229676E-002
 -0.46549999173730611      ,  -1.5970960695765032E-002
 -0.46463999176025389      ,  -1.5012252720410305E-002
 -0.46377999178320167      ,  -1.4009776600698496E-002
 -0.46291999180614946      ,  -1.2968598585222179E-002
 -0.46205999182909724      ,  -1.1894421847664335E-002
 -0.46119999185204508      ,  -1.0793590433967097E-002
 -0.46033999187499286      ,  -9.6730811715529108E-003
 -0.45947999189794064      ,  -8.5404816198381903E-003
 -0.45861999192088843      ,  -7.4039523137673586E-003
 -0.45775999194383621      ,  -6.2721718527727309E-003
 -0.45689999196678399      ,  -5.1542638278280345E-003
 -0.45603999198973177      ,  -4.0597051621489508E-003
 -0.45517999201267956      ,  -2.9982161585552273E-003
 -0.45431999203562734      ,  -1.9796333772835678E-003
 -0.45345999205857512      ,  -1.0137673764706492E-003
 -0.45259999208152291      ,  -1.1024828379957601E-004
 -0.45173999210447069      ,   7.2163692993528644E-004
 -0.45087999212741847      ,   1.4731108062369588E-003
 -0.45001999215036625      ,   2.1360700917234430E-003
 -0.44915999217331404      ,   2.7032430970334626E-003
 -0.44829999219626182      ,   3.1683339671414344E-003
 -0.44743999221920971      ,   3.5261483546244563E-003
 -0.44657999224215750      ,   3.7726955700596873E-003
 -0.44571999226510528      ,   3.9052631801869899E-003
 -0.44485999228805306      ,   3.9224611830496999E-003
 -0.44399999231100085      ,   3.8242342332028023E-003
 -0.44313999233394863      ,   3.6118418246366417E-003
 -0.44227999235689641      ,   3.2878077615387971E-003
 -0.44141999237984419      ,   2.8558415572119038E-003
 -0.44055999240279198      ,   2.3207355119456668E-003
 -0.43969999242573976      ,   1.6882420650377252E-003
 -0.43883999244868754      ,   9.6493655450825106E-004
 -0.43797999247163533      ,   1.5807073868191225E-004
 -0.43711999249458311      ,  -7.2457764821494441E-004
 -0.43625999251753089      ,  -1.6748543815313151E-003
 -0.43539999254047868      ,  -2.6843729067632239E-003
 -0.43453999256342646      ,  -3.7446495174206823E-003
 -0.43367999258637424      ,  -4.8472266854049156E-003
 -0.43281999260932202      ,  -5.9837824965846761E-003
 -0.43195999263226981      ,  -7.1462249343085807E-003
 -0.43109999265521759      ,  -8.3267704755963529E-003
 -0.43023999267816537      ,  -9.5180070904387053E-003
 -0.42937999270111327      ,  -1.0712942247757767E-002
 -0.42851999272406105      ,  -1.1905036926571190E-002
 -0.42765999274700883      ,  -1.3088226910871744E-002
 -0.42679999276995662      ,  -1.4256932821217538E-002
 -0.42593999279290440      ,  -1.5406060418732640E-002
 -0.42507999281585218      ,  -1.6530992724041089E-002
 -0.42421999283879996      ,  -1.1917423315004096E-002
 -0.42335999286174775      ,  -1.2387664123007141E-002
 -0.42249999288469553      ,  -1.2805517458143631E-002
 -0.42163999290764331      ,  -1.3168510049848939E-002
 -0.42077999293059110      ,  -1.3474364444577291E-002
 -0.41991999295353888      ,  -1.3721016315641155E-002
 -0.41905999297648666      ,  -1.3906633036475010E-002
 -0.41819999299943444      ,  -1.4029633448392505E-002
 -0.41733999302238223      ,  -1.4088708705466128E-002
 -0.41647999304533001      ,  -1.4082844025524954E-002
 -0.41561999306827779      ,  -1.4011341117813648E-002
 -0.41475999309122558      ,  -1.3873840995260999E-002
 -0.41389999311417336      ,  -1.3670346813617682E-002
 -0.41303999313712114      ,  -1.3401246312402179E-002
 -0.41217999316006892      ,  -1.3067333365557229E-002
 -0.41131999318301682      ,  -1.2669828085355739E-002
 -0.41045999320596460      ,  -1.2210394864258475E-002
 -0.40959999322891238      ,  -1.1691157689401524E-002
 -0.40873999325186017      ,  -1.1114712026799173E-002
 -0.40787999327480795      ,  -1.0484132551044125E-002
 -0.40701999329775573      ,  -9.8029759951542509E-003
 -0.40615999332070352      ,  -9.0752784179692798E-003
 -0.40529999334365130      ,  -8.3055462364027104E-003
 -0.40443999336659908      ,  -7.4987404494152102E-003
 -0.40357999338954686      ,  -6.6602535912514676E-003
 -0.40271999341249465      ,  -5.7958790933504518E-003
 -0.40185999343544243      ,  -4.9117729058456234E-003
 -0.40099999345839021      ,  -4.0144074273302270E-003
 -0.40013999348133800      ,  -3.1105180102589157E-003
 -0.39927999350428578      ,  -2.2070425417808790E-003
 -0.39841999352723356      ,  -1.3110548370610297E-003
 -0.39755999355018135      ,  -4.2969281399216086E-004
 -0.39669999357312913      ,   4.2991736642837992E-004
 -0.39583999359607691      ,   1.2607398221460998E-003
 -0.39497999361902469      ,   2.0559086134082365E-003
 -0.39411999364197248      ,   2.8088069249228541E-003
 -0.39325999366492037      ,   3.5131440980422702E-003
 -0.39239999368786815      ,   4.1630288576808604E-003
 -0.39153999371081594      ,   4.7530371534006263E-003
 -0.39067999373376372      ,   5.2782731681619652E-003
 -0.38981999375671150      ,   5.7344222363794155E-003
 -0.38895999377965929      ,   6.1177946468421287E-003
 -0.38809999380260707      ,   6.4253595748986481E-003
 -0.38723999382555485      ,   6.6547686794320004E-003
 -0.38637999384850263      ,   6.8043691999817805E-003
 -0.38551999387145042      ,   6.8732066842950891E-003
 -0.38465999389439820      ,   6.8610177538513846E-003
 -0.38379999391734598      ,   6.7682135633584106E-003
 -0.38293999394029377      ,   6.5958548209317661E-003
 -0.38207999396324155      ,   6.3456194023232002E-003
 -0.38121999398618933      ,   6.0197637116030170E-003
 -0.38035999400913711      ,   5.6210790113090329E-003
 -0.37949999403208490      ,   5.1528439689129584E-003
 -0.37863999405503268      ,   4.6187746473025449E-003
 -0.37777999407798046      ,   4.0229731102369524E-003
 -0.37691999410092825      ,   3.3698757259129244E-003
 -0.37605999412387603      ,   2.6642021399675836E-003
 -0.37519999414682392      ,   1.9109057606346124E-003
 -0.37433999416977171      ,   1.1151264602408931E-003
 -0.37347999419271949      ,   2.8214605504065811E-004
 -0.37261999421566727      ,  -5.8265301507939642E-004
 -0.37175999423861505      ,  -1.4738255198024914E-003
 -0.37089999426156284      ,  -2.3858976220671648E-003
 -0.37003999428451062      ,  -3.3133973627161085E-003
 -0.36917999430745840      ,  -4.2508814961800239E-003
 -0.36831999433040619      ,  -5.1929588129272161E-003
 -0.36745999435335397      ,  -6.1343101562116500E-003
 -0.36659999437630175      ,  -7.0697053992054759E-003
 -0.36573999439924954      ,  -7.9940176949074397E-003
 -0.36487999442219732      ,  -8.9022353465280021E-003
 -0.36401999444514510      ,  -9.7894716717638764E-003
 -0.36315999446809288      ,  -1.0650973251900418E-002
 -0.36229999449104067      ,  -1.1482126967390401E-002
 -0.36143999451398845      ,  -1.2278466226672863E-002
 -0.36057999453693623      ,  -1.3035676795572732E-002
 -0.35971999455988402      ,  -1.3749602631466427E-002
 -0.35885999458283180      ,  -1.4416252120071509E-002
 -0.35799999460577958      ,  -1.5031805103478582E-002
 -0.35713999462872748      ,  -1.5592621075857944E-002
 -0.35627999465167526      ,  -1.6095248907780534E-002
 -0.35541999467462304      ,  -1.6536438440615454E-002
 -0.35455999469757082      ,  -1.6913154268003258E-002
 -0.35369999472051861      ,  -1.7222591990632974E-002
 -0.35283999474346639      ,  -1.7462197191871184E-002
 -0.35197999476641417      ,  -1.7629687333328554E-002
 -0.35111999478936196      ,  -1.7723076709146642E-002
 -0.35025999481230974      ,  -1.7740704523474229E-002
 -0.34939999483525752      ,  -1.7681266065116299E-002
 -0.34853999485820530      ,  -1.7543846844709925E-002
 -0.34767999488115309      ,  -1.7327959431422849E-002
 -0.34681999490410087      ,  -1.7033582577167136E-002
 -0.34595999492704865      ,  -1.6661202046733471E-002
 -0.34509999494999644      ,  -1.6211852383490055E-002
 -0.34423999497294422      ,  -1.5687158635499705E-002
 -0.34337999499589200      ,  -1.5089376851371097E-002
 -0.34251999501883978      ,  -1.4421431936634192E-002
 -0.34165999504178757      ,  -1.3686951250435838E-002
 -0.34079999506473535      ,  -1.2890292132239189E-002
 -0.33993999508768324      ,  -1.2036561395040574E-002
 -0.33907999511063103      ,  -1.1131624723678181E-002
 -0.33821999513357881      ,  -1.0182103893766762E-002
 -0.33735999515652659      ,  -9.1953597983859478E-003
 -0.33649999517947438      ,  -8.1794594539458410E-003
 -0.33563999520242216      ,  -7.1431254679149023E-003
 -0.33477999522536994      ,  -6.0956668973990401E-003
 -0.33391999524831772      ,  -5.0468910083941252E-003
 -0.33305999527126551      ,  -4.0069961496900369E-003
 -0.33219999529421329      ,  -2.9864467594671344E-003
 -0.33133999531716107      ,  -1.9958323905801584E-003
 -0.33047999534010886      ,  -1.0457135246020369E-003
 -0.32961999536305664      ,  -1.4645778788671459E-004
 -0.32875999538600442      ,   6.9192907703295389E-004
 -0.32789999540895221      ,   1.4599725565616144E-003
 -0.32703999543189999      ,   2.1488937456282530E-003
 -0.32617999545484777      ,   2.7507633897473995E-003
 -0.32531999547779555      ,   3.2586404162429365E-003
 -0.32445999550074334      ,   3.6666902709980081E-003
 -0.32359999552369112      ,   3.9702791360809540E-003
 -0.32273999554663890      ,   4.1660410871892104E-003
 -0.32187999556958680      ,   4.2519163940312596E-003
 -0.32101999559253458      ,   4.2271603942681084E-003
 -0.32015999561548236      ,   4.0923235995155615E-003
 -0.31929999563843015      ,   3.8492048396593184E-003
 -0.31843999566137793      ,   3.5007802488255567E-003
 -0.31757999568432571      ,   3.0511116882750134E-003
 -0.31671999570727349      ,   2.5052387536301087E-003
 -0.31585999573022128      ,   1.8690588128615392E-003
 -0.31499999575316906      ,   1.1491995742719341E-003
 -0.31413999577611684      ,   3.5288851449920180E-004
 -0.31327999579906463      ,  -5.1217685760580813E-004
 -0.31241999582201241      ,  -1.4379544195466830E-003
 -0.31155999584496019      ,  -2.4161756408447414E-003
 -0.31069999586790797      ,  -3.4384543125881403E-003
 -0.30983999589085576      ,  -4.4963841741844637E-003
 -0.30897999591380354      ,  -5.5816244173723080E-003
 -0.30811999593675132      ,  -6.6859725987299555E-003
 -0.30725999595969911      ,  -7.8014249703840825E-003
 -0.30639999598264689      ,  -8.9202246352140160E-003
 -0.30553999600559467      ,  -1.0034898245297779E-002
 -0.30467999602854245      ,  -1.1138282193870540E-002
 -0.30381999605149035      ,  -1.2223539408864803E-002
 -0.30295999607443813      ,  -1.3284167949956908E-002
 -0.30209999609738591      ,  -1.4314002652075407E-002
 -0.30123999612033370      ,  -1.5307211057998107E-002
 -0.30037999614328148      ,  -1.6258284852004236E-002
 -0.29951999616622926      ,  -1.7162027955673544E-002
 -0.29865999618917705      ,  -1.8013542384670022E-002
 -0.29779999621212483      ,  -1.8808212899156535E-002
 -0.29693999623507261      ,  -1.9541691416336229E-002
 -0.29607999625802039      ,  -2.0209882096086436E-002
 -0.29521999628096818      ,  -2.0808927962968612E-002
 -0.29435999630391596      ,  -2.1335199892051692E-002
 -0.29349999632686374      ,  -2.1785288762760091E-002
 -0.29263999634981153      ,  -2.2156001573982429E-002
 -0.29177999637275931      ,  -2.2444362313380390E-002
 -0.29091999639570709      ,  -2.2647618381368206E-002
 -0.29005999641865488      ,  -2.2763253381293293E-002
 -0.28919999644160266      ,  -2.2789007095975714E-002
 -0.28833999646455044      ,  -2.2722903469045812E-002
 -0.28747999648749822      ,  -2.2563287387292782E-002
 -0.28661999651044601      ,  -2.2308871004779313E-002
 -0.28575999653339390      ,  -2.1958790245288590E-002
 -0.28489999655634168      ,  -2.1512671948402673E-002
 -0.28403999657928947      ,  -2.0970711865226560E-002
 -0.28317999660223725      ,  -2.0333763339631845E-002
 -0.28231999662518503      ,  -1.9603436006594945E-002
 -0.28145999664813282      ,  -1.8782203179267466E-002
 -0.28059999667108060      ,  -1.7873515764723354E-002
 -0.27973999669402838      ,  -1.6881919538946223E-002
 -0.27887999671697616      ,  -1.5813171435036300E-002
 -0.27801999673992395      ,  -1.4674349189140812E-002
 -0.27715999676287173      ,  -1.3473947312251268E-002
 -0.27629999678581951      ,  -1.2221951017675221E-002
 -0.27543999680876730      ,  -1.0929878582076901E-002
 -0.27457999683171508      ,  -9.6107818438218220E-003
 -0.27371999685466286      ,  -8.2791943715518051E-003
 -0.27285999687761064      ,  -6.9510175087366842E-003
 -0.27199999690055843      ,  -5.6433362390157244E-003
 -0.27113999692350621      ,  -4.3741597829983015E-003
 -0.27027999694645399      ,  -3.1620860757309429E-003
 -0.26941999696940178      ,  -2.0258946644869449E-003
 -0.26855999699234956      ,  -9.8407878258383735E-004
 -0.26769999701529745      ,  -5.4333854180136219E-005
 -0.26683999703824524      ,   7.4697425968163619E-004
 -0.26597999706119302      ,   1.4053331834849080E-003
 -0.26511999708414080      ,   1.9085693334463620E-003
 -0.26425999710708858      ,   2.2472638523139102E-003
 -0.26339999713003637      ,   2.4150714908704350E-003
 -0.26253999715298415      ,   2.4089207703533503E-003
 -0.26167999717593193      ,   2.2290821689996813E-003
 -0.26081999719887972      ,   1.8791009431762215E-003
 -0.25995999722182750      ,   1.3656013477274019E-003
 -0.25909999724477528      ,   6.9797825416007409E-004
 -0.25823999726772306      ,  -1.1200055684476764E-004
 -0.25737999729067085      ,  -1.0506535300398823E-003
 -0.25651999731361863      ,  -2.1028763078193985E-003
 -0.25565999733656641      ,  -3.2526360427686382E-003
 -0.25479999735951420      ,  -4.4834439372538155E-003
 -0.25393999738246198      ,  -5.7787858663614286E-003
 -0.25307999740540976      ,  -7.1224967187108988E-003
 -0.25221999742835755      ,  -8.4990699548282683E-003
 -0.25135999745130533      ,  -9.8938992573527618E-003
 -0.25049999747425311      ,  -1.1293453641927518E-002
 -0.24963999749720100      ,  -1.2685390814083717E-002
 -0.24877999752014879      ,  -1.4058615862599077E-002
 -0.24791999754309657      ,  -1.5403293662965830E-002
 -0.24705999756604435      ,  -1.6710823790868815E-002
 -0.24619999758899214      ,  -1.7973786513924336E-002
 -0.24533999761193992      ,  -1.9185867740676401E-002
 -0.24447999763488770      ,  -2.0341769838879087E-002
 -0.24361999765783549      ,  -2.1437114138201058E-002
 -0.24275999768078327      ,  -2.2468339817534343E-002
 -0.24189999770373105      ,  -1.1608654816765741E-002
 -0.24103999772667883      ,  -1.1611257495238649E-002
 -0.24017999774962662      ,  -1.1532851190197304E-002
 -0.23931999777257440      ,  -1.1373403237030996E-002
 -0.23845999779552218      ,  -1.1133569623397625E-002
 -0.23759999781846997      ,  -1.0814721816265216E-002
 -0.23673999784141775      ,  -1.0418968461431534E-002
 -0.23587999786436553      ,  -9.9491706476070429E-003
 -0.23501999788731331      ,  -9.4089493978894399E-003
 -0.23415999791026110      ,  -8.8026840732001004E-003
 -0.23329999793320888      ,  -8.1355004529021658E-003
 -0.23243999795615666      ,  -7.4132474034469785E-003
 -0.23157999797910456      ,  -6.6424612598730204E-003
 -0.23071999800205234      ,  -5.8303173271581753E-003
 -0.22985999802500012      ,  -4.9845682544252803E-003
 -0.22899999804794791      ,  -4.1134694357562070E-003
 -0.22813999807089569      ,  -3.2256920329959923E-003
 -0.22727999809384347      ,  -2.3302246799829672E-003
 -0.22641999811679125      ,  -1.4362653918870388E-003
 -0.22555999813973904      ,  -5.5310564294722402E-004
 -0.22469999816268682      ,   3.0999103493367002E-004
 -0.22383999818563460      ,   1.1439132664197173E-003
 -0.22297999820858239      ,   1.9398259768132913E-003
 -0.22211999823153017      ,   2.6892914804713263E-003
 -0.22125999825447795      ,   3.3843845500971452E-003
 -0.22039999827742573      ,   4.0177986526640334E-003
 -0.21953999830037352      ,   4.5829408086007304E-003
 -0.21867999832332130      ,   5.0740129098745942E-003
 -0.21781999834626908      ,   5.4860777992437239E-003
 -0.21695999836921687      ,   5.8151089413411346E-003
 -0.21609999839216465      ,   6.0580230772215886E-003
 -0.21523999841511243      ,   6.2126958173736495E-003
 -0.21437999843806022      ,   6.2779606651071447E-003
 -0.21351999846100811      ,   6.2535924471482894E-003
 -0.21265999848395589      ,   6.1402765406705249E-003
 -0.21179999850690368      ,   5.9395656113418391E-003
 -0.21093999852985146      ,   5.6538258072520971E-003
 -0.21007999855279924      ,   5.2861744871154680E-003
 -0.20921999857574702      ,   4.8404116019659287E-003
 -0.20835999859869481      ,   4.3209468064234957E-003
 -0.20749999862164259      ,   3.7327242607364513E-003
 -0.20663999864459037      ,   3.0811469125891721E-003
 -0.20577999866753816      ,   2.3720018334043250E-003
 -0.20491999869048594      ,   1.6113879426470734E-003
 -0.20405999871343372      ,   8.0564719944530624E-004
 -0.20319999873638150      ,  -3.8699914088884992E-005
 -0.20233999875932929      ,  -9.1501403901137878E-004
 -0.20147999878227707      ,  -1.8165913647483455E-003
 -0.20061999880522485      ,  -2.7367126886425862E-003
 -0.19975999882817264      ,  -3.6686871447650996E-003
 -0.19889999885112042      ,  -4.6058907888604159E-003
 -0.19803999887406820      ,  -5.5418003504876072E-003
 -0.19717999889701598      ,  -6.4700225609282680E-003
 -0.19631999891996377      ,  -7.3843195381522175E-003
 -0.19545999894291166      ,  -8.2786307604465672E-003
 -0.19459999896585944      ,  -9.1470921908690522E-003
 -0.19373999898880723      ,  -9.9840531281085946E-003
 -0.19287999901175501      ,  -1.0784091358143556E-002
 -0.19201999903470279      ,  -1.1542027167465246E-002
 -0.19115999905765058      ,  -1.2252936754457353E-002
 -0.19029999908059836      ,  -1.2912165542219507E-002
 -0.18943999910354614      ,  -1.3515341854723811E-002
 -0.18857999912649392      ,  -1.4058391369313361E-002
 -0.18771999914944171      ,  -1.4537552702428912E-002
 -0.18685999917238949      ,  -1.4949394422015629E-002
 -0.18599999919533727      ,  -1.5290833708994136E-002
 -0.18513999921828506      ,  -1.5559156811015129E-002
 -0.18427999924123284      ,  -1.5752041343946723E-002
 -0.18341999926418062      ,  -1.5867580399743515E-002
 -0.18255999928712840      ,  -1.5904308313325923E-002
 -0.18169999931007619      ,  -1.5861227826047004E-002
 -0.18083999933302397      ,  -1.5737838259990675E-002
 -0.17997999935597175      ,  -1.5534164187198784E-002
 -0.17911999937891954      ,  -1.5250783943330220E-002
 -0.17825999940186732      ,  -1.4888857199611052E-002
 -0.17739999942481521      ,  -1.4450150674784451E-002
 -0.17653999944776300      ,  -1.3937060945847662E-002
 -0.17567999947071078      ,  -1.3352633209567049E-002
 -0.17481999949365856      ,  -1.2700574763988420E-002
 -0.17395999951660635      ,  -1.1985261929065410E-002
 -0.17309999953955413      ,  -1.1211739117065245E-002
 -0.17223999956250191      ,  -1.0385708805294028E-002
 -0.17137999958544969      ,  -9.5135112636482878E-003
 -0.17051999960839748      ,  -8.6020930534824493E-003
 -0.16965999963134526      ,  -7.6589635455504429E-003
 -0.16879999965429304      ,  -6.6921390030255856E-003
 -0.16793999967724083      ,  -5.7100741362440931E-003
 -0.16707999970018861      ,  -4.7215814494168517E-003
 -0.16621999972313639      ,  -3.7357391516637602E-003
 -0.16535999974608417      ,  -2.7617888761198371E-003
 -0.16449999976903196      ,  -1.8090249182615571E-003
 -0.16363999979197974      ,  -8.8667714194879375E-004
 -0.16277999981492752      ,  -3.7900818262142801E-006
 -0.16191999983787531      ,   8.3089893248703317E-004
 -0.16105999986082309      ,   1.6090796145183670E-003
 -0.16019999988377098      ,   2.3229834389008057E-003
 -0.15933999990671877      ,   2.9654902243797785E-003
 -0.15847999992966655      ,   3.5302237708375560E-003
 -0.15761999995261433      ,   4.0116340718715790E-003
 -0.15675999997556211      ,   4.4050640697023465E-003
 -0.15589999999850990      ,   4.7067994532786804E-003
 -0.15504000002145768      ,   4.9141005936706112E-003
 -0.15418000004440546      ,   5.0252163300256421E-003
 -0.15332000006735325      ,   5.0393799305518691E-003
 -0.15246000009030103      ,   4.9567881241001010E-003
 -0.15160000011324881      ,   4.7785646011216619E-003
 -0.15074000013619659      ,   4.5067097963415780E-003
 -0.14988000015914438      ,   4.1440390749335572E-003
 -0.14902000018209216      ,   3.6941116425171284E-003
 -0.14816000020503994      ,   3.1611525875267711E-003
 -0.14730000022798773      ,   2.5499704495598593E-003
 -0.14644000025093551      ,   1.8658726015433648E-003
 -0.14558000027388329      ,   1.1145805529751093E-003
 -0.14472000029683108      ,   3.0214704413468555E-004
 -0.14386000031977886      ,  -5.6512347441336770E-004
 -0.14300000034272664      ,  -1.4807496787243562E-003
 -0.14214000036567453      ,  -2.4381425269835049E-003
 -0.14128000038862232      ,  -3.4306680273190164E-003
 -0.14042000041157010      ,  -4.4517031834911559E-003
 -0.13956000043451788      ,  -5.4946849286210669E-003
 -0.13870000045746567      ,  -6.5531520695679525E-003
 -0.13784000048041345      ,  -7.6207804425358532E-003
 -0.13698000050336123      ,  -8.6914116237724014E-003
 -0.13612000052630902      ,  -9.7590756492728289E-003
 -0.13526000054925680      ,  -1.0818008276903705E-002
 -0.13440000057220458      ,  -1.1862663376801494E-002
 -0.13354000059515236      ,  -1.2887721065207858E-002
 -0.13268000061810015      ,  -1.3888092207146237E-002
 -0.13182000064104793      ,  -1.4858919908486527E-002
 -0.13096000066399571      ,  -1.5795578601688825E-002
 -0.13010000068694350      ,  -1.6693671305170556E-002
 -0.12924000070989128      ,  -1.7549025606665242E-002
 -0.12838000073283906      ,  -1.8357688888503053E-002
 -0.12752000075578684      ,  -1.9115923279326184E-002
 -0.12666000077873463      ,  -1.9820200783761323E-002
 -0.12580000080168241      ,  -2.0467199009965950E-002
 -0.12494000082463019      ,  -2.1053797885284789E-002
 -0.12408000084757809      ,  -2.1577077722649999E-002
 -0.12322000087052587      ,  -2.2034318974635762E-002
 -0.12236000089347365      ,  -2.2423003987694427E-002
 -0.12150000091642144      ,  -2.2740821045220874E-002
 -0.12064000093936922      ,  -2.2985670963561435E-002
 -0.11978000096231700      ,  -2.3155676478491191E-002
 -0.11892000098526478      ,  -2.3249194629331366E-002
 -0.11806000100821257      ,  -2.3264832311828625E-002
 -0.11720000103116035      ,  -2.3201465127012141E-002
 -0.11634000105410813      ,  -2.3058259599148520E-002
 -0.11548000107705592      ,  -2.2834698769186933E-002
 -0.11462000110000370      ,  -2.2530611088287002E-002
 -0.11376000112295148      ,  -2.2146202436835568E-002
 -0.11290000114589926      ,  -2.1682090975805965E-002
 -0.11204000116884705      ,  -2.1139344397977280E-002
 -0.11118000119179483      ,  -2.0519518985868422E-002
 -0.11032000121474261      ,  -1.9824699701940174E-002
 -0.10946000123769040      ,  -1.9057540337000019E-002
 -0.10860000126063818      ,  -1.8221302529194544E-002
 -0.10774000128358596      ,  -1.7319892245370158E-002
 -0.10688000130653375      ,  -1.6357892098638523E-002
 -0.10602000132948164      ,  -1.5340587673505228E-002
 -0.10516000135242942      ,  -1.4273985858807436E-002
 -0.10430000137537720      ,  -1.3164823067692654E-002
 -0.10344000139832499      ,  -1.2020561173823031E-002
 -0.10258000142127277      ,  -1.0849369035789397E-002
 -0.10172000144422055      ,  -9.6600876385494177E-003
 -0.10086000146716834      ,  -8.4621771698954219E-003
 -0.10000000149011612      ,  -7.2656447843875678E-003
