  0.9471105    
   1.023950    
   1.007163    
  0.9615586    
   1.044813    
  0.9840054    
   1.057513    
   1.013132    
   1.057393    
   1.017750    
  0.9980451    
   1.079546    
   1.068107    
   1.086746    
   1.089052    
   1.075992    
   1.103483    
   1.091720    
   1.056134    
   1.086342    
   1.057312    
   1.082156    
   1.072225    
   1.137975    
   1.051245    
   1.143091    
   1.146557    
   1.061873    
   1.145781    
   1.140821    
   1.146641    
   1.173723    
   1.141326    
   1.115992    
   1.139337    
   1.187129    
   1.159817    
   1.163568    
   1.150723    
   1.115885    
   1.140415    
   1.170432    
   1.225021    
   1.199689    
   1.223163    
   1.170478    
   1.171135    
   1.231445    
   1.195084    
   1.179024    
   1.204446    
   1.206469    
   1.284755    
   1.278754    
   1.284822    
   1.272879    
   1.229749    
   1.262860    
   1.219762    
   1.260391    
   1.268604    
   1.248719    
   1.295768    
   1.229953    
   1.338877    
   1.257849    
   1.297600    
   1.307788    
   1.362867    
   1.331365    
   1.360340    
   1.302587    
   1.349150    
   1.401450    
   1.328034    
   1.362197    
   1.322093    
   1.324790    
   1.333044    
   1.363358    
   1.359593    
   1.417139    
   1.448472    
   1.365141    
   1.353157    
   1.449881    
   1.379145    
   1.480313    
   1.401644    
   1.501513    
   1.428917    
   1.457745    
   1.401237    
   1.424048    
   1.501903    
   1.481613    
   1.470726    
   1.575942    
   1.479581    
   1.448273    
   1.504704    
   1.583406    
   1.557766    
   1.576558    
   1.524152    
   1.572498    
   1.504497    
   1.647404    
   1.581997    
   1.565920    
   1.652306    
   1.564249    
   1.554526    
   1.687391    
   1.672416    
   1.586610    
   1.591045    
   1.672055    
   1.680972    
   1.652218    
   1.619768    
   1.648057    
   1.727962    
   1.678158    
   1.664524    
   1.777500    
   1.690851    
   1.780823    
   1.727812    
   1.677169    
   1.711923    
   1.777907    
   1.847250    
   1.853108    
   1.798677    
   1.751451    
   1.811875    
   1.878826    
   1.855251    
   1.765798    
   1.903302    
   1.895266    
   1.844471    
   1.922794    
   1.916013    
   1.881040    
   1.889948    
   1.905717    
   1.922609    
   1.972094    
   1.981663    
   1.865587    
   1.937322    
   1.982512    
   1.968774    
   1.942216    
   1.979877    
   2.034869    
   2.005259    
   1.936854    
   1.957893    
   1.965562    
   2.070174    
   2.073368    
   2.055337    
   2.069648    
   2.152043    
   2.141248    
   2.162952    
   2.120666    
   2.172006    
   2.066346    
   2.254194    
   2.194141    
   2.281806    
   2.264726    
   2.262420    
   2.131611    
   2.174994    
   2.145743    
   2.273887    
   2.215763    
   2.269979    
   2.380033    
   2.344718    
   2.266948    
   2.275263    
   2.369800    
   2.262807    
   2.452415    
   2.328710    
   2.320294    
   2.490047    
   2.457922    
   2.369129    
   2.372437    
   2.488140    
   2.349416    
   2.502365    
   2.532169    
   2.422713    
   2.427552    
   2.528458    
   2.458081    
   2.606296    
   2.647184    
   2.561526    
   2.581954    
   2.657063    
   2.492696    
   2.572347    
   2.741714    
   2.651846    
   2.546041    
   2.748152    
   2.802993    
   2.672511    
   2.751808    
   2.828530    
   2.752565    
   2.663857    
   2.781262    
   2.845814    
   2.655849    
   2.675262    
   2.933920    
   2.736203    
   2.716914    
   2.878761    
   2.889677    
   2.746202    
   2.778814    
   2.980378    
   2.897899    
   2.921173    
   3.045619    
   2.968360    
   3.100903    
   3.032298    
   2.941736    
   3.137795    
   3.157941    
   3.199756    
   2.985160    
   3.011048    
   3.230452    
   2.979984    
   3.021633    
   3.098643    
   3.197431    
   3.045866    
   3.048234    
   3.223103    
   3.324128    
   3.162196    
   3.350348    
   3.114172    
   3.410619    
   3.401204    
   3.282331    
   3.363242    
   3.451987    
   3.260138    
   3.289761    
   3.519041    
   3.357155    
   3.572857    
   3.393463    
   3.473611    
   3.443982    
   3.452793    
   3.656450    
   3.491540    
   3.609164    
   3.535199    
   3.601993    
   3.538200    
   3.504210    
   3.755662    
   3.621055    
   3.654703    
   3.583524    
   3.675054    
   3.808105    
   3.716097    
   3.687068    
   3.695929    
   3.726226    
   3.711470    
   3.606489    
   3.789034    
   3.644096    
   3.703922    
   3.927827    
   4.025255    
   3.737959    
   4.017560    
   3.882215    
   3.974289    
   3.902372    
   3.926405    
   4.047852    
   4.163428    
   3.898466    
   3.823107    
   4.071384    
   3.955160    
   3.942035    
   3.926236    
   4.089566    
   4.250553    
   4.225513    
   4.065425    
   4.134717    
   4.085704    
   4.102711    
   4.225241    
   4.186938    
   4.415357    
   4.406144    
   4.091233    
   4.454779    
   4.269464    
   4.409393    
   4.237912    
   4.165334    
   4.464705    
   4.264155    
   4.191222    
   4.501289    
   4.380937    
   4.245661    
   4.390450    
   4.557317    
   4.405188    
   4.385064    
   4.264892    
   4.610844    
   4.376707    
   4.596860    
   4.476140    
   4.619618    
   4.334828    
   4.749150    
   4.484240    
   4.416131    
   4.717831    
   4.611350    
   4.809166    
   4.777022    
   4.551845    
   4.638937    
   4.746606    
   4.689426    
   4.502791    
   4.739352    
   4.680302    
   4.547922    
   4.465793    
   4.790899    
   4.603621    
   4.639273    
   4.865055    
   4.887030    
   4.708192    
   4.583393    
   4.820192    
   4.940660    
   4.593292    
   4.972089    
   4.802712    
   4.943408    
   4.995872    
   4.680007    
   4.947269    
   4.601797    
   4.824629    
   4.815702    
   4.947253    
   4.962821    
   4.950478    
   4.604162    
   4.912185    
   4.710464    
   4.979785    
   5.042557    
   4.744043    
   4.799264    
   5.061178    
   5.025736    
   4.939551    
   4.952882    
   4.860434    
   4.664659    
   4.732900    
   4.654863    
   5.060920    
   4.940923    
   5.051334    
   4.645894    
   5.052286    
   4.736260    
   4.977506    
   4.902298    
   4.661437    
   4.749855    
   4.769836    
   4.914568    
   4.782909    
   4.992188    
   4.824824    
   4.890030    
   4.984138    
   4.732758    
   4.898378    
   4.643085    
   4.669538    
   4.726776    
   4.718180    
   4.930896    
   4.900821    
   4.607927    
   4.675984    
   4.624181    
   4.672261    
   4.892526    
   4.945818    
   4.755126    
   4.569253    
   4.755650    
   4.611841    
   4.556361    
   4.692110    
   4.870881    
   4.507578    
   4.713111    
   4.595513    
   4.484714    
   4.515845    
   4.621975    
   4.680689    
   4.669514    
   4.742607    
   4.372468    
   4.386898    
   4.576726    
   4.334856    
   4.483280    
   4.327032    
   4.334589    
   4.626976    
   4.469558    
   4.421900    
   4.267849    
   4.342624    
   4.239758    
   4.513097    
   4.418243    
   4.584485    
   4.316396    
   4.513340    
   4.202870    
   4.249811    
   4.538504    
   4.507245    
   4.252839    
   4.218020    
   4.178930    
   4.390550    
   4.369514    
   4.446929    
   4.298361    
   4.234961    
   4.242686    
   4.028152    
   4.113596    
   4.066060    
   4.020372    
   3.993583    
   4.052528    
   4.127954    
   4.108048    
   4.213874    
   3.929828    
   4.027959    
   4.115532    
   4.130256    
   4.144775    
   3.965961    
   4.123179    
   3.953924    
   4.097054    
   3.777687    
   4.026586    
   3.896865    
   3.789352    
   3.896585    
   3.791697    
   3.885058    
   3.959461    
   3.906747    
   3.838478    
   3.782659    
   3.688146    
   3.846414    
   3.574158    
   3.581259    
   3.761379    
   3.772772    
   3.553337    
   3.571848    
   3.662414    
   3.692354    
   3.667954    
   3.409933    
   3.728984    
   3.606787    
   3.383443    
   3.577613    
   3.492002    
   3.627370    
   3.480775    
   3.417577    
   3.303285    
   3.256972    
   3.422457    
   3.406871    
   3.519013    
   3.366273    
   3.321795    
   3.326714    
   3.434135    
   3.254651    
   3.158764    
   3.254623    
   3.330385    
   3.263890    
   3.355507    
   3.256329    
   3.176910    
   3.247447    
   3.017171    
   3.248868    
   3.151695    
   3.238233    
   3.229877    
   3.153979    
   3.055122    
   3.074911    
   2.905148    
   3.012111    
   3.028072    
   3.017245    
   3.100360    
   2.866777    
   2.941617    
   3.047045    
   2.874994    
   2.817714    
   3.014850    
   2.886396    
   2.874571    
   2.907063    
   2.860200    
   2.715801    
   2.880250    
   2.916399    
   2.791285    
   2.828736    
   2.755686    
   2.774150    
   2.706302    
   2.670048    
   2.695995    
   2.776222    
   2.664209    
   2.536013    
   2.607462    
   2.710716    
   2.714085    
   2.639899    
   2.532349    
   2.676133    
   2.565357    
   2.659488    
   2.515177    
   2.630620    
   2.424117    
   2.456685    
   2.484094    
   2.439456    
   2.408955    
   2.508479    
   2.496552    
   2.349188    
   2.347783    
   2.432548    
   2.508850    
   2.326799    
   2.302213    
   2.369262    
   2.269618    
   2.438265    
   2.414862    
   2.368634    
   2.237611    
   2.223141    
   2.274512    
   2.302703    
   2.243836    
   2.222830    
   2.302697    
   2.197430    
   2.226104    
   2.281172    
   2.191006    
   2.088575    
   2.168046    
   2.228178    
   2.112721    
   2.176965    
   2.198248    
   2.052436    
   2.116913    
   2.152253    
   2.095631    
   2.134331    
   2.002659    
   2.109350    
   2.108786    
   2.120744    
   1.989104    
   2.029283    
   2.010922    
   2.009333    
   1.896253    
   1.887313    
   1.907811    
   1.931286    
   1.915151    
   2.017113    
   1.935907    
   1.915455    
   1.842208    
   1.986002    
   1.910978    
   1.928215    
   1.826732    
   1.856084    
   1.917811    
   1.765458    
   1.848064    
   1.805601    
   1.777809    
   1.728366    
   1.843392    
   1.739365    
   1.860451    
   1.789500    
   1.815343    
   1.699242    
   1.690810    
   1.681869    
   1.701188    
   1.679093    
   1.787053    
   1.778926    
   1.695588    
   1.694369    
   1.671391    
   1.602278    
   1.655179    
   1.631618    
   1.611745    
   1.672901    
   1.616403    
   1.602486    
   1.644032    
   1.596239    
   1.565835    
   1.665110    
   1.554845    
   1.656765    
   1.630611    
   1.627564    
   1.525358    
   1.577753    
   1.507200    
   1.530606    
   1.564009    
   1.518224    
   1.578524    
   1.486827    
   1.526716    
   1.551619    
   1.499699    
   1.450134    
   1.462433    
   1.529660    
   1.422107    
   1.453384    
   1.391914    
   1.474698    
   1.433087    
   1.442208    
   1.443914    
   1.395267    
   1.471997    
   1.354254    
   1.455742    
   1.434034    
   1.340907    
   1.433416    
   1.412856    
   1.417078    
   1.314834    
   1.325758    
   1.287121    
   1.351648    
   1.292725    
   1.349652    
   1.273883    
   1.362207    
   1.262808    
   1.319314    
   1.334507    
   1.239108    
   1.292544    
   1.305842    
   1.260878    
   1.325045    
   1.240256    
   1.222130    
   1.311550    
   1.210206    
   1.269307    
   1.229410    
   1.242857    
   1.263387    
   1.223676    
   1.186278    
