  0.9608007    
  0.9868786    
  0.9745692    
  0.9169552    
  0.9423953    
  0.9907106    
  0.9935303    
  0.9265671    
  0.9467775    
  0.9658810    
   1.000824    
   1.013544    
   1.006858    
  0.9893302    
  0.9710442    
  0.9923738    
   1.011547    
   1.014461    
  0.9665427    
  0.9527407    
  0.9581821    
   1.000302    
  0.9751086    
  0.9849520    
   1.016958    
   1.001416    
  0.9977316    
  0.9959660    
   1.036373    
  0.9922130    
   1.007243    
   1.018236    
   1.018970    
   1.004824    
   1.089864    
   1.027048    
   1.085676    
   1.072456    
   1.032453    
   1.094555    
   1.097709    
   1.095557    
   1.035759    
   1.071339    
   1.082952    
   1.041024    
   1.128843    
   1.126390    
   1.075795    
   1.050608    
   1.106519    
   1.102825    
   1.134961    
   1.135311    
   1.129635    
   1.088835    
   1.087620    
   1.147354    
   1.083977    
   1.166662    
   1.128228    
   1.170624    
   1.117074    
   1.120026    
   1.159681    
   1.144948    
   1.192357    
   1.116210    
   1.111611    
   1.185891    
   1.176305    
   1.226784    
   1.176067    
   1.188294    
   1.173545    
   1.232651    
   1.196854    
   1.206123    
   1.259877    
   1.216264    
   1.154938    
   1.230908    
   1.270399    
   1.195938    
   1.226943    
   1.261670    
   1.245658    
   1.244132    
   1.263553    
   1.250987    
   1.228083    
   1.240381    
   1.277764    
   1.231803    
   1.269060    
   1.277779    
   1.286764    
   1.288507    
   1.276645    
   1.232005    
   1.320536    
   1.285937    
   1.313838    
   1.251246    
   1.295192    
   1.291804    
   1.357413    
   1.279656    
   1.331329    
   1.362805    
   1.381137    
   1.280337    
   1.367152    
   1.346820    
   1.378821    
   1.308504    
   1.418976    
   1.388435    
   1.311319    
   1.351462    
   1.318063    
   1.419651    
   1.433917    
   1.439964    
   1.409595    
   1.366426    
   1.344790    
   1.451622    
   1.392065    
   1.444587    
   1.361818    
   1.389906    
   1.410135    
   1.495685    
   1.485485    
   1.466825    
   1.411500    
   1.476274    
   1.483391    
   1.502662    
   1.478102    
   1.417825    
   1.439919    
   1.525252    
   1.463151    
   1.479537    
   1.464449    
   1.552679    
   1.523087    
   1.557532    
   1.484196    
   1.589102    
   1.576952    
   1.468611    
   1.536211    
   1.525296    
   1.610005    
   1.537796    
   1.492893    
   1.537555    
   1.598644    
   1.544320    
   1.607814    
   1.600450    
   1.644454    
   1.642214    
   1.581104    
   1.640060    
   1.569255    
   1.686592    
   1.559155    
   1.673596    
   1.690173    
   1.698184    
   1.630702    
   1.668278    
   1.650139    
   1.714113    
   1.667409    
   1.681832    
   1.715532    
   1.668996    
   1.769278    
   1.660531    
   1.637951    
   1.776798    
   1.786560    
   1.783352    
   1.803398    
   1.667092    
   1.754916    
   1.673249    
   1.795262    
   1.796815    
   1.835263    
   1.740603    
   1.717757    
   1.853980    
   1.783059    
   1.807456    
   1.715437    
   1.797946    
   1.854342    
   1.859110    
   1.741558    
   1.883401    
   1.897204    
   1.793167    
   1.818841    
   1.775256    
   1.861273    
   1.875976    
   1.918467    
   1.914300    
   1.870055    
   1.859774    
   1.941015    
   1.897339    
   1.820916    
   1.984142    
   1.996361    
   1.848163    
   1.893457    
   1.977672    
   2.006941    
   1.864914    
   2.007933    
   1.943525    
   2.057292    
   1.911405    
   1.938132    
   2.032127    
   1.913099    
   1.909727    
   2.095235    
   2.061744    
   2.073593    
   1.946265    
   2.013748    
   1.995720    
   2.030316    
   2.084463    
   2.000543    
   2.168003    
   2.159395    
   2.061950    
   2.027008    
   2.041735    
   2.009901    
   2.061893    
   2.040502    
   2.132335    
   2.185050    
   2.186635    
   2.152267    
   2.121827    
   2.148277    
   2.069038    
   2.171027    
   2.240983    
   2.263569    
   2.238990    
   2.168497    
   2.197143    
   2.114719    
   2.165130    
   2.194382    
   2.151898    
   2.180236    
   2.333663    
   2.283449    
   2.162298    
   2.270084    
   2.201535    
   2.359486    
   2.269124    
   2.203261    
   2.361526    
   2.283334    
   2.364082    
   2.233489    
   2.242495    
   2.331806    
   2.421867    
   2.380355    
   2.332197    
   2.311435    
   2.452116    
   2.460374    
   2.470917    
   2.494007    
   2.310247    
   2.349654    
   2.379560    
   2.358630    
   2.490719    
   2.416894    
   2.363200    
   2.442726    
   2.514190    
   2.446779    
   2.527627    
   2.550928    
   2.408368    
   2.587399    
   2.473255    
   2.503028    
   2.528794    
   2.410979    
   2.497340    
   2.571836    
   2.512002    
   2.570546    
   2.669863    
   2.509020    
   2.528249    
   2.524688    
   2.604882    
   2.499661    
   2.489470    
   2.505484    
   2.637016    
   2.548837    
   2.718158    
   2.519520    
   2.713500    
   2.673568    
   2.527994    
   2.735115    
   2.693414    
   2.694108    
   2.629848    
   2.711488    
   2.713048    
   2.574813    
   2.747595    
   2.599691    
   2.660225    
   2.604463    
   2.844578    
   2.731344    
   2.616455    
   2.717939    
   2.706494    
   2.784353    
   2.703953    
   2.837767    
   2.745122    
   2.746577    
   2.790392    
   2.671947    
   2.915081    
   2.785418    
   2.751508    
   2.782789    
   2.965746    
   2.787912    
   2.754338    
   2.816454    
   2.940441    
   2.848539    
   2.881474    
   2.862761    
   2.793118    
   3.021289    
   2.920484    
   3.020490    
   2.974755    
   2.821430    
   3.019074    
   2.793423    
   2.792687    
   2.896269    
   3.020746    
   2.912394    
   3.019380    
   2.975687    
   2.898592    
   2.839565    
   3.081065    
   3.089551    
   2.868518    
   2.890156    
   2.894478    
   2.916921    
   3.131570    
   3.143569    
   2.942207    
   3.118808    
   3.028666    
   2.884018    
   3.108732    
   2.969298    
   2.958081    
   3.037726    
   2.921518    
   3.149063    
   2.960868    
   2.952364    
   3.161320    
   3.142100    
   3.006691    
   3.129059    
   3.082629    
   3.163023    
   3.069236    
   3.157587    
   3.087402    
   3.176387    
   3.254467    
   3.038271    
   3.035771    
   3.098585    
   3.255176    
   3.190835    
   3.176847    
   3.212599    
   3.027374    
   3.195773    
   3.248487    
   3.014448    
   3.106616    
   3.276033    
   3.133349    
   3.101329    
   3.075857    
   3.152864    
   3.075105    
   3.205847    
   3.181127    
   3.223175    
   3.139237    
   3.257036    
   3.225977    
   3.115142    
   3.258947    
   3.134307    
   3.093379    
   3.114061    
   3.239216    
   3.102643    
   3.059150    
   3.159347    
   3.309255    
   3.274295    
   3.346633    
   3.174046    
   3.110399    
   3.239596    
   3.211832    
   3.170989    
   3.230262    
   3.145864    
   3.192142    
   3.368439    
   3.271341    
   3.349614    
   3.099292    
   3.251115    
   3.183660    
   3.082944    
   3.292785    
   3.141061    
   3.081612    
   3.247666    
   3.090160    
   3.209904    
   3.371525    
   3.137972    
   3.358393    
   3.203825    
   3.350758    
   3.361015    
   3.169876    
   3.157553    
   3.359025    
   3.179957    
   3.306893    
   3.276427    
   3.099931    
   3.300039    
   3.200789    
   3.113183    
   3.343257    
   3.333529    
   3.181973    
   3.348467    
   3.143438    
   3.278795    
   3.298687    
   3.070446    
   3.240794    
   3.126646    
   3.156295    
   3.060462    
   3.066962    
   3.253991    
   3.323304    
   3.226624    
   3.243717    
   3.238710    
   3.108672    
   3.137201    
   3.245475    
   3.322436    
   3.057750    
   3.305684    
   3.033297    
   3.068398    
   3.123622    
   3.092742    
   3.175307    
   3.016543    
   3.177789    
   3.069583    
   3.134775    
   3.213100    
   3.185865    
   3.052959    
   3.233844    
   3.264138    
   3.070009    
   3.037668    
   2.993668    
   3.067098    
   3.167548    
   2.969177    
   3.200560    
   3.055178    
   3.004489    
   3.141557    
   2.983890    
   3.192325    
   3.024212    
   3.188749    
   3.170849    
   3.192998    
   3.147297    
   2.985874    
   2.925569    
   3.060647    
   3.071227    
   3.064717    
   3.073457    
   3.062219    
   3.116231    
   2.951842    
   3.159802    
   3.030825    
   2.967506    
   2.938311    
   3.002070    
   3.123296    
   2.882128    
   3.006441    
   2.875456    
   2.978654    
   3.088778    
   3.012296    
   2.827311    
   3.015518    
   2.811984    
   2.919029    
   3.063912    
   2.800053    
   2.923695    
   2.775963    
   2.956367    
   2.915170    
   2.822755    
   2.956550    
   3.013963    
   3.011794    
   2.743687    
   2.954351    
   2.785044    
   2.907506    
   2.904275    
   2.943425    
   2.942683    
   2.845270    
   2.950405    
   2.927857    
   2.726001    
   2.885242    
   2.707175    
   2.736567    
   2.708927    
   2.871011    
   2.649149    
   2.849200    
   2.691768    
   2.738147    
   2.761260    
   2.757022    
   2.860533    
   2.788789    
   2.717696    
   2.803989    
   2.774913    
   2.770182    
   2.816902    
   2.621237    
   2.763466    
   2.640302    
   2.613297    
   2.603058    
   2.551560    
   2.634701    
   2.679917    
   2.553995    
   2.751361    
   2.554083    
   2.632784    
   2.622630    
   2.695583    
   2.683827    
   2.537887    
   2.509697    
   2.690922    
   2.513222    
   2.567127    
   2.489128    
   2.501256    
   2.501574    
   2.598869    
   2.476996    
   2.606518    
   2.609707    
   2.470140    
   2.408646    
   2.407326    
   2.470333    
   2.560365    
   2.496359    
   2.417858    
   2.353743    
   2.499862    
   2.462809    
   2.360110    
   2.375519    
   2.340724    
   2.333425    
   2.453480    
   2.441675    
   2.459363    
   2.495933    
   2.306700    
   2.345316    
   2.466488    
   2.387441    
   2.366196    
   2.332578    
   2.266807    
   2.301840    
   2.394600    
   2.253002    
   2.385455    
   2.336605    
   2.382867    
   2.225351    
   2.172353    
   2.310919    
   2.194604    
   2.361826    
   2.338261    
   2.205503    
   2.201036    
   2.176090    
   2.190091    
   2.188830    
   2.118549    
   2.196619    
   2.221000    
   2.205703    
   2.207832    
   2.199935    
   2.174470    
   2.124941    
   2.257395    
   2.140618    
   2.176579    
   2.156069    
   2.158883    
   2.166942    
   2.093238    
   2.181939    
   2.029606    
   2.183400    
   2.133804    
   2.090563    
   1.985348    
   2.069154    
   2.075924    
   1.986047    
   1.953662    
   2.033895    
   1.944098    
   1.953450    
   2.074995    
   2.042546    
   2.057568    
   1.950050    
   1.963291    
   2.029682    
   1.970609    
   2.052292    
   2.025769    
   2.058335    
   1.917069    
   2.019166    
   1.919280    
   1.927944    
   1.985762    
   1.983899    
   1.945695    
   1.933030    
   1.943439    
   1.822399    
   1.914416    
   1.907516    
   1.848180    
   1.799613    
   1.883666    
   1.805513    
   1.890681    
   1.842452    
   1.904944    
   1.920205    
   1.779127    
   1.757771    
   1.787879    
   1.889787    
   1.883805    
   1.833282    
   1.841993    
   1.759289    
   1.842555    
   1.803776    
   1.824368    
   1.686122    
   1.719640    
   1.758150    
   1.788070    
   1.762986    
   1.770827    
   1.710941    
   1.678057    
   1.664297    
   1.731691    
   1.655133    
   1.733303    
   1.725452    
   1.644915    
   1.685067    
   1.663654    
   1.631095    
   1.663227    
   1.684605    
   1.705846    
   1.659006    
   1.725775    
   1.582110    
   1.687544    
   1.608689    
   1.633871    
   1.545199    
   1.637329    
   1.668134    
   1.655453    
   1.666004    
   1.588233    
   1.580350    
   1.565041    
   1.555366    
   1.610617    
   1.561493    
   1.636948    
   1.578099    
   1.540971    
   1.559018    
   1.550056    
   1.564363    
   1.476698    
   1.525744    
   1.452513    
   1.566471    
   1.463956    
   1.512863    
   1.496069    
   1.550307    
   1.465583    
   1.481993    
   1.546740    
   1.452826    
   1.468363    
   1.415904    
   1.412241    
   1.483406    
   1.515244    
   1.399089    
   1.483495    
   1.490843    
   1.481933    
   1.380891    
   1.453024    
   1.456836    
   1.472777    
   1.467287    
   1.402700    
   1.342247    
   1.434531    
   1.329764    
   1.434446    
   1.433593    
   1.372095    
   1.368194    
   1.408664    
   1.389820    
   1.376514    
   1.361948    
   1.360407    
   1.368304    
   1.301730    
   1.397209    
   1.330228    
   1.330648    
   1.318356    
   1.354125    
   1.375652    
   1.322131    
   1.291097    
   1.293821    
   1.289327    
   1.306510    
   1.297257    
   1.345204    
   1.306185    
   1.248845    
   1.215336    
   1.234833    
   1.320962    
   1.313289    
   1.270658    
   1.308885    
   1.262942    
   1.298023    
   1.266706    
   1.262489    
   1.284793    
   1.235821    
   1.235389    
   1.213964    
   1.247554    
   1.198980    
   1.186611    
   1.165202    
   1.178046    
   1.210248    
   1.217738    
   1.191754    
