  0.9118841    
  0.9486951    
  0.8855981    
  0.8978684    
  0.9486340    
  0.8955271    
  0.9482418    
  0.8990172    
  0.9808599    
  0.9824004    
  0.9977631    
  0.9831012    
  0.9595183    
  0.9859383    
   1.005679    
  0.9937394    
  0.9935677    
  0.9933135    
  0.9583842    
   1.008900    
   1.054595    
   1.006187    
   1.032413    
  0.9874107    
   1.000340    
   1.021805    
   1.013395    
   1.094993    
   1.058810    
   1.045392    
   1.108117    
   1.101237    
   1.050835    
   1.102383    
   1.067299    
   1.050118    
   1.153294    
   1.080003    
   1.083272    
   1.098707    
   1.148455    
   1.181429    
   1.112513    
   1.141477    
   1.109827    
   1.203476    
   1.122107    
   1.235024    
   1.152316    
   1.138441    
   1.222598    
   1.190099    
   1.243962    
   1.209555    
   1.211432    
   1.255892    
   1.205968    
   1.206920    
   1.282188    
   1.231336    
   1.336504    
   1.262944    
   1.276061    
   1.332017    
   1.332558    
   1.348383    
   1.300292    
   1.348404    
   1.346248    
   1.412562    
   1.405838    
   1.408463    
   1.422802    
   1.373827    
   1.396313    
   1.338105    
   1.352513    
   1.427416    
   1.494962    
   1.376253    
   1.381451    
   1.521605    
   1.529830    
   1.465441    
   1.413276    
   1.480764    
   1.446158    
   1.453093    
   1.494481    
   1.547396    
   1.597987    
   1.555287    
   1.495807    
   1.573994    
   1.583966    
   1.528444    
   1.557168    
   1.610384    
   1.691999    
   1.590450    
   1.649186    
   1.597908    
   1.703855    
   1.739930    
   1.620777    
   1.699511    
   1.655269    
   1.799137    
   1.704942    
   1.682320    
   1.826145    
   1.743870    
   1.758309    
   1.833986    
   1.807228    
   1.863381    
   1.897697    
   1.837230    
   1.922624    
   1.885886    
   1.912549    
   1.909370    
   1.995954    
   1.937260    
   2.001741    
   2.015307    
   1.935058    
   1.894630    
   2.024959    
   1.926044    
   2.069833    
   1.995748    
   2.131252    
   2.159167    
   2.095068    
   2.089265    
   2.180748    
   2.114638    
   2.057906    
   2.175238    
   2.274046    
   2.254064    
   2.144643    
   2.315827    
   2.254400    
   2.369020    
   2.249291    
   2.322719    
   2.320349    
   2.286283    
   2.299251    
   2.395743    
   2.311025    
   2.472548    
   2.518686    
   2.381846    
   2.413787    
   2.476071    
   2.506825    
   2.529033    
   2.651261    
   2.675752    
   2.492435    
   2.521304    
   2.726025    
   2.518317    
   2.690410    
   2.607451    
   2.612046    
   2.751937    
   2.703205    
   2.822940    
   2.783755    
   2.897024    
   2.957970    
   2.922604    
   3.006185    
   2.956256    
   2.926090    
   2.952534    
   3.107580    
   3.016891    
   3.086036    
   2.992310    
   2.937457    
   3.198403    
   2.983498    
   3.230510    
   3.079213    
   3.127722    
   3.149320    
   3.374349    
   3.267946    
   3.213232    
   3.237933    
   3.517807    
   3.449558    
   3.296008    
   3.376725    
   3.473603    
   3.557647    
   3.432995    
   3.603812    
   3.681463    
   3.788756    
   3.765653    
   3.748777    
   3.613086    
   3.886203    
   3.781950    
   3.907393    
   3.929375    
   3.700315    
   3.842449    
   3.909701    
   3.947331    
   4.037560    
   4.097961    
   4.196673    
   4.264645    
   3.973433    
   4.136414    
   4.268192    
   4.235839    
   4.104295    
   4.448293    
   4.234506    
   4.194454    
   4.392567    
   4.267744    
   4.386948    
   4.406246    
   4.390976    
   4.742774    
   4.821127    
   4.467573    
   4.951078    
   4.857726    
   4.870498    
   4.822834    
   5.055964    
   5.158314    
   5.031135    
   4.816111    
   4.999098    
   5.138088    
   4.949075    
   5.038204    
   5.208513    
   5.179393    
   5.249485    
   5.370229    
   5.551136    
   5.444727    
   5.438396    
   5.501310    
   5.459347    
   5.379104    
   5.873590    
   5.465566    
   5.638283    
   5.679874    
   5.958348    
   6.031021    
   6.045979    
   6.156489    
   5.830662    
   6.144406    
   6.029286    
   5.926873    
   6.270490    
   6.405969    
   6.297390    
   6.130715    
   6.559177    
   6.610009    
   6.127524    
   6.625369    
   6.511839    
   6.826847    
   6.466069    
   6.639719    
   6.464686    
   6.667396    
   6.439641    
   6.645781    
   7.044086    
   6.778749    
   6.923812    
   6.929913    
   7.059522    
   6.817865    
   7.317957    
   6.846003    
   7.180070    
   7.124681    
   6.963046    
   7.129748    
   7.492095    
   7.623968    
   7.576654    
   7.077956    
   7.772047    
   7.238981    
   7.856807    
   7.411019    
   7.289014    
   7.299458    
   7.525315    
   7.416374    
   7.788379    
   8.025915    
   7.766649    
   7.665507    
   7.951626    
   7.659567    
   7.757408    
   7.897581    
   8.010586    
   7.932640    
   7.816936    
   7.679760    
   7.894005    
   8.097254    
   7.813502    
   7.665700    
   8.246972    
   8.022680    
   7.656943    
   8.394131    
   7.975815    
   8.296124    
   8.024182    
   8.016426    
   8.257950    
   7.870076    
   7.697277    
   8.110591    
   8.277208    
   8.154845    
   8.283532    
   8.253371    
   7.893713    
   8.104867    
   8.335338    
   7.897461    
   7.697790    
   7.760432    
   7.665677    
   8.097319    
   8.114617    
   7.750724    
   8.215559    
   7.711561    
   7.999775    
   7.719792    
   7.720071    
   8.048570    
   7.776386    
   7.636719    
   7.777660    
   7.844783    
   7.433929    
   7.681239    
   7.744454    
   7.928795    
   7.854000    
   7.933563    
   7.291452    
   7.686118    
   7.498038    
   7.138145    
   7.492389    
   7.582594    
   7.156965    
   7.615510    
   7.526271    
   6.952773    
   7.458952    
   7.468503    
   6.905649    
   7.195023    
   6.763321    
   7.209285    
   7.215362    
   7.143999    
   7.241059    
   6.883225    
   6.732498    
   7.011011    
   6.689729    
   6.870464    
   6.742347    
   6.798592    
   6.502305    
   6.779750    
   6.765035    
   6.692736    
   6.421969    
   6.558886    
   6.333483    
   6.571896    
   6.448708    
   6.005604    
   6.247565    
   6.091340    
   5.869728    
   6.179870    
   5.803275    
   6.173210    
   5.944953    
   5.914571    
   6.061431    
   5.711781    
   5.616816    
   5.684710    
   5.860466    
   5.614830    
   5.527371    
   5.652881    
   5.330742    
   5.229836    
   5.178798    
   5.304618    
   5.541067    
   5.047406    
   5.395835    
   5.395034    
   4.883098    
   4.868532    
   5.124792    
   4.846325    
   5.025119    
   4.747991    
   4.907568    
   4.906706    
   4.720428    
   4.705624    
   4.786467    
   4.492526    
   4.838768    
   4.502515    
   4.417243    
   4.403279    
   4.352040    
   4.581995    
   4.221129    
   4.203555    
   4.211622    
   4.335237    
   4.250310    
   4.410197    
   4.335038    
   4.341463    
   4.300862    
   3.982294    
   3.952927    
   4.163276    
   3.840884    
   3.882983    
   4.045426    
   3.848146    
   3.973847    
   3.795166    
   3.974562    
   3.700325    
   3.604115    
   3.848183    
   3.545263    
   3.791556    
   3.591009    
   3.606413    
   3.571020    
   3.686100    
   3.425455    
   3.460898    
   3.454199    
   3.489977    
   3.531633    
   3.373698    
   3.389519    
   3.257430    
   3.358664    
   3.401651    
   3.140440    
   3.148701    
   3.048386    
   3.011963    
   3.163971    
   3.031108    
   3.096300    
   2.904886    
   2.927765    
   2.915822    
   3.030329    
   2.906333    
   3.028308    
   2.769961    
   2.897402    
   2.954526    
   2.715543    
   2.776195    
   2.910839    
   2.849653    
   2.630856    
   2.654657    
   2.668682    
   2.791338    
   2.686167    
   2.597177    
   2.657825    
   2.692234    
   2.641649    
   2.441436    
   2.585701    
   2.498443    
   2.384462    
   2.514957    
   2.437402    
   2.346756    
   2.428916    
   2.367512    
   2.472106    
   2.273351    
   2.431626    
   2.306863    
   2.377110    
   2.257961    
   2.243844    
   2.372657    
   2.164095    
   2.277348    
   2.279614    
   2.127623    
   2.188201    
   2.183962    
   2.176130    
   2.188807    
   2.187658    
   2.190033    
   2.155124    
   2.067418    
   2.129942    
   1.959671    
   2.022999    
   1.989074    
   2.042243    
   2.019053    
   1.952886    
   1.903176    
   1.944012    
   1.927121    
   1.946026    
   1.871768    
   1.881413    
   1.957978    
   1.806427    
   1.770724    
   1.805266    
   1.901372    
   1.796950    
   1.844673    
   1.719516    
   1.790662    
   1.809113    
   1.832276    
   1.696460    
   1.767318    
   1.691414    
   1.685223    
   1.751424    
   1.624751    
   1.685040    
   1.677494    
   1.576449    
   1.703057    
   1.557300    
   1.645245    
   1.605003    
   1.605074    
   1.518298    
   1.643800    
   1.545182    
   1.488790    
   1.526009    
   1.460878    
   1.459022    
   1.580144    
   1.565981    
   1.542017    
   1.492337    
   1.525112    
   1.450436    
   1.398458    
   1.397511    
   1.461047    
   1.364684    
   1.452083    
   1.413026    
   1.379237    
   1.348408    
   1.447109    
   1.355328    
   1.341116    
   1.404392    
   1.377922    
   1.276380    
   1.289986    
   1.288219    
   1.361218    
   1.266946    
   1.288639    
   1.285866    
   1.327563    
   1.247214    
   1.262625    
   1.296919    
   1.197191    
   1.211393    
   1.212611    
   1.200166    
   1.252145    
   1.244195    
   1.192683    
   1.147608    
   1.202828    
   1.193962    
   1.213864    
   1.199385    
   1.221001    
   1.148774    
   1.138016    
   1.119858    
   1.102276    
   1.163817    
   1.172802    
   1.165577    
   1.088638    
   1.072017    
   1.075034    
   1.050957    
   1.070719    
   1.032310    
   1.093799    
   1.082788    
