  0.2622758    
  0.2665081    
  0.2822740    
  0.2922148    
  0.2965084    
  0.2775862    
  0.2886579    
  0.2876501    
  0.2861204    
  0.3018573    
  0.2856966    
  0.3013814    
  0.3043814    
  0.3133856    
  0.3095201    
  0.3096224    
  0.3229417    
  0.3290884    
  0.3236283    
  0.3335685    
  0.3157488    
  0.3223200    
  0.3397263    
  0.3347740    
  0.3454234    
  0.3502148    
  0.3274609    
  0.3527301    
  0.3572921    
  0.3400703    
  0.3643562    
  0.3499286    
  0.3493287    
  0.3593907    
  0.3583674    
  0.3751907    
  0.3749196    
  0.3730762    
  0.3780748    
  0.3634424    
  0.3854055    
  0.3823439    
  0.3919392    
  0.4046172    
  0.3949859    
  0.4092221    
  0.3860722    
  0.3942423    
  0.3991062    
  0.4247274    
  0.4009635    
  0.4086087    
  0.4300564    
  0.4325666    
  0.4432660    
  0.4297449    
  0.4390907    
  0.4421592    
  0.4677071    
  0.4758445    
  0.4623055    
  0.4485889    
  0.4768199    
  0.4651400    
  0.4752487    
  0.4625597    
  0.4696127    
  0.4764798    
  0.4939233    
  0.4796162    
  0.5070519    
  0.5104473    
  0.5212133    
  0.5313535    
  0.5076662    
  0.5116290    
  0.5563391    
  0.5392423    
  0.5345485    
  0.5388985    
  0.5871955    
  0.5952935    
  0.5537148    
  0.6016709    
  0.5943621    
  0.6037819    
  0.6071386    
  0.6123747    
  0.5937069    
  0.6065724    
  0.6459758    
  0.6408990    
  0.6668154    
  0.6358360    
  0.6386055    
  0.6506377    
  0.6663550    
  0.6547497    
  0.6987421    
  0.7060702    
  0.6804336    
  0.6904516    
  0.6945626    
  0.7629718    
  0.7435780    
  0.7172303    
  0.7628335    
  0.7859632    
  0.7772818    
  0.7857314    
  0.7609373    
  0.7872766    
  0.7961982    
  0.8354469    
  0.8098229    
  0.8602291    
  0.8359144    
  0.8910646    
  0.8647426    
  0.9124122    
  0.8708068    
  0.8944013    
  0.9238574    
  0.9715725    
  0.9523330    
   1.005877    
  0.9955387    
   1.027865    
   1.036817    
   1.015071    
   1.080755    
   1.066705    
   1.107946    
   1.058489    
   1.120774    
   1.159988    
   1.195147    
   1.209055    
   1.213301    
   1.233487    
   1.227036    
   1.180165    
   1.216227    
   1.279225    
   1.331079    
   1.294250    
   1.354692    
   1.371833    
   1.432692    
   1.410853    
   1.490540    
   1.432507    
   1.525676    
   1.579445    
   1.472804    
   1.633170    
   1.549822    
   1.612799    
   1.668202    
   1.649146    
   1.779872    
   1.670085    
   1.732101    
   1.862752    
   1.834258    
   1.968015    
   1.939045    
   1.872489    
   2.060168    
   1.984967    
   2.087250    
   2.039882    
   2.256147    
   2.216376    
   2.186909    
   2.308800    
   2.429144    
   2.366361    
   2.444457    
   2.469750    
   2.620679    
   2.748222    
   2.613201    
   2.813333    
   2.779594    
   3.008096    
   2.822046    
   2.895263    
   3.211478    
   3.198696    
   3.406393    
   3.200160    
   3.285421    
   3.619826    
   3.477687    
   3.874409    
   3.735665    
   3.807982    
   4.140050    
   4.094913    
   4.396217    
   4.421746    
   4.707438    
   4.746253    
   4.630962    
   5.113274    
   5.150897    
   4.998019    
   5.403760    
   5.743573    
   5.879040    
   6.169296    
   6.281933    
   6.153589    
   6.456620    
   6.842607    
   6.823471    
   7.176391    
   7.682909    
   7.767156    
   7.949311    
   8.426452    
   8.692326    
   8.856571    
   9.541622    
   9.658133    
   10.55970    
   10.84362    
   11.52801    
   11.33653    
   12.11266    
   12.29694    
   13.10083    
   14.14480    
   15.13688    
   15.69789    
   15.68671    
   16.21382    
   17.16364    
   18.40420    
   19.01045    
   19.87938    
   20.89565    
   23.53791    
   23.17595    
   25.31205    
   27.13794    
   28.35127    
   28.77491    
   29.02944    
   30.56508    
   32.31280    
   35.52753    
   34.70911    
   37.06168    
   39.30468    
   41.00810    
   42.02835    
   41.80470    
   43.47980    
   45.23180    
   45.88266    
   48.32341    
   47.99286    
   49.99287    
   49.32210    
   50.19173    
   46.35680    
   45.55746    
   44.70184    
   46.98797    
   43.36152    
   43.39803    
   39.62220    
   40.63564    
   38.73841    
   35.40083    
   34.73083    
   34.70953    
   31.32150    
   30.49232    
   27.44196    
   28.63620    
   27.26546    
   25.20042    
   23.03325    
   22.26297    
   21.68641    
   20.79505    
   20.17664    
   18.29820    
   17.73174    
   17.42249    
   16.59163    
   14.69219    
   14.32695    
   13.72320    
   13.05313    
   12.69310    
   12.38269    
   11.25353    
   11.12791    
   10.77556    
   10.20164    
   9.787896    
   9.601242    
   8.873283    
   8.983507    
   8.066693    
   7.786845    
   7.750659    
   7.686682    
   7.611215    
   6.715352    
   6.752202    
   6.587073    
   6.218638    
   6.393225    
   5.987749    
   5.680878    
   5.610445    
   5.388667    
   5.138193    
   5.152559    
   4.761004    
   4.899963    
   4.653189    
   4.667102    
   4.539937    
   4.339896    
   4.226749    
   3.948650    
   4.028079    
   3.675532    
   3.787224    
   3.516948    
   3.363790    
   3.330969    
   3.413878    
   3.167298    
   3.193751    
   3.121407    
   2.928213    
   3.023127    
   2.794321    
   2.893504    
   2.731407    
   2.594298    
   2.551901    
   2.539881    
   2.617937    
   2.428119    
   2.429964    
   2.309467    
   2.323138    
   2.286182    
   2.122838    
   2.229447    
   2.114192    
   2.132237    
   2.120056    
   1.999324    
   1.935547    
   1.864477    
   1.857095    
   1.868495    
   1.742307    
   1.799909    
   1.753648    
   1.750314    
   1.707648    
   1.678126    
   1.602925    
   1.576289    
   1.597650    
   1.464164    
   1.441939    
   1.450317    
   1.405924    
   1.483690    
   1.391163    
   1.405558    
   1.328084    
   1.357306    
   1.303575    
   1.314048    
   1.254615    
   1.268248    
   1.292618    
   1.272535    
   1.163141    
   1.194119    
   1.112116    
   1.142070    
   1.111531    
   1.124313    
   1.052499    
   1.043842    
   1.027653    
   1.012084    
   1.024411    
   1.053321    
   1.043505    
  0.9513649    
  0.9959464    
  0.9577181    
  0.9423237    
  0.9201044    
  0.8939248    
  0.9116516    
  0.9097945    
  0.8552626    
  0.8683947    
  0.8275082    
  0.8743906    
  0.8028311    
  0.8362877    
  0.8566854    
  0.8366998    
  0.8331336    
  0.7776863    
  0.7413771    
  0.7556069    
  0.7503709    
  0.7818320    
  0.7339343    
  0.7254115    
  0.7021609    
  0.6828590    
  0.6958451    
  0.7190162    
  0.7043047    
  0.6663505    
  0.6809102    
  0.6868842    
  0.6484458    
  0.6511427    
  0.6190116    
  0.6139675    
  0.6375890    
  0.6000420    
  0.6346515    
  0.5937067    
  0.5818288    
  0.5689411    
  0.5695176    
  0.6015518    
  0.5821007    
  0.5662369    
  0.5614811    
  0.5663925    
  0.5470780    
  0.5246924    
  0.5522151    
  0.5208829    
  0.5043491    
  0.5327596    
  0.4966560    
  0.5072705    
  0.5119914    
  0.5115653    
  0.5037596    
  0.5147849    
  0.5031688    
  0.4714926    
  0.4670431    
  0.4549093    
  0.4746332    
  0.4497808    
  0.4401416    
  0.4407661    
  0.4347834    
  0.4350857    
  0.4258690    
  0.4218953    
  0.4517261    
  0.4389352    
  0.4429535    
  0.4065094    
  0.4340886    
  0.4118699    
  0.3947817    
  0.4180122    
  0.4113414    
  0.4019408    
  0.4042094    
  0.4012150    
  0.3881439    
  0.3747859    
  0.3882217    
  0.3691380    
  0.3829476    
  0.3654186    
  0.3825271    
  0.3798807    
  0.3751490    
  0.3422010    
  0.3661144    
  0.3647509    
  0.3620048    
  0.3460628    
  0.3413141    
  0.3545123    
  0.3375975    
  0.3494124    
  0.3412592    
  0.3409380    
  0.3184128    
  0.3369045    
  0.3070753    
  0.3136852    
  0.3287760    
  0.3225461    
  0.3144907    
  0.3123558    
  0.2946886    
  0.3098504    
  0.2923674    
  0.2982513    
  0.2913338    
  0.2885695    
  0.3062843    
  0.2955986    
  0.2998857    
  0.2855043    
