 # Cycle    Energy/N    Magnetization/N
           2 -0.848888874       2.88888887E-02
           4  -1.11555552       7.55555555E-02
           6  -1.15111113       2.66666673E-02
           8  -1.29777777      -3.55555564E-02
          10  -1.30222225      -7.55555555E-02
          12  -1.31555557      -2.22222228E-03
          14  -1.31111109       1.11111114E-02
          16  -1.34666669       3.99999991E-02
          18  -1.36888885      -8.88888910E-03
          20  -1.28444445      -4.44444455E-02
          22  -1.23555553      -6.88888878E-02
          24  -1.30666661     -0.135555550    
          26  -1.31555557     -0.188888893    
          28  -1.24000001     -0.131111115    
          30  -1.26666665      -5.33333346E-02
          32  -1.34222221      -4.66666669E-02
          34  -1.38666666      -1.11111114E-02
          36  -1.27555561       5.99999987E-02
          38  -1.35555553       9.33333337E-02
          40  -1.35111105       7.55555555E-02
          42  -1.40444446       8.88888910E-02
          44  -1.41777778      0.171111107    
          46  -1.35111105      0.173333332    
          48  -1.33777773      0.148888886    
          50  -1.38666666      0.162222221    
          52  -1.42666662      0.206666663    
          54  -1.43555558      0.173333332    
          56  -1.33777773      0.157777771    
          58  -1.47111106      0.164444447    
          60  -1.41777778      0.140000001    
          62  -1.43555558      0.146666661    
          64  -1.32000005      0.184444442    
          66  -1.29333329      0.219999999    
          68  -1.37333333      0.180000007    
          70  -1.36444449      0.200000003    
          72  -1.46222222      0.206666663    
          74  -1.41777778      0.188888893    
          76  -1.36888885      0.157777771    
          78  -1.42222226      0.148888886    
          80  -1.44000006      0.131111115    
          82  -1.37777781      0.226666674    
          84  -1.44888890      0.259999990    
          86  -1.40888894      0.251111120    
          88  -1.40444446      0.304444432    
          90  -1.39999998      0.291111112    
          92  -1.46222222      0.237777784    
          94  -1.48888886      0.217777774    
          96  -1.44888890      0.177777782    
          98  -1.50666666      0.137777776    
         100  -1.48888886      0.113333337    
         102  -1.47111106      0.100000001    
         104  -1.48888886      0.106666669    
         106  -1.50222218      0.119999997    
         108  -1.43111110      0.104444444    
         110  -1.45777774       9.11111087E-02
         112  -1.46222222       1.33333337E-02
         114  -1.43111110       3.33333351E-02
         116  -1.45777774       7.99999982E-02
         118  -1.48000002      0.108888887    
         120  -1.50666666      0.159999996    
         122  -1.56444442      0.133333340    
         124  -1.51111114       9.77777764E-02
         126  -1.54222226      0.115555555    
         128  -1.54222226      0.115555555    
         130  -1.51555550       8.88888910E-02
         132  -1.48000002       6.22222237E-02
         134  -1.45777774       7.99999982E-02
         136  -1.42222226       2.66666673E-02
         138  -1.51999998       0.00000000    
         140  -1.39555550       3.33333351E-02
         142  -1.40444446      0.104444444    
         144  -1.39999998      0.117777780    
         146  -1.46666670      0.140000001    
         148  -1.52444446      0.146666661    
         150  -1.53333330      0.135555550    
         152  -1.49333334      0.100000001    
         154  -1.45333338       5.77777773E-02
         156  -1.51111114       6.66666683E-03
         158  -1.38222218      -2.22222228E-03
         160  -1.39111114      -4.88888882E-02
         162  -1.43555558      -3.77777778E-02
         164  -1.43555558      -1.11111114E-02
         166  -1.35111105      -1.99999996E-02
         168  -1.33333337      -2.44444441E-02
         170  -1.49777782      -2.88888887E-02
         172  -1.45333338       4.22222205E-02
         174  -1.48000002       7.11111128E-02
         176  -1.47555554       7.77777806E-02
         178  -1.48000002      0.119999997    
         180  -1.51999998      0.155555561    
         182  -1.40444446      0.153333336    
         184  -1.41333330      0.128888890    
         186  -1.44888890       8.66666660E-02
         188  -1.40444446      0.106666669    
         190  -1.46666670      0.122222222    
         192  -1.45333338      0.186666667    
         194  -1.50666666      0.180000007    
         196  -1.48000002      0.202222228    
         198  -1.51999998      0.264444441    
         200  -1.51111114      0.242222220    
         202  -1.46666670      0.237777784    
         204  -1.51999998      0.233333334    
         206  -1.51555550      0.224444449    
         208  -1.50666666      0.251111120    
         210  -1.42222226      0.242222220    
         212  -1.44444442      0.293333322    
         214  -1.39555550      0.277777791    
         216  -1.39555550      0.271111101    
         218  -1.35111105      0.233333334    
         220  -1.45333338      0.233333334    
         222  -1.44000006      0.344444454    
         224  -1.41777778      0.375555545    
         226  -1.39555550      0.342222214    
         228  -1.46222222      0.282222211    
         230  -1.48444450      0.306666672    
         232  -1.51111114      0.268888891    
         234  -1.50666666      0.253333330    
         236  -1.45777774      0.235555559    
         238  -1.42666662      0.237777784    
         240  -1.42222226      0.219999999    
         242  -1.44000006      0.286666662    
         244  -1.48444450      0.293333322    
         246  -1.52444446      0.242222220    
         248  -1.51555550      0.200000003    
         250  -1.55111110      0.228888884    
         252  -1.41777778      0.208888888    
         254  -1.56444442      0.213333338    
         256  -1.54666662      0.235555559    
         258  -1.52888894      0.300000012    
         260  -1.45777774      0.282222211    
         262  -1.46222222      0.244444445    
         264  -1.44888890      0.219999999    
         266  -1.44444442      0.186666667    
         268  -1.46222222      0.153333336    
         270  -1.47555554      0.235555559    
         272  -1.53777778      0.197777778    
         274  -1.45777774      0.117777780    
         276  -1.44888890      0.131111115    
         278  -1.50666666      0.133333340    
         280  -1.42666662      0.155555561    
         282  -1.54222226      0.186666667    
         284  -1.55111110      0.191111118    
         286  -1.48000002      0.182222217    
         288  -1.51555550      0.164444447    
         290  -1.52444446      0.200000003    
         292  -1.48444450      0.184444442    
         294  -1.46666670      0.228888884    
         296  -1.44444442      0.188888893    
         298  -1.35111105      0.144444451    
         300  -1.33333337       7.77777806E-02
         302  -1.38222218      0.113333337    
         304  -1.43555558       8.66666660E-02
         306  -1.41333330       8.44444409E-02
         308  -1.48000002      0.113333337    
         310  -1.42222226       7.33333305E-02
         312  -1.42222226       4.44444455E-02
         314  -1.44888890       2.22222228E-02
         316  -1.42666662       6.66666701E-02
         318  -1.44000006       7.55555555E-02
         320  -1.48444450       5.55555560E-02
         322  -1.45777774       7.33333305E-02
         324  -1.39111114      0.155555561    
         326  -1.48000002      0.197777778    
         328  -1.47111106      0.191111118    
         330  -1.37777781      0.168888882    
         332  -1.44444442      0.117777780    
         334  -1.46222222       4.44444455E-02
         336  -1.40444446      0.108888887    
         338  -1.33777773      0.131111115    
         340  -1.47111106       9.11111087E-02
         342  -1.47111106       8.22222233E-02
         344  -1.47111106      0.108888887    
         346  -1.51111114      0.124444447    
         348  -1.54222226       7.55555555E-02
         350  -1.51555550      0.113333337    
         352  -1.53777778      0.124444447    
         354  -1.41333330      0.115555555    
         356  -1.39999998       7.33333305E-02
         358  -1.34666669      0.102222219    
         360  -1.38222218       8.44444409E-02
         362  -1.47111106      0.137777776    
         364  -1.35111105      0.119999997    
         366  -1.41777778      0.157777771    
         368  -1.44888890      0.104444444    
         370  -1.37333333      0.119999997    
         372  -1.46222222      0.184444442    
         374  -1.36444449      0.195555553    
         376  -1.38666666      0.168888882    
         378  -1.40444446      0.195555553    
         380  -1.38666666      0.204444438    
         382  -1.41333330      0.128888890    
         384  -1.44444442       8.22222233E-02
         386  -1.49333334      0.119999997    
         388  -1.42666662       9.33333337E-02
         390  -1.42666662      0.115555555    
         392  -1.43111110       5.99999987E-02
         394  -1.49777782       6.88888878E-02
         396  -1.42222226       4.44444455E-03
         398  -1.35111105       0.00000000    
         400  -1.39999998       6.22222237E-02
         402  -1.36888885       8.88888910E-02
         404  -1.35111105       4.88888882E-02
         406  -1.41333330       8.22222233E-02
         408  -1.43555558      0.128888890    
         410  -1.49777782      0.153333336    
         412  -1.48000002      0.119999997    
         414  -1.49777782       9.77777764E-02
         416  -1.39999998      0.153333336    
         418  -1.44000006      0.106666669    
         420  -1.40444446       6.66666701E-02
         422  -1.49777782       9.11111087E-02
         424  -1.44888890      0.115555555    
         426  -1.50666666       8.66666660E-02
         428  -1.49777782       6.22222237E-02
         430  -1.37333333       1.55555559E-02
         432  -1.45777774       4.22222205E-02
         434  -1.39111114       5.11111096E-02
         436  -1.41333330       5.55555560E-02
         438  -1.46222222       5.77777773E-02
         440  -1.44888890       8.44444409E-02
         442  -1.50666666      0.137777776    
         444  -1.50222218      0.171111107    
         446  -1.48444450      0.173333332    
         448  -1.54666662      0.182222217    
         450  -1.48444450      0.184444442    
         452  -1.46666670      0.173333332    
         454  -1.51111114      0.155555561    
         456  -1.48888886      0.188888893    
         458  -1.44888890      0.180000007    
         460  -1.50666666      0.202222228    
         462  -1.51555550      0.204444438    
         464  -1.56444442      0.208888888    
         466  -1.56444442      0.244444445    
         468  -1.49333334      0.237777784    
         470  -1.48444450      0.293333322    
         472  -1.48000002      0.300000012    
         474  -1.48888886      0.331111103    
         476  -1.47555554      0.319999993    
         478  -1.40888894      0.308888882    
         480  -1.44000006      0.315555543    
         482  -1.47555554      0.391111106    
         484  -1.41777778      0.393333346    
         486  -1.48444450      0.413333327    
         488  -1.52888894      0.417777777    
         490  -1.45777774      0.437777787    
         492  -1.36444449      0.360000014    
         494  -1.44888890      0.368888885    
         496  -1.42222226      0.344444454    
         498  -1.38666666      0.331111103    
         500  -1.40444446      0.337777764    
         502  -1.44000006      0.388888896    
         504  -1.44888890      0.337777764    
         506  -1.44444442      0.335555553    
         508  -1.36000001      0.295555562    
         510  -1.38222218      0.368888885    
         512  -1.39555550      0.373333335    
         514  -1.33777773      0.360000014    
         516  -1.42222226      0.404444456    
         518  -1.43111110      0.357777774    
         520  -1.39555550      0.342222214    
         522  -1.28888893      0.328888893    
         524  -1.33777773      0.364444435    
         526  -1.31111109      0.404444456    
         528  -1.31555557      0.426666677    
         530  -1.23555553      0.424444437    
         532  -1.24444449      0.360000014    
         534  -1.36888885      0.373333335    
         536  -1.34222221      0.324444443    
         538  -1.27999997      0.282222211    
         540  -1.34666669      0.197777778    
         542  -1.38666666      0.162222221    
         544  -1.35555553      0.186666667    
         546  -1.46666670      0.277777791    
         548  -1.47555554      0.257777780    
         550  -1.42666662      0.306666672    
         552  -1.44444442      0.344444454    
         554  -1.44888890      0.364444435    
         556  -1.46222222      0.337777764    
         558  -1.40888894      0.377777785    
         560  -1.41333330      0.344444454    
         562  -1.43111110      0.457777768    
         564  -1.46222222      0.442222208    
         566  -1.47111106      0.504444420    
         568  -1.42666662      0.540000021    
         570  -1.42666662      0.482222229    
         572  -1.45777774      0.515555561    
         574  -1.47111106      0.479999989    
         576  -1.48444450      0.468888879    
         578  -1.49777782      0.537777781    
         580  -1.46222222      0.591111124    
         582  -1.47111106      0.571111083    
         584  -1.48444450      0.586666644    
         586  -1.55555558      0.613333344    
         588  -1.54222226      0.642222226    
         590  -1.60000002      0.648888886    
         592  -1.53777778      0.682222247    
         594  -1.44888890      0.704444468    
         596  -1.54222226      0.768888891    
         598  -1.51555550      0.740000010    
         600  -1.50222218      0.779999971    
         602  -1.48888886      0.755555570    
         604  -1.48888886      0.722222209    
         606  -1.47555554      0.724444449    
         608  -1.61777782      0.797777772    
         610  -1.61777782      0.804444432    
         612  -1.60444450      0.833333313    
         614  -1.63999999      0.857777774    
         616  -1.59111106      0.835555553    
         618  -1.60444450      0.851111114    
         620  -1.71111107      0.886666656    
         622  -1.69777775      0.877777755    
         624  -1.70666671      0.879999995    
         626  -1.70666671      0.886666656    
         628  -1.71555555      0.904444456    
         630  -1.63555551      0.857777774    
         632  -1.74222219      0.893333316    
         634  -1.72000003      0.906666696    
         636  -1.71555555      0.906666696    
         638  -1.75111115      0.920000017    
         640  -1.62666667      0.868888915    
         642  -1.76444447      0.906666696    
         644  -1.67555559      0.895555556    
         646  -1.62222219      0.879999995    
         648  -1.64444447      0.886666656    
         650  -1.76888883      0.928888917    
         652  -1.66666663      0.895555556    
         654  -1.68444443      0.897777796    
         656  -1.69333339      0.886666656    
         658  -1.66222227      0.871111095    
         660  -1.72444439      0.904444456    
         662  -1.72444439      0.924444437    
         664  -1.79111111      0.939999998    
         666  -1.73777783      0.917777777    
         668  -1.72444439      0.913333356    
         670  -1.67999995      0.884444416    
         672  -1.65333331      0.877777755    
         674  -1.71111107      0.904444456    
         676  -1.79111111      0.935555577    
         678  -1.69333339      0.891111135    
         680  -1.66222227      0.882222235    
         682  -1.71555555      0.895555556    
         684  -1.73777783      0.911111116    
         686  -1.73333335      0.911111116    
         688  -1.61777782      0.864444435    
         690  -1.66666663      0.897777796    
         692  -1.66666663      0.899999976    
         694  -1.68444443      0.899999976    
         696  -1.74222219      0.920000017    
         698  -1.81333339      0.948888898    
         700  -1.78666663      0.933333337    
         702  -1.77333331      0.926666677    
         704  -1.76444447      0.913333356    
         706  -1.72000003      0.888888896    
         708  -1.69333339      0.899999976    
         710  -1.70666671      0.871111095    
         712  -1.70222223      0.868888915    
         714  -1.64444447      0.862222195    
         716  -1.68888891      0.891111135    
         718  -1.68888891      0.877777755    
         720  -1.58666670      0.835555553    
         722  -1.64444447      0.873333335    
         724  -1.74666667      0.911111116    
         726  -1.72000003      0.893333316    
         728  -1.79999995      0.935555577    
         730  -1.77333331      0.924444437    
         732  -1.79111111      0.935555577    
         734  -1.73333335      0.924444437    
         736  -1.70222223      0.899999976    
         738  -1.70222223      0.884444416    
         740  -1.68444443      0.882222235    
         742  -1.69777775      0.893333316    
         744  -1.68444443      0.893333316    
         746  -1.74222219      0.917777777    
         748  -1.73333335      0.920000017    
         750  -1.72888887      0.920000017    
         752  -1.73333335      0.897777796    
         754  -1.70222223      0.895555556    
         756  -1.60444450      0.833333313    
         758  -1.61777782      0.855555534    
         760  -1.64888895      0.891111135    
         762  -1.68444443      0.895555556    
         764  -1.81333339      0.928888917    
         766  -1.65333331      0.877777755    
         768  -1.72888887      0.899999976    
         770  -1.75999999      0.906666696    
         772  -1.65777779      0.893333316    
         774  -1.69777775      0.888888896    
         776  -1.67111111      0.875555575    
         778  -1.67111111      0.899999976    
         780  -1.67999995      0.891111135    
         782  -1.65777779      0.884444416    
         784  -1.67555559      0.886666656    
         786  -1.63111115      0.882222235    
         788  -1.65333331      0.873333335    
         790  -1.55555558      0.828888893    
         792  -1.65333331      0.848888874    
         794  -1.62222219      0.846666694    
         796  -1.61333334      0.860000014    
         798  -1.70222223      0.882222235    
         800  -1.67111111      0.886666656    
         802  -1.71111107      0.888888896    
         804  -1.74222219      0.886666656    
         806  -1.72888887      0.877777755    
         808  -1.64888895      0.862222195    
         810  -1.67111111      0.846666694    
         812  -1.55111110      0.795555532    
         814  -1.62222219      0.819999993    
         816  -1.67555559      0.791111112    
         818  -1.54222226      0.757777750    
         820  -1.55999994      0.771111131    
         822  -1.54666662      0.764444470    
         824  -1.55555558      0.740000010    
         826  -1.54666662      0.684444427    
         828  -1.61777782      0.699999988    
         830  -1.49777782      0.737777770    
         832  -1.57777774      0.804444432    
         834  -1.68888891      0.864444435    
         836  -1.58222222      0.815555573    
         838  -1.59111106      0.766666651    
         840  -1.61333334      0.831111133    
         842  -1.66222227      0.855555534    
         844  -1.68444443      0.882222235    
         846  -1.79111111      0.928888917    
         848  -1.68444443      0.902222216    
         850  -1.77333331      0.922222197    
         852  -1.74666667      0.904444456    
         854  -1.67999995      0.891111135    
         856  -1.64888895      0.891111135    
         858  -1.72444439      0.915555537    
         860  -1.75111115      0.924444437    
         862  -1.73777783      0.920000017    
         864  -1.71111107      0.893333316    
         866  -1.60888886      0.842222214    
         868  -1.58222222      0.848888874    
         870  -1.57777774      0.815555573    
         872  -1.60000002      0.795555532    
         874  -1.55999994      0.764444470    
         876  -1.54222226      0.775555551    
         878  -1.45333338      0.766666651    
         880  -1.57777774      0.806666672    
         882  -1.64888895      0.875555575    
         884  -1.67555559      0.877777755    
         886  -1.74666667      0.897777796    
         888  -1.65333331      0.860000014    
         890  -1.63111115      0.815555573    
         892  -1.66222227      0.857777774    
         894  -1.72888887      0.893333316    
         896  -1.68444443      0.886666656    
         898  -1.84000003      0.937777758    
         900  -1.73777783      0.891111135    
         902  -1.65777779      0.877777755    
         904  -1.68444443      0.879999995    
         906  -1.70222223      0.886666656    
         908  -1.67111111      0.879999995    
         910  -1.63999999      0.882222235    
         912  -1.77333331      0.933333337    
         914  -1.71111107      0.902222216    
         916  -1.66666663      0.891111135    
         918  -1.70666671      0.884444416    
         920  -1.70666671      0.904444456    
         922  -1.67555559      0.882222235    
         924  -1.72888887      0.893333316    
         926  -1.62666667      0.853333354    
         928  -1.71111107      0.908888876    
         930  -1.72444439      0.920000017    
         932  -1.74222219      0.913333356    
         934  -1.63999999      0.875555575    
         936  -1.71111107      0.908888876    
         938  -1.72888887      0.911111116    
         940  -1.73333335      0.917777777    
         942  -1.76888883      0.915555537    
         944  -1.67555559      0.904444456    
         946  -1.72000003      0.899999976    
         948  -1.72888887      0.886666656    
         950  -1.71111107      0.904444456    
         952  -1.67999995      0.884444416    
         954  -1.69777775      0.897777796    
         956  -1.63999999      0.864444435    
         958  -1.67555559      0.877777755    
         960  -1.77333331      0.931111097    
         962  -1.67555559      0.888888896    
         964  -1.77333331      0.933333337    
         966  -1.79999995      0.924444437    
         968  -1.71111107      0.899999976    
         970  -1.71555555      0.913333356    
         972  -1.70222223      0.911111116    
         974  -1.62222219      0.877777755    
         976  -1.60888886      0.855555534    
         978  -1.65777779      0.888888896    
         980  -1.66666663      0.875555575    
         982  -1.67555559      0.895555556    
         984  -1.71111107      0.897777796    
         986  -1.70666671      0.899999976    
         988  -1.71111107      0.906666696    
         990  -1.83555555      0.939999998    
         992  -1.83555555      0.948888898    
         994  -1.76444447      0.933333337    
         996  -1.76444447      0.920000017    
         998  -1.70666671      0.891111135    
        1000  -1.70666671      0.895555556    
        1002  -1.66666663      0.888888896    
        1004  -1.55999994      0.839999974    
        1006  -1.63111115      0.877777755    
        1008  -1.70666671      0.886666656    
        1010  -1.66666663      0.860000014    
        1012  -1.68888891      0.902222216    
        1014  -1.66666663      0.891111135    
        1016  -1.75111115      0.917777777    
        1018  -1.70666671      0.893333316    
        1020  -1.69777775      0.906666696    
        1022  -1.67999995      0.895555556    
        1024  -1.65333331      0.875555575    
        1026  -1.69777775      0.902222216    
        1028  -1.75999999      0.911111116    
        1030  -1.75111115      0.920000017    
        1032  -1.65777779      0.893333316    
        1034  -1.68888891      0.886666656    
        1036  -1.74222219      0.904444456    
        1038  -1.66666663      0.873333335    
        1040  -1.63555551      0.862222195    
        1042  -1.74666667      0.895555556    
        1044  -1.68444443      0.884444416    
        1046  -1.75111115      0.899999976    
        1048  -1.69777775      0.886666656    
        1050  -1.59555554      0.837777793    
        1052  -1.64444447      0.862222195    
        1054  -1.64888895      0.875555575    
        1056  -1.57333338      0.831111133    
        1058  -1.65777779      0.862222195    
        1060  -1.64888895      0.839999974    
        1062  -1.56444442      0.793333352    
        1064  -1.53777778      0.782222211    
        1066  -1.49777782      0.735555530    
        1068  -1.50666666      0.702222228    
        1070  -1.54222226      0.735555530    
        1072  -1.65333331      0.740000010    
        1074  -1.68444443      0.804444432    
        1076  -1.60444450      0.777777791    
        1078  -1.61777782      0.791111112    
        1080  -1.62666667      0.819999993    
        1082  -1.71555555      0.875555575    
        1084  -1.72000003      0.884444416    
        1086  -1.62222219      0.855555534    
        1088  -1.78222227      0.928888917    
        1090  -1.69777775      0.908888876    
        1092  -1.67555559      0.891111135    
        1094  -1.67999995      0.888888896    
        1096  -1.72000003      0.891111135    
        1098  -1.70666671      0.893333316    
        1100  -1.63555551      0.871111095    
        1102  -1.71111107      0.902222216    
        1104  -1.63555551      0.875555575    
        1106  -1.68444443      0.886666656    
        1108  -1.66666663      0.884444416    
        1110  -1.70222223      0.904444456    
        1112  -1.64444447      0.879999995    
        1114  -1.66666663      0.882222235    
        1116  -1.66222227      0.899999976    
        1118  -1.67999995      0.906666696    
        1120  -1.75555551      0.922222197    
        1122  -1.68444443      0.902222216    
        1124  -1.76888883      0.928888917    
        1126  -1.69333339      0.893333316    
        1128  -1.71555555      0.920000017    
        1130  -1.71111107      0.911111116    
        1132  -1.72888887      0.913333356    
        1134  -1.63555551      0.866666675    
        1136  -1.68888891      0.897777796    
        1138  -1.64444447      0.855555534    
        1140  -1.67111111      0.888888896    
        1142  -1.70666671      0.899999976    
        1144  -1.62222219      0.875555575    
        1146  -1.59555554      0.860000014    
        1148  -1.57777774      0.846666694    
        1150  -1.54666662      0.837777793    
        1152  -1.63555551      0.862222195    
        1154  -1.62666667      0.873333335    
        1156  -1.74222219      0.911111116    
        1158  -1.67111111      0.873333335    
        1160  -1.56444442      0.815555573    
        1162  -1.60888886      0.846666694    
        1164  -1.56888890      0.817777753    
        1166  -1.55555558      0.831111133    
        1168  -1.67555559      0.882222235    
        1170  -1.74666667      0.906666696    
        1172  -1.67999995      0.899999976    
        1174  -1.64444447      0.875555575    
        1176  -1.69333339      0.906666696    
        1178  -1.67555559      0.899999976    
        1180  -1.60888886      0.866666675    
        1182  -1.72888887      0.911111116    
        1184  -1.73777783      0.920000017    
        1186  -1.58666670      0.839999974    
        1188  -1.59555554      0.848888874    
        1190  -1.62666667      0.844444454    
        1192  -1.62222219      0.848888874    
        1194  -1.65777779      0.895555556    
        1196  -1.71555555      0.902222216    
        1198  -1.65777779      0.882222235    
        1200  -1.65333331      0.884444416    
        1202  -1.72888887      0.911111116    
        1204  -1.75111115      0.904444456    
        1206  -1.70666671      0.897777796    
        1208  -1.81777775      0.951111138    
        1210  -1.79555559      0.933333337    
        1212  -1.77333331      0.931111097    
        1214  -1.64444447      0.877777755    
        1216  -1.66666663      0.877777755    
        1218  -1.67111111      0.868888915    
        1220  -1.72000003      0.897777796    
        1222  -1.66222227      0.855555534    
        1224  -1.63555551      0.866666675    
        1226  -1.66666663      0.851111114    
        1228  -1.75111115      0.908888876    
        1230  -1.69333339      0.895555556    
        1232  -1.59555554      0.864444435    
        1234  -1.72888887      0.897777796    
        1236  -1.69777775      0.873333335    
        1238  -1.73777783      0.904444456    
        1240  -1.64888895      0.879999995    
        1242  -1.68888891      0.875555575    
        1244  -1.74666667      0.904444456    
        1246  -1.61333334      0.875555575    
        1248  -1.69333339      0.893333316    
        1250  -1.76444447      0.924444437    
        1252  -1.81777775      0.942222238    
        1254  -1.68888891      0.897777796    
        1256  -1.59111106      0.853333354    
        1258  -1.55111110      0.822222233    
        1260  -1.56444442      0.824444473    
        1262  -1.58222222      0.860000014    
        1264  -1.67555559      0.899999976    
        1266  -1.68444443      0.884444416    
        1268  -1.65333331      0.866666675    
        1270  -1.75999999      0.917777777    
        1272  -1.72000003      0.922222197    
        1274  -1.74666667      0.922222197    
        1276  -1.75555551      0.917777777    
        1278  -1.79111111      0.935555577    
        1280  -1.72888887      0.915555537    
        1282  -1.79111111      0.933333337    
        1284  -1.73333335      0.899999976    
        1286  -1.72444439      0.895555556    
        1288  -1.67999995      0.888888896    
        1290  -1.67111111      0.866666675    
        1292  -1.79111111      0.926666677    
        1294  -1.72000003      0.917777777    
        1296  -1.67555559      0.884444416    
        1298  -1.68444443      0.875555575    
        1300  -1.67111111      0.868888915    
        1302  -1.60888886      0.853333354    
        1304  -1.73333335      0.893333316    
        1306  -1.68888891      0.875555575    
        1308  -1.65777779      0.851111114    
        1310  -1.72888887      0.895555556    
        1312  -1.67111111      0.855555534    
        1314  -1.68888891      0.826666653    
        1316  -1.64444447      0.813333333    
        1318  -1.59555554      0.797777772    
        1320  -1.62222219      0.842222214    
        1322  -1.75555551      0.917777777    
        1324  -1.69777775      0.899999976    
        1326  -1.67555559      0.879999995    
        1328  -1.57333338      0.844444454    
        1330  -1.62222219      0.871111095    
        1332  -1.64444447      0.875555575    
        1334  -1.67999995      0.884444416    
        1336  -1.72888887      0.922222197    
        1338  -1.61333334      0.868888915    
        1340  -1.66222227      0.864444435    
        1342  -1.72888887      0.875555575    
        1344  -1.70222223      0.879999995    
        1346  -1.64444447      0.866666675    
        1348  -1.63111115      0.862222195    
        1350  -1.61777782      0.848888874    
        1352  -1.73333335      0.899999976    
        1354  -1.71555555      0.882222235    
        1356  -1.62666667      0.851111114    
        1358  -1.53777778      0.831111133    
        1360  -1.56444442      0.828888893    
        1362  -1.64888895      0.860000014    
        1364  -1.61777782      0.846666694    
        1366  -1.67555559      0.873333335    
        1368  -1.67111111      0.864444435    
        1370  -1.68888891      0.871111095    
        1372  -1.65777779      0.833333313    
        1374  -1.55555558      0.811111093    
        1376  -1.59555554      0.800000012    
        1378  -1.56444442      0.802222252    
        1380  -1.47111106      0.782222211    
        1382  -1.49777782      0.791111112    
        1384  -1.58222222      0.839999974    
        1386  -1.64444447      0.873333335    
        1388  -1.58222222      0.828888893    
        1390  -1.66222227      0.875555575    
        1392  -1.66666663      0.877777755    
        1394  -1.63999999      0.835555553    
        1396  -1.54666662      0.773333311    
        1398  -1.67555559      0.833333313    
        1400  -1.56444442      0.819999993    
        1402  -1.68888891      0.826666653    
        1404  -1.62222219      0.795555532    
        1406  -1.55555558      0.797777772    
        1408  -1.54222226      0.775555551    
        1410  -1.56888890      0.764444470    
        1412  -1.66222227      0.782222211    
        1414  -1.55111110      0.731111109    
        1416  -1.53333330      0.708888888    
        1418  -1.54222226      0.724444449    
        1420  -1.48444450      0.717777789    
        1422  -1.60444450      0.768888891    
        1424  -1.58666670      0.793333352    
        1426  -1.53777778      0.800000012    
        1428  -1.62222219      0.839999974    
        1430  -1.64888895      0.844444454    
        1432  -1.71555555      0.875555575    
        1434  -1.75555551      0.873333335    
        1436  -1.68444443      0.884444416    
        1438  -1.70222223      0.895555556    
        1440  -1.66222227      0.882222235    
        1442  -1.58222222      0.822222233    
        1444  -1.57777774      0.862222195    
        1446  -1.59111106      0.860000014    
        1448  -1.56888890      0.871111095    
        1450  -1.74666667      0.924444437    
        1452  -1.68444443      0.895555556    
        1454  -1.61777782      0.864444435    
        1456  -1.72444439      0.897777796    
        1458  -1.65333331      0.873333335    
        1460  -1.69333339      0.897777796    
        1462  -1.67555559      0.888888896    
        1464  -1.71111107      0.899999976    
        1466  -1.65777779      0.871111095    
        1468  -1.62666667      0.871111095    
        1470  -1.60888886      0.851111114    
        1472  -1.67111111      0.873333335    
        1474  -1.65777779      0.860000014    
        1476  -1.63111115      0.819999993    
        1478  -1.62666667      0.824444473    
        1480  -1.59555554      0.808888912    
        1482  -1.68444443      0.895555556    
        1484  -1.69777775      0.899999976    
        1486  -1.62666667      0.860000014    
        1488  -1.69777775      0.873333335    
        1490  -1.75555551      0.915555537    
        1492  -1.74222219      0.920000017    
        1494  -1.67111111      0.891111135    
        1496  -1.72444439      0.904444456    
        1498  -1.68444443      0.877777755    
        1500  -1.65333331      0.866666675    
        1502  -1.62666667      0.857777774    
        1504  -1.69333339      0.873333335    
        1506  -1.65777779      0.837777793    
        1508  -1.59111106      0.844444454    
        1510  -1.61777782      0.848888874    
        1512  -1.60888886      0.844444454    
        1514  -1.61777782      0.855555534    
        1516  -1.69333339      0.891111135    
        1518  -1.65333331      0.873333335    
        1520  -1.73333335      0.899999976    
        1522  -1.75111115      0.926666677    
        1524  -1.67111111      0.866666675    
        1526  -1.70666671      0.895555556    
        1528  -1.63555551      0.868888915    
        1530  -1.60888886      0.831111133    
        1532  -1.58222222      0.846666694    
        1534  -1.59555554      0.857777774    
        1536  -1.79111111      0.920000017    
        1538  -1.75999999      0.931111097    
        1540  -1.77333331      0.928888917    
        1542  -1.68444443      0.888888896    
        1544  -1.61333334      0.873333335    
        1546  -1.63999999      0.871111095    
        1548  -1.66222227      0.884444416    
        1550  -1.67555559      0.895555556    
        1552  -1.72444439      0.920000017    
        1554  -1.73777783      0.913333356    
        1556  -1.75999999      0.920000017    
        1558  -1.72888887      0.915555537    
        1560  -1.68888891      0.895555556    
        1562  -1.73777783      0.924444437    
        1564  -1.76888883      0.922222197    
        1566  -1.65777779      0.862222195    
        1568  -1.67555559      0.860000014    
        1570  -1.67111111      0.864444435    
        1572  -1.63111115      0.848888874    
        1574  -1.75111115      0.875555575    
        1576  -1.64444447      0.842222214    
        1578  -1.65777779      0.862222195    
        1580  -1.74666667      0.922222197    
        1582  -1.76888883      0.931111097    
        1584  -1.65777779      0.879999995    
        1586  -1.63999999      0.855555534    
        1588  -1.62222219      0.833333313    
        1590  -1.58666670      0.835555553    
        1592  -1.63999999      0.848888874    
        1594  -1.61333334      0.844444454    
        1596  -1.66222227      0.871111095    
        1598  -1.68888891      0.884444416    
        1600  -1.70222223      0.895555556    
        1602  -1.63999999      0.871111095    
        1604  -1.72000003      0.895555556    
        1606  -1.67555559      0.897777796    
        1608  -1.64888895      0.888888896    
        1610  -1.63555551      0.844444454    
        1612  -1.63555551      0.819999993    
        1614  -1.55555558      0.791111112    
        1616  -1.57333338      0.804444432    
        1618  -1.49333334      0.764444470    
        1620  -1.45333338      0.717777789    
        1622  -1.57777774      0.771111131    
        1624  -1.59555554      0.784444451    
        1626  -1.55999994      0.786666691    
        1628  -1.47111106      0.704444468    
        1630  -1.45777774      0.671111107    
        1632  -1.58222222      0.720000029    
        1634  -1.58222222      0.715555549    
        1636  -1.50666666      0.691111088    
        1638  -1.42222226      0.688888907    
        1640  -1.57777774      0.775555551    
        1642  -1.54666662      0.757777750    
        1644  -1.57333338      0.788888872    
        1646  -1.58666670      0.784444451    
        1648  -1.54666662      0.773333311    
        1650  -1.51555550      0.740000010    
        1652  -1.51111114      0.717777789    
        1654  -1.50666666      0.759999990    
        1656  -1.49333334      0.744444430    
        1658  -1.55111110      0.779999971    
        1660  -1.61777782      0.819999993    
        1662  -1.59111106      0.837777793    
        1664  -1.68444443      0.873333335    
        1666  -1.63111115      0.864444435    
        1668  -1.73333335      0.902222216    
        1670  -1.69333339      0.906666696    
        1672  -1.71555555      0.906666696    
        1674  -1.62222219      0.866666675    
        1676  -1.62666667      0.875555575    
        1678  -1.63555551      0.882222235    
        1680  -1.78666663      0.915555537    
        1682  -1.75111115      0.895555556    
        1684  -1.68888891      0.879999995    
        1686  -1.75555551      0.904444456    
        1688  -1.60888886      0.837777793    
        1690  -1.75111115      0.915555537    
        1692  -1.66666663      0.886666656    
        1694  -1.74666667      0.920000017    
        1696  -1.72888887      0.913333356    
        1698  -1.72000003      0.911111116    
        1700  -1.75555551      0.926666677    
        1702  -1.77777779      0.933333337    
        1704  -1.77333331      0.928888917    
        1706  -1.70222223      0.902222216    
        1708  -1.73777783      0.924444437    
        1710  -1.79111111      0.922222197    
        1712  -1.70666671      0.899999976    
        1714  -1.67111111      0.877777755    
        1716  -1.64888895      0.853333354    
        1718  -1.66222227      0.879999995    
        1720  -1.66222227      0.873333335    
        1722  -1.65333331      0.835555553    
        1724  -1.74666667      0.888888896    
        1726  -1.72444439      0.886666656    
        1728  -1.73777783      0.891111135    
        1730  -1.66666663      0.868888915    
        1732  -1.74666667      0.897777796    
        1734  -1.69333339      0.864444435    
        1736  -1.68888891      0.886666656    
        1738  -1.60000002      0.831111133    
        1740  -1.54666662      0.817777753    
        1742  -1.61777782      0.866666675    
        1744  -1.69333339      0.877777755    
        1746  -1.62222219      0.855555534    
        1748  -1.65777779      0.868888915    
        1750  -1.56444442      0.795555532    
        1752  -1.63111115      0.855555534    
        1754  -1.68444443      0.891111135    
        1756  -1.71555555      0.913333356    
        1758  -1.66666663      0.893333316    
        1760  -1.69777775      0.902222216    
        1762  -1.62666667      0.860000014    
        1764  -1.61333334      0.842222214    
        1766  -1.55555558      0.839999974    
        1768  -1.67111111      0.877777755    
        1770  -1.62222219      0.873333335    
        1772  -1.69333339      0.893333316    
        1774  -1.66222227      0.893333316    
        1776  -1.74666667      0.911111116    
        1778  -1.74666667      0.904444456    
        1780  -1.64444447      0.844444454    
        1782  -1.65333331      0.846666694    
        1784  -1.58666670      0.793333352    
        1786  -1.51999998      0.773333311    
        1788  -1.55555558      0.764444470    
        1790  -1.54666662      0.775555551    
        1792  -1.57777774      0.773333311    
        1794  -1.55555558      0.822222233    
        1796  -1.53333330      0.793333352    
        1798  -1.54666662      0.804444432    
        1800  -1.57333338      0.842222214    
        1802  -1.60888886      0.831111133    
        1804  -1.56888890      0.806666672    
        1806  -1.49777782      0.788888872    
        1808  -1.56444442      0.811111093    
        1810  -1.56888890      0.842222214    
        1812  -1.63111115      0.853333354    
        1814  -1.63111115      0.862222195    
        1816  -1.52444446      0.828888893    
        1818  -1.58666670      0.837777793    
        1820  -1.59555554      0.853333354    
        1822  -1.66666663      0.860000014    
        1824  -1.62666667      0.860000014    
        1826  -1.65777779      0.879999995    
        1828  -1.69777775      0.895555556    
        1830  -1.67999995      0.884444416    
        1832  -1.66666663      0.879999995    
        1834  -1.68888891      0.893333316    
        1836  -1.75111115      0.920000017    
        1838  -1.69333339      0.895555556    
        1840  -1.56888890      0.839999974    
        1842  -1.65777779      0.877777755    
        1844  -1.69777775      0.895555556    
        1846  -1.67111111      0.893333316    
        1848  -1.69777775      0.899999976    
        1850  -1.76888883      0.931111097    
        1852  -1.74666667      0.911111116    
        1854  -1.74222219      0.915555537    
        1856  -1.67111111      0.886666656    
        1858  -1.63555551      0.855555534    
        1860  -1.63111115      0.855555534    
        1862  -1.59555554      0.837777793    
        1864  -1.67111111      0.866666675    
        1866  -1.67999995      0.860000014    
        1868  -1.71555555      0.877777755    
        1870  -1.72444439      0.868888915    
        1872  -1.67999995      0.871111095    
        1874  -1.72444439      0.906666696    
        1876  -1.71111107      0.897777796    
        1878  -1.65333331      0.884444416    
        1880  -1.71555555      0.893333316    
        1882  -1.70222223      0.902222216    
        1884  -1.65777779      0.891111135    
        1886  -1.72444439      0.915555537    
        1888  -1.66222227      0.882222235    
        1890  -1.72888887      0.915555537    
        1892  -1.73777783      0.902222216    
        1894  -1.77333331      0.924444437    
        1896  -1.67999995      0.888888896    
        1898  -1.61333334      0.860000014    
        1900  -1.69333339      0.893333316    
        1902  -1.75111115      0.917777777    
        1904  -1.67111111      0.884444416    
        1906  -1.83111107      0.946666658    
        1908  -1.73777783      0.922222197    
        1910  -1.74666667      0.917777777    
        1912  -1.75111115      0.906666696    
        1914  -1.65777779      0.862222195    
        1916  -1.71555555      0.899999976    
        1918  -1.72888887      0.904444456    
        1920  -1.65777779      0.891111135    
        1922  -1.66666663      0.868888915    
        1924  -1.63555551      0.848888874    
        1926  -1.56888890      0.826666653    
        1928  -1.59111106      0.815555573    
        1930  -1.63999999      0.837777793    
        1932  -1.61777782      0.808888912    
        1934  -1.62222219      0.813333333    
        1936  -1.54666662      0.777777791    
        1938  -1.58222222      0.775555551    
        1940  -1.50666666      0.748888910    
        1942  -1.56444442      0.773333311    
        1944  -1.54222226      0.811111093    
        1946  -1.61777782      0.839999974    
        1948  -1.54666662      0.813333333    
        1950  -1.53777778      0.797777772    
        1952  -1.60888886      0.819999993    
        1954  -1.58222222      0.833333313    
        1956  -1.63999999      0.884444416    
        1958  -1.71555555      0.911111116    
        1960  -1.71111107      0.917777777    
        1962  -1.68888891      0.899999976    
        1964  -1.74666667      0.908888876    
        1966  -1.75999999      0.928888917    
        1968  -1.81777775      0.948888898    
        1970  -1.64888895      0.891111135    
        1972  -1.74666667      0.924444437    
        1974  -1.68444443      0.899999976    
        1976  -1.63999999      0.875555575    
        1978  -1.70666671      0.891111135    
        1980  -1.65777779      0.895555556    
        1982  -1.63999999      0.877777755    
        1984  -1.75555551      0.917777777    
        1986  -1.68444443      0.893333316    
        1988  -1.62666667      0.860000014    
        1990  -1.60444450      0.855555534    
        1992  -1.60888886      0.848888874    
        1994  -1.58222222      0.835555553    
        1996  -1.51999998      0.788888872    
        1998  -1.54666662      0.786666691    
        2000  -1.52888894      0.771111131    
