 # Cycle    Energy/N    Magnetization/N
           2  -1.08000004       9.33333337E-02
           4  -1.38666666       7.55555555E-02
           6  -1.51555550       5.99999987E-02
           8  -1.57333338       2.88888887E-02
          10  -1.62222219       6.66666701E-02
          12  -1.67111111       4.22222205E-02
          14  -1.66666663      -2.22222228E-03
          16  -1.68444443      -1.55555559E-02
          18  -1.69777775      -1.99999996E-02
          20  -1.72000003      -2.22222228E-03
          22  -1.71111107       4.44444455E-03
          24  -1.74222219      -1.99999996E-02
          26  -1.72888887      -4.66666669E-02
          28  -1.72888887      -4.22222205E-02
          30  -1.75555551      -6.88888878E-02
          32  -1.75555551      -8.44444409E-02
          34  -1.79555559      -9.77777764E-02
          36  -1.80888891     -0.102222219    
          38  -1.80888891     -0.100000001    
          40  -1.80444443      -8.88888910E-02
          42  -1.80888891      -5.99999987E-02
          44  -1.80888891      -7.55555555E-02
          46  -1.80888891      -5.99999987E-02
          48  -1.79999995      -5.33333346E-02
          50  -1.79555559      -3.33333351E-02
          52  -1.79999995      -3.77777778E-02
          54  -1.80444443      -3.99999991E-02
          56  -1.82222223      -2.44444441E-02
          58  -1.82222223      -3.99999991E-02
          60  -1.81777775      -4.22222205E-02
          62  -1.84000003      -6.88888878E-02
          64  -1.82666671      -7.11111128E-02
          66  -1.82666671      -6.66666701E-02
          68  -1.82222223      -9.55555588E-02
          70  -1.78666663      -9.33333337E-02
          72  -1.81333339     -0.111111112    
          74  -1.79999995     -0.133333340    
          76  -1.80444443     -0.122222222    
          78  -1.80444443     -0.124444447    
          80  -1.80444443     -0.140000001    
          82  -1.79999995     -0.142222226    
          84  -1.81777775     -0.175555557    
          86  -1.81777775     -0.166666672    
          88  -1.81333339     -0.173333332    
          90  -1.81777775     -0.144444451    
          92  -1.80444443     -0.166666672    
          94  -1.81777775     -0.144444451    
          96  -1.81777775     -0.142222226    
          98  -1.80444443     -0.140000001    
         100  -1.80888891     -0.142222226    
         102  -1.81333339     -0.146666661    
         104  -1.80888891     -0.148888886    
         106  -1.81333339     -0.166666672    
         108  -1.83111107     -0.177777782    
         110  -1.81777775     -0.171111107    
         112  -1.83555555     -0.182222217    
         114  -1.83555555     -0.184444442    
         116  -1.82666671     -0.193333328    
         118  -1.79555559     -0.177777782    
         120  -1.81777775     -0.171111107    
         122  -1.79999995     -0.166666672    
         124  -1.81777775     -0.166666672    
         126  -1.81333339     -0.177777782    
         128  -1.82666671     -0.166666672    
         130  -1.80444443     -0.157777771    
         132  -1.80444443     -0.166666672    
         134  -1.81777775     -0.191111118    
         136  -1.79999995     -0.206666663    
         138  -1.82222223     -0.195555553    
         140  -1.80888891     -0.213333338    
         142  -1.80444443     -0.251111120    
         144  -1.79999995     -0.231111109    
         146  -1.80444443     -0.235555559    
         148  -1.80444443     -0.231111109    
         150  -1.79555559     -0.248888895    
         152  -1.81333339     -0.233333334    
         154  -1.82666671     -0.262222230    
         156  -1.82222223     -0.284444451    
         158  -1.79999995     -0.295555562    
         160  -1.81333339     -0.297777772    
         162  -1.81777775     -0.264444441    
         164  -1.80888891     -0.246666670    
         166  -1.82222223     -0.237777784    
         168  -1.80444443     -0.226666674    
         170  -1.80888891     -0.222222224    
         172  -1.81777775     -0.217777774    
         174  -1.81333339     -0.228888884    
         176  -1.82222223     -0.235555559    
         178  -1.80444443     -0.255555570    
         180  -1.82222223     -0.308888882    
         182  -1.81777775     -0.286666662    
         184  -1.83111107     -0.308888882    
         186  -1.83111107     -0.284444451    
         188  -1.80888891     -0.257777780    
         190  -1.82666671     -0.262222230    
         192  -1.82666671     -0.266666681    
         194  -1.80444443     -0.280000001    
         196  -1.81333339     -0.266666681    
         198  -1.82666671     -0.280000001    
         200  -1.79999995     -0.264444441    
         202  -1.81333339     -0.246666670    
         204  -1.82666671     -0.255555570    
         206  -1.79999995     -0.277777791    
         208  -1.80444443     -0.306666672    
         210  -1.81333339     -0.324444443    
         212  -1.80888891     -0.319999993    
         214  -1.83111107     -0.355555564    
         216  -1.82666671     -0.362222224    
         218  -1.82666671     -0.348888874    
         220  -1.82666671     -0.371111125    
         222  -1.82222223     -0.384444445    
         224  -1.79555559     -0.393333346    
         226  -1.81777775     -0.415555567    
         228  -1.80444443     -0.424444437    
         230  -1.81333339     -0.415555567    
         232  -1.80888891     -0.402222216    
         234  -1.79111111     -0.404444456    
         236  -1.80444443     -0.422222227    
         238  -1.81333339     -0.455555558    
         240  -1.81777775     -0.466666669    
         242  -1.83111107     -0.457777768    
         244  -1.82666671     -0.446666658    
         246  -1.82222223     -0.431111097    
         248  -1.81777775     -0.457777768    
         250  -1.81777775     -0.479999989    
         252  -1.82222223     -0.488888890    
         254  -1.82222223     -0.479999989    
         256  -1.82222223     -0.468888879    
         258  -1.82222223     -0.471111119    
         260  -1.81777775     -0.437777787    
         262  -1.82222223     -0.446666658    
         264  -1.81333339     -0.444444448    
         266  -1.82222223     -0.475555569    
         268  -1.80444443     -0.491111100    
         270  -1.83555555     -0.475555569    
         272  -1.84000003     -0.484444439    
         274  -1.82222223     -0.517777801    
         276  -1.80888891     -0.506666660    
         278  -1.81777775     -0.497777790    
         280  -1.82666671     -0.497777790    
         282  -1.80888891     -0.524444461    
         284  -1.82666671     -0.535555542    
         286  -1.81777775     -0.544444442    
         288  -1.82222223     -0.577777803    
         290  -1.80444443     -0.582222223    
         292  -1.79999995     -0.542222202    
         294  -1.81333339     -0.575555563    
         296  -1.80888891     -0.579999983    
         298  -1.80444443     -0.564444423    
         300  -1.81777775     -0.584444463    
         302  -1.80444443     -0.579999983    
         304  -1.81777775     -0.591111124    
         306  -1.81777775     -0.615555584    
         308  -1.82222223     -0.615555584    
         310  -1.81777775     -0.615555584    
         312  -1.82222223     -0.628888905    
         314  -1.82666671     -0.613333344    
         316  -1.80888891     -0.604444444    
         318  -1.79999995     -0.586666644    
         320  -1.79999995     -0.542222202    
         322  -1.79999995     -0.544444442    
         324  -1.80888891     -0.555555582    
         326  -1.81777775     -0.557777762    
         328  -1.82666671     -0.575555563    
         330  -1.81333339     -0.557777762    
         332  -1.80444443     -0.562222242    
         334  -1.79999995     -0.573333323    
         336  -1.81777775     -0.571111083    
         338  -1.81333339     -0.553333342    
         340  -1.81777775     -0.564444423    
         342  -1.81777775     -0.537777781    
         344  -1.82666671     -0.479999989    
         346  -1.83555555     -0.471111119    
         348  -1.83111107     -0.431111097    
         350  -1.83111107     -0.395555556    
         352  -1.79999995     -0.377777785    
         354  -1.82666671     -0.360000014    
         356  -1.82222223     -0.375555545    
         358  -1.82222223     -0.382222235    
         360  -1.84444439     -0.388888896    
         362  -1.81333339     -0.362222224    
         364  -1.82666671     -0.366666675    
         366  -1.82666671     -0.391111106    
         368  -1.82666671     -0.384444445    
         370  -1.83555555     -0.382222235    
         372  -1.82222223     -0.368888885    
         374  -1.83111107     -0.388888896    
         376  -1.82222223     -0.379999995    
         378  -1.82222223     -0.393333346    
         380  -1.81777775     -0.417777777    
         382  -1.81333339     -0.428888887    
         384  -1.80444443     -0.442222208    
         386  -1.80444443     -0.431111097    
         388  -1.81777775     -0.437777787    
         390  -1.82666671     -0.446666658    
         392  -1.82222223     -0.433333337    
         394  -1.84000003     -0.464444458    
         396  -1.82666671     -0.464444458    
         398  -1.83111107     -0.475555569    
         400  -1.83555555     -0.486666679    
         402  -1.81777775     -0.486666679    
         404  -1.82666671     -0.471111119    
         406  -1.79555559     -0.442222208    
         408  -1.79999995     -0.428888887    
         410  -1.81333339     -0.413333327    
         412  -1.82666671     -0.404444456    
         414  -1.80444443     -0.446666658    
         416  -1.82222223     -0.431111097    
         418  -1.83111107     -0.457777768    
         420  -1.82666671     -0.444444448    
         422  -1.80444443     -0.442222208    
         424  -1.82666671     -0.431111097    
         426  -1.82666671     -0.448888898    
         428  -1.82222223     -0.477777779    
         430  -1.83555555     -0.479999989    
         432  -1.81777775     -0.468888879    
         434  -1.82666671     -0.491111100    
         436  -1.82222223     -0.508888900    
         438  -1.81333339     -0.504444420    
         440  -1.82666671     -0.500000000    
         442  -1.84000003     -0.493333340    
         444  -1.82222223     -0.466666669    
         446  -1.82666671     -0.464444458    
         448  -1.81777775     -0.466666669    
         450  -1.77333331     -0.455555558    
         452  -1.82222223     -0.426666677    
         454  -1.83555555     -0.446666658    
         456  -1.81333339     -0.460000008    
         458  -1.80444443     -0.426666677    
         460  -1.79555559     -0.426666677    
         462  -1.81777775     -0.433333337    
         464  -1.82666671     -0.411111116    
         466  -1.82222223     -0.406666666    
         468  -1.82666671     -0.397777766    
         470  -1.81777775     -0.371111125    
         472  -1.80888891     -0.353333324    
         474  -1.79555559     -0.351111114    
         476  -1.83111107     -0.353333324    
         478  -1.82666671     -0.317777783    
         480  -1.82666671     -0.300000012    
         482  -1.81777775     -0.297777772    
         484  -1.83111107     -0.297777772    
         486  -1.83111107     -0.317777783    
         488  -1.82222223     -0.331111103    
         490  -1.82222223     -0.324444443    
         492  -1.83111107     -0.286666662    
         494  -1.80444443     -0.293333322    
         496  -1.79555559     -0.315555543    
         498  -1.80444443     -0.348888874    
         500  -1.81333339     -0.324444443    
         502  -1.81333339     -0.322222233    
         504  -1.81333339     -0.306666672    
         506  -1.81333339     -0.315555543    
         508  -1.82666671     -0.328888893    
         510  -1.81333339     -0.346666664    
         512  -1.81777775     -0.360000014    
         514  -1.83111107     -0.366666675    
         516  -1.82222223     -0.379999995    
         518  -1.81333339     -0.382222235    
         520  -1.80888891     -0.406666666    
         522  -1.83555555     -0.471111119    
         524  -1.83111107     -0.484444439    
         526  -1.83111107     -0.513333321    
         528  -1.80888891     -0.522222221    
         530  -1.82666671     -0.519999981    
         532  -1.82666671     -0.526666641    
         534  -1.82666671     -0.533333361    
         536  -1.84444439     -0.524444461    
         538  -1.83111107     -0.542222202    
         540  -1.82222223     -0.504444420    
         542  -1.82666671     -0.528888881    
         544  -1.82222223     -0.531111121    
         546  -1.83555555     -0.500000000    
         548  -1.80444443     -0.517777801    
         550  -1.82666671     -0.515555561    
         552  -1.82222223     -0.517777801    
         554  -1.83111107     -0.524444461    
         556  -1.84000003     -0.537777781    
         558  -1.83111107     -0.548888862    
         560  -1.82666671     -0.542222202    
         562  -1.83111107     -0.562222242    
         564  -1.83111107     -0.571111083    
         566  -1.82222223     -0.573333323    
         568  -1.82666671     -0.562222242    
         570  -1.83555555     -0.551111102    
         572  -1.83555555     -0.548888862    
         574  -1.84000003     -0.557777762    
         576  -1.82666671     -0.535555542    
         578  -1.82666671     -0.544444442    
         580  -1.81777775     -0.551111102    
         582  -1.82222223     -0.555555582    
         584  -1.83111107     -0.553333342    
         586  -1.83111107     -0.537777781    
         588  -1.82222223     -0.548888862    
         590  -1.82222223     -0.548888862    
         592  -1.83111107     -0.571111083    
         594  -1.82222223     -0.573333323    
         596  -1.82222223     -0.553333342    
         598  -1.83111107     -0.575555563    
         600  -1.83111107     -0.593333304    
         602  -1.80444443     -0.617777765    
         604  -1.80888891     -0.615555584    
         606  -1.79999995     -0.611111104    
         608  -1.82222223     -0.635555565    
         610  -1.80444443     -0.660000026    
         612  -1.79555559     -0.617777765    
         614  -1.80888891     -0.657777786    
         616  -1.82666671     -0.688888907    
         618  -1.82666671     -0.655555546    
         620  -1.84000003     -0.668888867    
         622  -1.84888887     -0.691111088    
         624  -1.82666671     -0.708888888    
         626  -1.81333339     -0.737777770    
         628  -1.83555555     -0.753333330    
         630  -1.85333335     -0.802222252    
         632  -1.86666667     -0.835555553    
         634  -1.85777783     -0.860000014    
         636  -1.87555552     -0.857777774    
         638  -1.88444448     -0.904444456    
         640  -1.92888892     -0.922222197    
         642  -1.92888892     -0.920000017    
         644  -1.93777776     -0.946666658    
         646  -1.96000004     -0.962222219    
         648  -1.96888888     -0.986666679    
         650  -1.96888888     -0.986666679    
         652  -1.98222220     -0.995555580    
         654  -2.00000000      -1.00000000    
         656  -2.00000000      -1.00000000    
         658  -2.00000000      -1.00000000    
         660  -2.00000000      -1.00000000    
         662  -2.00000000      -1.00000000    
         664  -1.99111116     -0.997777760    
         666  -2.00000000      -1.00000000    
         668  -2.00000000      -1.00000000    
         670  -1.98222220     -0.995555580    
         672  -2.00000000      -1.00000000    
         674  -1.99111116     -0.997777760    
         676  -2.00000000      -1.00000000    
         678  -1.98222220     -0.995555580    
         680  -2.00000000      -1.00000000    
         682  -1.99111116     -0.997777760    
         684  -1.99111116     -0.997777760    
         686  -2.00000000      -1.00000000    
         688  -2.00000000      -1.00000000    
         690  -1.99111116     -0.997777760    
         692  -2.00000000      -1.00000000    
         694  -2.00000000      -1.00000000    
         696  -2.00000000      -1.00000000    
         698  -1.99111116     -0.997777760    
         700  -2.00000000      -1.00000000    
         702  -1.99111116     -0.997777760    
         704  -2.00000000      -1.00000000    
         706  -2.00000000      -1.00000000    
         708  -2.00000000      -1.00000000    
         710  -1.99111116     -0.997777760    
         712  -1.98222220     -0.995555580    
         714  -2.00000000      -1.00000000    
         716  -1.98222220     -0.995555580    
         718  -1.98222220     -0.995555580    
         720  -1.98222220     -0.995555580    
         722  -2.00000000      -1.00000000    
         724  -2.00000000      -1.00000000    
         726  -1.99111116     -0.997777760    
         728  -2.00000000      -1.00000000    
         730  -2.00000000      -1.00000000    
         732  -2.00000000      -1.00000000    
         734  -1.98222220     -0.995555580    
         736  -2.00000000      -1.00000000    
         738  -2.00000000      -1.00000000    
         740  -1.99111116     -0.997777760    
         742  -2.00000000      -1.00000000    
         744  -1.99111116     -0.997777760    
         746  -2.00000000      -1.00000000    
         748  -1.98666668     -0.995555580    
         750  -2.00000000      -1.00000000    
         752  -1.99111116     -0.997777760    
         754  -2.00000000      -1.00000000    
         756  -2.00000000      -1.00000000    
         758  -2.00000000      -1.00000000    
         760  -2.00000000      -1.00000000    
         762  -2.00000000      -1.00000000    
         764  -2.00000000      -1.00000000    
         766  -2.00000000      -1.00000000    
         768  -2.00000000      -1.00000000    
         770  -1.99111116     -0.997777760    
         772  -1.99111116     -0.997777760    
         774  -1.99111116     -0.997777760    
         776  -1.96888888     -0.991111100    
         778  -1.97777772     -0.993333340    
         780  -2.00000000      -1.00000000    
         782  -1.99111116     -0.997777760    
         784  -1.99111116     -0.997777760    
         786  -2.00000000      -1.00000000    
         788  -2.00000000      -1.00000000    
         790  -1.99111116     -0.997777760    
         792  -2.00000000      -1.00000000    
         794  -1.99111116     -0.997777760    
         796  -1.98222220     -0.995555580    
         798  -1.99111116     -0.997777760    
         800  -2.00000000      -1.00000000    
         802  -2.00000000      -1.00000000    
         804  -2.00000000      -1.00000000    
         806  -2.00000000      -1.00000000    
         808  -2.00000000      -1.00000000    
         810  -2.00000000      -1.00000000    
         812  -2.00000000      -1.00000000    
         814  -2.00000000      -1.00000000    
         816  -2.00000000      -1.00000000    
         818  -2.00000000      -1.00000000    
         820  -2.00000000      -1.00000000    
         822  -1.99111116     -0.997777760    
         824  -2.00000000      -1.00000000    
         826  -1.99111116     -0.997777760    
         828  -2.00000000      -1.00000000    
         830  -2.00000000      -1.00000000    
         832  -1.99111116     -0.997777760    
         834  -2.00000000      -1.00000000    
         836  -2.00000000      -1.00000000    
         838  -2.00000000      -1.00000000    
         840  -2.00000000      -1.00000000    
         842  -2.00000000      -1.00000000    
         844  -1.99111116     -0.997777760    
         846  -2.00000000      -1.00000000    
         848  -1.99111116     -0.997777760    
         850  -1.97777772     -0.993333340    
         852  -2.00000000      -1.00000000    
         854  -1.99111116     -0.997777760    
         856  -1.98222220     -0.995555580    
         858  -1.99111116     -0.997777760    
         860  -1.99111116     -0.997777760    
         862  -2.00000000      -1.00000000    
         864  -1.99111116     -0.997777760    
         866  -2.00000000      -1.00000000    
         868  -2.00000000      -1.00000000    
         870  -1.99111116     -0.997777760    
         872  -2.00000000      -1.00000000    
         874  -1.99111116     -0.997777760    
         876  -2.00000000      -1.00000000    
         878  -2.00000000      -1.00000000    
         880  -1.98222220     -0.995555580    
         882  -2.00000000      -1.00000000    
         884  -2.00000000      -1.00000000    
         886  -2.00000000      -1.00000000    
         888  -2.00000000      -1.00000000    
         890  -1.99111116     -0.997777760    
         892  -2.00000000      -1.00000000    
         894  -1.99111116     -0.997777760    
         896  -2.00000000      -1.00000000    
         898  -2.00000000      -1.00000000    
         900  -2.00000000      -1.00000000    
         902  -1.99111116     -0.997777760    
         904  -2.00000000      -1.00000000    
         906  -1.98222220     -0.995555580    
         908  -1.99111116     -0.997777760    
         910  -2.00000000      -1.00000000    
         912  -2.00000000      -1.00000000    
         914  -2.00000000      -1.00000000    
         916  -1.99111116     -0.997777760    
         918  -1.98666668     -0.995555580    
         920  -1.99111116     -0.997777760    
         922  -2.00000000      -1.00000000    
         924  -1.99111116     -0.997777760    
         926  -2.00000000      -1.00000000    
         928  -2.00000000      -1.00000000    
         930  -2.00000000      -1.00000000    
         932  -2.00000000      -1.00000000    
         934  -2.00000000      -1.00000000    
         936  -1.99111116     -0.997777760    
         938  -2.00000000      -1.00000000    
         940  -1.99111116     -0.997777760    
         942  -1.98222220     -0.995555580    
         944  -1.99111116     -0.997777760    
         946  -1.99111116     -0.997777760    
         948  -2.00000000      -1.00000000    
         950  -1.99111116     -0.997777760    
         952  -1.99111116     -0.997777760    
         954  -2.00000000      -1.00000000    
         956  -2.00000000      -1.00000000    
         958  -2.00000000      -1.00000000    
         960  -1.99111116     -0.997777760    
         962  -2.00000000      -1.00000000    
         964  -2.00000000      -1.00000000    
         966  -2.00000000      -1.00000000    
         968  -1.99111116     -0.997777760    
         970  -2.00000000      -1.00000000    
         972  -2.00000000      -1.00000000    
         974  -2.00000000      -1.00000000    
         976  -1.99111116     -0.997777760    
         978  -1.99111116     -0.997777760    
         980  -1.96444440     -0.991111100    
         982  -1.99111116     -0.997777760    
         984  -1.99111116     -0.997777760    
         986  -2.00000000      -1.00000000    
         988  -2.00000000      -1.00000000    
         990  -2.00000000      -1.00000000    
         992  -2.00000000      -1.00000000    
         994  -1.99111116     -0.997777760    
         996  -1.99111116     -0.997777760    
         998  -1.97333336     -0.993333340    
        1000  -1.99111116     -0.997777760    
        1002  -1.99111116     -0.997777760    
        1004  -2.00000000      -1.00000000    
        1006  -2.00000000      -1.00000000    
        1008  -2.00000000      -1.00000000    
        1010  -2.00000000      -1.00000000    
        1012  -1.99111116     -0.997777760    
        1014  -2.00000000      -1.00000000    
        1016  -2.00000000      -1.00000000    
        1018  -2.00000000      -1.00000000    
        1020  -2.00000000      -1.00000000    
        1022  -1.98222220     -0.995555580    
        1024  -2.00000000      -1.00000000    
        1026  -2.00000000      -1.00000000    
        1028  -2.00000000      -1.00000000    
        1030  -2.00000000      -1.00000000    
        1032  -2.00000000      -1.00000000    
        1034  -2.00000000      -1.00000000    
        1036  -2.00000000      -1.00000000    
        1038  -1.99111116     -0.997777760    
        1040  -1.99111116     -0.997777760    
        1042  -1.98222220     -0.995555580    
        1044  -1.99111116     -0.997777760    
        1046  -1.98222220     -0.995555580    
        1048  -1.96000004     -0.988888860    
        1050  -2.00000000      -1.00000000    
        1052  -1.97333336     -0.993333340    
        1054  -2.00000000      -1.00000000    
        1056  -1.99111116     -0.997777760    
        1058  -2.00000000      -1.00000000    
        1060  -1.98222220     -0.995555580    
        1062  -1.98222220     -0.995555580    
        1064  -2.00000000      -1.00000000    
        1066  -1.99111116     -0.997777760    
        1068  -1.99111116     -0.997777760    
        1070  -2.00000000      -1.00000000    
        1072  -2.00000000      -1.00000000    
        1074  -2.00000000      -1.00000000    
        1076  -1.99111116     -0.997777760    
        1078  -2.00000000      -1.00000000    
        1080  -2.00000000      -1.00000000    
        1082  -1.99111116     -0.997777760    
        1084  -2.00000000      -1.00000000    
        1086  -1.97333336     -0.993333340    
        1088  -2.00000000      -1.00000000    
        1090  -2.00000000      -1.00000000    
        1092  -1.99111116     -0.997777760    
        1094  -1.98222220     -0.995555580    
        1096  -1.99111116     -0.997777760    
        1098  -1.97333336     -0.993333340    
        1100  -1.99111116     -0.997777760    
        1102  -1.99111116     -0.997777760    
        1104  -2.00000000      -1.00000000    
        1106  -2.00000000      -1.00000000    
        1108  -1.99111116     -0.997777760    
        1110  -2.00000000      -1.00000000    
        1112  -2.00000000      -1.00000000    
        1114  -1.99111116     -0.997777760    
        1116  -2.00000000      -1.00000000    
        1118  -1.99111116     -0.997777760    
        1120  -1.99111116     -0.997777760    
        1122  -2.00000000      -1.00000000    
        1124  -2.00000000      -1.00000000    
        1126  -2.00000000      -1.00000000    
        1128  -2.00000000      -1.00000000    
        1130  -2.00000000      -1.00000000    
        1132  -2.00000000      -1.00000000    
        1134  -1.99111116     -0.997777760    
        1136  -2.00000000      -1.00000000    
        1138  -2.00000000      -1.00000000    
        1140  -2.00000000      -1.00000000    
        1142  -2.00000000      -1.00000000    
        1144  -2.00000000      -1.00000000    
        1146  -1.99111116     -0.997777760    
        1148  -1.98222220     -0.995555580    
        1150  -1.96444440     -0.991111100    
        1152  -1.98222220     -0.995555580    
        1154  -2.00000000      -1.00000000    
        1156  -1.99111116     -0.997777760    
        1158  -2.00000000      -1.00000000    
        1160  -1.99111116     -0.997777760    
        1162  -2.00000000      -1.00000000    
        1164  -1.99111116     -0.997777760    
        1166  -1.99111116     -0.997777760    
        1168  -2.00000000      -1.00000000    
        1170  -1.99111116     -0.997777760    
        1172  -2.00000000      -1.00000000    
        1174  -2.00000000      -1.00000000    
        1176  -1.97333336     -0.993333340    
        1178  -1.98222220     -0.995555580    
        1180  -1.98222220     -0.995555580    
        1182  -1.99111116     -0.997777760    
        1184  -2.00000000      -1.00000000    
        1186  -1.99111116     -0.997777760    
        1188  -2.00000000      -1.00000000    
        1190  -1.99111116     -0.997777760    
        1192  -1.98222220     -0.995555580    
        1194  -1.98666668     -0.995555580    
        1196  -1.97333336     -0.993333340    
        1198  -1.99111116     -0.997777760    
        1200  -2.00000000      -1.00000000    
        1202  -2.00000000      -1.00000000    
        1204  -1.98222220     -0.995555580    
        1206  -2.00000000      -1.00000000    
        1208  -2.00000000      -1.00000000    
        1210  -1.99111116     -0.997777760    
        1212  -1.99111116     -0.997777760    
        1214  -2.00000000      -1.00000000    
        1216  -2.00000000      -1.00000000    
        1218  -2.00000000      -1.00000000    
        1220  -2.00000000      -1.00000000    
        1222  -2.00000000      -1.00000000    
        1224  -1.98666668     -0.995555580    
        1226  -2.00000000      -1.00000000    
        1228  -1.99111116     -0.997777760    
        1230  -2.00000000      -1.00000000    
        1232  -2.00000000      -1.00000000    
        1234  -2.00000000      -1.00000000    
        1236  -1.99111116     -0.997777760    
        1238  -1.98222220     -0.995555580    
        1240  -2.00000000      -1.00000000    
        1242  -1.99111116     -0.997777760    
        1244  -2.00000000      -1.00000000    
        1246  -1.99111116     -0.997777760    
        1248  -2.00000000      -1.00000000    
        1250  -1.99111116     -0.997777760    
        1252  -2.00000000      -1.00000000    
        1254  -2.00000000      -1.00000000    
        1256  -2.00000000      -1.00000000    
        1258  -2.00000000      -1.00000000    
        1260  -1.99111116     -0.997777760    
        1262  -2.00000000      -1.00000000    
        1264  -2.00000000      -1.00000000    
        1266  -1.99111116     -0.997777760    
        1268  -1.97777772     -0.993333340    
        1270  -1.98222220     -0.995555580    
        1272  -2.00000000      -1.00000000    
        1274  -2.00000000      -1.00000000    
        1276  -2.00000000      -1.00000000    
        1278  -1.99111116     -0.997777760    
        1280  -1.99111116     -0.997777760    
        1282  -2.00000000      -1.00000000    
        1284  -2.00000000      -1.00000000    
        1286  -1.99111116     -0.997777760    
        1288  -1.97333336     -0.993333340    
        1290  -1.97333336     -0.993333340    
        1292  -1.99111116     -0.997777760    
        1294  -1.99111116     -0.997777760    
        1296  -1.99111116     -0.997777760    
        1298  -1.99111116     -0.997777760    
        1300  -2.00000000      -1.00000000    
        1302  -1.99111116     -0.997777760    
        1304  -2.00000000      -1.00000000    
        1306  -2.00000000      -1.00000000    
        1308  -2.00000000      -1.00000000    
        1310  -2.00000000      -1.00000000    
        1312  -2.00000000      -1.00000000    
        1314  -2.00000000      -1.00000000    
        1316  -2.00000000      -1.00000000    
        1318  -1.99111116     -0.997777760    
        1320  -2.00000000      -1.00000000    
        1322  -1.99111116     -0.997777760    
        1324  -2.00000000      -1.00000000    
        1326  -2.00000000      -1.00000000    
        1328  -1.97777772     -0.993333340    
        1330  -2.00000000      -1.00000000    
        1332  -1.98222220     -0.995555580    
        1334  -1.99111116     -0.997777760    
        1336  -1.99111116     -0.997777760    
        1338  -2.00000000      -1.00000000    
        1340  -1.98222220     -0.995555580    
        1342  -1.98222220     -0.995555580    
        1344  -2.00000000      -1.00000000    
        1346  -1.99111116     -0.997777760    
        1348  -1.99111116     -0.997777760    
        1350  -1.99111116     -0.997777760    
        1352  -2.00000000      -1.00000000    
        1354  -2.00000000      -1.00000000    
        1356  -2.00000000      -1.00000000    
        1358  -2.00000000      -1.00000000    
        1360  -2.00000000      -1.00000000    
        1362  -1.98222220     -0.995555580    
        1364  -1.97333336     -0.993333340    
        1366  -2.00000000      -1.00000000    
        1368  -2.00000000      -1.00000000    
        1370  -1.98222220     -0.995555580    
        1372  -1.99111116     -0.997777760    
        1374  -2.00000000      -1.00000000    
        1376  -2.00000000      -1.00000000    
        1378  -2.00000000      -1.00000000    
        1380  -1.99111116     -0.997777760    
        1382  -2.00000000      -1.00000000    
        1384  -2.00000000      -1.00000000    
        1386  -1.99111116     -0.997777760    
        1388  -1.99111116     -0.997777760    
        1390  -2.00000000      -1.00000000    
        1392  -2.00000000      -1.00000000    
        1394  -1.99111116     -0.997777760    
        1396  -2.00000000      -1.00000000    
        1398  -1.99111116     -0.997777760    
        1400  -2.00000000      -1.00000000    
        1402  -2.00000000      -1.00000000    
        1404  -2.00000000      -1.00000000    
        1406  -2.00000000      -1.00000000    
        1408  -2.00000000      -1.00000000    
        1410  -1.99111116     -0.997777760    
        1412  -1.98222220     -0.995555580    
        1414  -2.00000000      -1.00000000    
        1416  -1.99111116     -0.997777760    
        1418  -2.00000000      -1.00000000    
        1420  -1.99111116     -0.997777760    
        1422  -2.00000000      -1.00000000    
        1424  -1.98666668     -0.995555580    
        1426  -2.00000000      -1.00000000    
        1428  -2.00000000      -1.00000000    
        1430  -2.00000000      -1.00000000    
        1432  -1.99111116     -0.997777760    
        1434  -2.00000000      -1.00000000    
        1436  -2.00000000      -1.00000000    
        1438  -2.00000000      -1.00000000    
        1440  -1.99111116     -0.997777760    
        1442  -1.99111116     -0.997777760    
        1444  -1.98666668     -0.995555580    
        1446  -2.00000000      -1.00000000    
        1448  -1.99111116     -0.997777760    
        1450  -2.00000000      -1.00000000    
        1452  -2.00000000      -1.00000000    
        1454  -2.00000000      -1.00000000    
        1456  -2.00000000      -1.00000000    
        1458  -1.98222220     -0.995555580    
        1460  -1.99111116     -0.997777760    
        1462  -2.00000000      -1.00000000    
        1464  -2.00000000      -1.00000000    
        1466  -1.99111116     -0.997777760    
        1468  -2.00000000      -1.00000000    
        1470  -2.00000000      -1.00000000    
        1472  -1.99111116     -0.997777760    
        1474  -1.99111116     -0.997777760    
        1476  -1.99111116     -0.997777760    
        1478  -2.00000000      -1.00000000    
        1480  -2.00000000      -1.00000000    
        1482  -1.98222220     -0.995555580    
        1484  -1.99111116     -0.997777760    
        1486  -1.98222220     -0.995555580    
        1488  -1.97333336     -0.991111100    
        1490  -2.00000000      -1.00000000    
        1492  -2.00000000      -1.00000000    
        1494  -1.99111116     -0.997777760    
        1496  -1.98222220     -0.995555580    
        1498  -2.00000000      -1.00000000    
        1500  -1.99111116     -0.997777760    
        1502  -2.00000000      -1.00000000    
        1504  -2.00000000      -1.00000000    
        1506  -1.99111116     -0.997777760    
        1508  -1.99111116     -0.997777760    
        1510  -1.98222220     -0.995555580    
        1512  -1.99111116     -0.997777760    
        1514  -1.99111116     -0.997777760    
        1516  -1.97777772     -0.993333340    
        1518  -1.99111116     -0.997777760    
        1520  -2.00000000      -1.00000000    
        1522  -2.00000000      -1.00000000    
        1524  -2.00000000      -1.00000000    
        1526  -2.00000000      -1.00000000    
        1528  -1.99111116     -0.997777760    
        1530  -2.00000000      -1.00000000    
        1532  -2.00000000      -1.00000000    
        1534  -2.00000000      -1.00000000    
        1536  -2.00000000      -1.00000000    
        1538  -2.00000000      -1.00000000    
        1540  -2.00000000      -1.00000000    
        1542  -1.99111116     -0.997777760    
        1544  -1.97333336     -0.993333340    
        1546  -1.99111116     -0.997777760    
        1548  -2.00000000      -1.00000000    
        1550  -1.98222220     -0.995555580    
        1552  -1.97777772     -0.993333340    
        1554  -1.98222220     -0.995555580    
        1556  -1.97333336     -0.993333340    
        1558  -2.00000000      -1.00000000    
        1560  -1.99111116     -0.997777760    
        1562  -2.00000000      -1.00000000    
        1564  -1.99111116     -0.997777760    
        1566  -2.00000000      -1.00000000    
        1568  -2.00000000      -1.00000000    
        1570  -2.00000000      -1.00000000    
        1572  -2.00000000      -1.00000000    
        1574  -2.00000000      -1.00000000    
        1576  -1.99111116     -0.997777760    
        1578  -2.00000000      -1.00000000    
        1580  -2.00000000      -1.00000000    
        1582  -1.99111116     -0.997777760    
        1584  -1.98222220     -0.995555580    
        1586  -1.99111116     -0.997777760    
        1588  -2.00000000      -1.00000000    
        1590  -1.99111116     -0.997777760    
        1592  -2.00000000      -1.00000000    
        1594  -2.00000000      -1.00000000    
        1596  -2.00000000      -1.00000000    
        1598  -2.00000000      -1.00000000    
        1600  -2.00000000      -1.00000000    
        1602  -2.00000000      -1.00000000    
        1604  -1.98222220     -0.995555580    
        1606  -2.00000000      -1.00000000    
        1608  -2.00000000      -1.00000000    
        1610  -2.00000000      -1.00000000    
        1612  -2.00000000      -1.00000000    
        1614  -2.00000000      -1.00000000    
        1616  -2.00000000      -1.00000000    
        1618  -2.00000000      -1.00000000    
        1620  -1.99111116     -0.997777760    
        1622  -2.00000000      -1.00000000    
        1624  -1.99111116     -0.997777760    
        1626  -1.96888888     -0.991111100    
        1628  -1.99111116     -0.997777760    
        1630  -1.99111116     -0.997777760    
        1632  -2.00000000      -1.00000000    
        1634  -2.00000000      -1.00000000    
        1636  -2.00000000      -1.00000000    
        1638  -2.00000000      -1.00000000    
        1640  -1.99111116     -0.997777760    
        1642  -1.98222220     -0.995555580    
        1644  -1.99111116     -0.997777760    
        1646  -1.99111116     -0.997777760    
        1648  -1.99111116     -0.997777760    
        1650  -2.00000000      -1.00000000    
        1652  -1.99111116     -0.997777760    
        1654  -1.99111116     -0.997777760    
        1656  -2.00000000      -1.00000000    
        1658  -2.00000000      -1.00000000    
        1660  -2.00000000      -1.00000000    
        1662  -1.99111116     -0.997777760    
        1664  -1.99111116     -0.997777760    
        1666  -2.00000000      -1.00000000    
        1668  -2.00000000      -1.00000000    
        1670  -1.99111116     -0.997777760    
        1672  -2.00000000      -1.00000000    
        1674  -1.99111116     -0.997777760    
        1676  -2.00000000      -1.00000000    
        1678  -1.99111116     -0.997777760    
        1680  -1.98666668     -0.995555580    
        1682  -2.00000000      -1.00000000    
        1684  -2.00000000      -1.00000000    
        1686  -2.00000000      -1.00000000    
        1688  -2.00000000      -1.00000000    
        1690  -1.99111116     -0.997777760    
        1692  -1.99111116     -0.997777760    
        1694  -1.97333336     -0.993333340    
        1696  -2.00000000      -1.00000000    
        1698  -2.00000000      -1.00000000    
        1700  -1.98222220     -0.995555580    
        1702  -1.96444440     -0.991111100    
        1704  -1.98222220     -0.995555580    
        1706  -2.00000000      -1.00000000    
        1708  -2.00000000      -1.00000000    
        1710  -2.00000000      -1.00000000    
        1712  -1.99111116     -0.997777760    
        1714  -1.98222220     -0.995555580    
        1716  -1.98222220     -0.995555580    
        1718  -2.00000000      -1.00000000    
        1720  -1.99111116     -0.997777760    
        1722  -1.99111116     -0.997777760    
        1724  -2.00000000      -1.00000000    
        1726  -2.00000000      -1.00000000    
        1728  -2.00000000      -1.00000000    
        1730  -2.00000000      -1.00000000    
        1732  -2.00000000      -1.00000000    
        1734  -2.00000000      -1.00000000    
        1736  -2.00000000      -1.00000000    
        1738  -2.00000000      -1.00000000    
        1740  -2.00000000      -1.00000000    
        1742  -1.99111116     -0.997777760    
        1744  -1.99111116     -0.997777760    
        1746  -1.99111116     -0.997777760    
        1748  -1.99111116     -0.997777760    
        1750  -1.99111116     -0.997777760    
        1752  -1.99111116     -0.997777760    
        1754  -1.99111116     -0.997777760    
        1756  -2.00000000      -1.00000000    
        1758  -2.00000000      -1.00000000    
        1760  -2.00000000      -1.00000000    
        1762  -2.00000000      -1.00000000    
        1764  -2.00000000      -1.00000000    
        1766  -2.00000000      -1.00000000    
        1768  -1.99111116     -0.997777760    
        1770  -2.00000000      -1.00000000    
        1772  -2.00000000      -1.00000000    
        1774  -1.99111116     -0.997777760    
        1776  -2.00000000      -1.00000000    
        1778  -1.99111116     -0.997777760    
        1780  -1.99111116     -0.997777760    
        1782  -1.99111116     -0.997777760    
        1784  -1.98222220     -0.995555580    
        1786  -1.99111116     -0.997777760    
        1788  -1.99111116     -0.997777760    
        1790  -2.00000000      -1.00000000    
        1792  -2.00000000      -1.00000000    
        1794  -1.99111116     -0.997777760    
        1796  -2.00000000      -1.00000000    
        1798  -2.00000000      -1.00000000    
        1800  -2.00000000      -1.00000000    
        1802  -1.99111116     -0.997777760    
        1804  -1.99111116     -0.997777760    
        1806  -1.99111116     -0.997777760    
        1808  -1.98222220     -0.995555580    
        1810  -2.00000000      -1.00000000    
        1812  -2.00000000      -1.00000000    
        1814  -2.00000000      -1.00000000    
        1816  -2.00000000      -1.00000000    
        1818  -1.99111116     -0.997777760    
        1820  -1.99111116     -0.997777760    
        1822  -1.99111116     -0.997777760    
        1824  -2.00000000      -1.00000000    
        1826  -2.00000000      -1.00000000    
        1828  -1.99111116     -0.997777760    
        1830  -1.99111116     -0.997777760    
        1832  -2.00000000      -1.00000000    
        1834  -1.99111116     -0.997777760    
        1836  -1.99111116     -0.997777760    
        1838  -1.98222220     -0.995555580    
        1840  -2.00000000      -1.00000000    
        1842  -2.00000000      -1.00000000    
        1844  -2.00000000      -1.00000000    
        1846  -1.98222220     -0.995555580    
        1848  -1.99111116     -0.997777760    
        1850  -2.00000000      -1.00000000    
        1852  -1.97333336     -0.993333340    
        1854  -1.99111116     -0.997777760    
        1856  -1.99111116     -0.997777760    
        1858  -2.00000000      -1.00000000    
        1860  -2.00000000      -1.00000000    
        1862  -2.00000000      -1.00000000    
        1864  -2.00000000      -1.00000000    
        1866  -1.99111116     -0.997777760    
        1868  -1.99111116     -0.997777760    
        1870  -1.97333336     -0.993333340    
        1872  -1.98222220     -0.995555580    
        1874  -2.00000000      -1.00000000    
        1876  -1.98222220     -0.995555580    
        1878  -1.99111116     -0.997777760    
        1880  -1.99111116     -0.997777760    
        1882  -1.99111116     -0.997777760    
        1884  -1.98222220     -0.995555580    
        1886  -1.99111116     -0.997777760    
        1888  -2.00000000      -1.00000000    
        1890  -2.00000000      -1.00000000    
        1892  -1.99111116     -0.997777760    
        1894  -1.98666668     -0.995555580    
        1896  -2.00000000      -1.00000000    
        1898  -2.00000000      -1.00000000    
        1900  -2.00000000      -1.00000000    
        1902  -2.00000000      -1.00000000    
        1904  -2.00000000      -1.00000000    
        1906  -1.98222220     -0.995555580    
        1908  -2.00000000      -1.00000000    
        1910  -2.00000000      -1.00000000    
        1912  -2.00000000      -1.00000000    
        1914  -1.99111116     -0.997777760    
        1916  -2.00000000      -1.00000000    
        1918  -2.00000000      -1.00000000    
        1920  -1.99111116     -0.997777760    
        1922  -1.97777772     -0.993333340    
        1924  -1.98222220     -0.995555580    
        1926  -1.99111116     -0.997777760    
        1928  -2.00000000      -1.00000000    
        1930  -1.99111116     -0.997777760    
        1932  -1.99111116     -0.997777760    
        1934  -1.99111116     -0.997777760    
        1936  -2.00000000      -1.00000000    
        1938  -2.00000000      -1.00000000    
        1940  -1.99111116     -0.997777760    
        1942  -1.99111116     -0.997777760    
        1944  -2.00000000      -1.00000000    
        1946  -2.00000000      -1.00000000    
        1948  -2.00000000      -1.00000000    
        1950  -2.00000000      -1.00000000    
        1952  -2.00000000      -1.00000000    
        1954  -2.00000000      -1.00000000    
        1956  -1.98222220     -0.995555580    
        1958  -1.99111116     -0.997777760    
        1960  -2.00000000      -1.00000000    
        1962  -1.99111116     -0.997777760    
        1964  -1.99111116     -0.997777760    
        1966  -1.98666668     -0.995555580    
        1968  -2.00000000      -1.00000000    
        1970  -1.97777772     -0.993333340    
        1972  -1.97333336     -0.993333340    
        1974  -2.00000000      -1.00000000    
        1976  -1.99111116     -0.997777760    
        1978  -2.00000000      -1.00000000    
        1980  -2.00000000      -1.00000000    
        1982  -1.99111116     -0.997777760    
        1984  -2.00000000      -1.00000000    
        1986  -2.00000000      -1.00000000    
        1988  -1.98222220     -0.995555580    
        1990  -1.96444440     -0.991111100    
        1992  -1.98666668     -0.995555580    
        1994  -1.99111116     -0.997777760    
        1996  -1.98222220     -0.995555580    
        1998  -2.00000000      -1.00000000    
        2000  -2.00000000      -1.00000000    
