 # Cycle    Energy/N    Magnetization/N
           2 -0.919600010      -9.99999978E-03
           4  -1.12880003       2.60000001E-03
           6  -1.25759995      -6.80000009E-03
           8  -1.31480002       9.20000020E-03
          10  -1.36720002       0.00000000    
          12  -1.44560003       3.20000015E-02
          14  -1.46360004       2.36000009E-02
          16  -1.43519998       3.57999988E-02
          18  -1.46440005       4.34000008E-02
          20  -1.48599994       3.84000018E-02
          22  -1.50039995       1.18000004E-02
          24  -1.51279998       2.11999994E-02
          26  -1.50520003       3.99999991E-02
          28  -1.49119997       4.96000014E-02
          30  -1.50320005       5.97999990E-02
          32  -1.51040006       6.34000003E-02
          34  -1.53199995       5.26000001E-02
          36  -1.53240001       5.51999994E-02
          38  -1.54879999       7.76000023E-02
          40  -1.56439996       7.54000023E-02
          42  -1.58640003       7.76000023E-02
          44  -1.59000003       8.43999982E-02
          46  -1.60839999       7.18000010E-02
          48  -1.61280000       6.96000010E-02
          50  -1.62679994       6.63999990E-02
          52  -1.63880002       6.15999997E-02
          54  -1.64800000       6.01999983E-02
          56  -1.61679995       7.07999989E-02
          58  -1.59920001       6.14000000E-02
          60  -1.61080003       6.92000017E-02
          62  -1.60520005       6.44000024E-02
          64  -1.58679998       7.18000010E-02
          66  -1.59360003       5.29999994E-02
          68  -1.60000002       4.60000001E-02
          70  -1.59560001       3.31999995E-02
          72  -1.59759998       4.85999994E-02
          74  -1.62279999       3.88000011E-02
          76  -1.61240005       4.17999998E-02
          78  -1.60640001       4.58000004E-02
          80  -1.61559999       3.07999998E-02
          82  -1.63399994       3.64000015E-02
          84  -1.62399995       3.57999988E-02
          86  -1.63639998       4.14000005E-02
          88  -1.62320006       2.11999994E-02
          90  -1.63240004       2.33999994E-02
          92  -1.64760005       2.04000007E-02
          94  -1.63600004       2.52000000E-02
          96  -1.65559995       2.18000002E-02
          98  -1.64279997       1.27999997E-02
         100  -1.64320004       1.86000001E-02
         102  -1.64240003       2.08000001E-02
         104  -1.67560005       8.79999995E-03
         106  -1.64279997       1.33999996E-02
         108  -1.66279995       4.00000019E-03
         110  -1.65160000       1.82000007E-02
         112  -1.64960003       1.09999999E-02
         114  -1.64760005       1.86000001E-02
         116  -1.64800000       2.48000007E-02
         118  -1.66520000       3.06000002E-02
         120  -1.65680003       2.99999993E-02
         122  -1.65279996       3.48000005E-02
         124  -1.63800001       3.59999985E-02
         126  -1.63039994       3.20000015E-02
         128  -1.63160002       3.13999988E-02
         130  -1.64240003       2.63999999E-02
         132  -1.64960003       1.74000002E-02
         134  -1.65880001       3.06000002E-02
         136  -1.67200005       2.80000009E-02
         138  -1.65600002       2.21999995E-02
         140  -1.68599999       1.26000000E-02
         142  -1.67519999       1.14000002E-02
         144  -1.66279995       2.40000011E-03
         146  -1.66040003       2.16000006E-02
         148  -1.66639996       3.64000015E-02
         150  -1.67960000       4.21999991E-02
         152  -1.65880001       3.04000005E-02
         154  -1.68439996       2.63999999E-02
         156  -1.68280005       2.70000007E-02
         158  -1.68560004       3.48000005E-02
         160  -1.67680001       2.63999999E-02
         162  -1.67079997       9.20000020E-03
         164  -1.68640006       2.26000007E-02
         166  -1.69400001       2.21999995E-02
         168  -1.68439996       6.80000009E-03
         170  -1.68239999       2.23999992E-02
         172  -1.65760005       2.45999992E-02
         174  -1.68359995       2.45999992E-02
         176  -1.67879999       4.12000008E-02
         178  -1.70599997       4.03999984E-02
         180  -1.67799997       4.98000011E-02
         182  -1.70439994       6.45999983E-02
         184  -1.73080003       6.67999983E-02
         186  -1.71840000       5.07999994E-02
         188  -1.69000006       3.79999988E-02
         190  -1.69679999       2.45999992E-02
         192  -1.66880000       3.13999988E-02
         194  -1.67840004       3.75999995E-02
         196  -1.67359996       3.95999998E-02
         198  -1.69319999       3.73999998E-02
         200  -1.69079995       4.43999991E-02
         202  -1.69799995       4.91999984E-02
         204  -1.68320000       5.73999994E-02
         206  -1.67400002       6.30000010E-02
         208  -1.68200004       6.85999990E-02
         210  -1.66159999       6.37999997E-02
         212  -1.66240001       6.58000037E-02
         214  -1.68599999       5.64000010E-02
         216  -1.69040000       5.93999997E-02
         218  -1.67920005       7.81999975E-02
         220  -1.68840003       9.08000022E-02
         222  -1.67439997       8.46000016E-02
         224  -1.69280005       8.03999975E-02
         226  -1.69560003       8.24000016E-02
         228  -1.66600001       9.04000029E-02
         230  -1.66880000       9.01999995E-02
         232  -1.67680001      0.105200000    
         234  -1.67159998      0.103000000    
         236  -1.66320002       9.67999995E-02
         238  -1.67240000      0.103000000    
         240  -1.69599998       9.38000008E-02
         242  -1.67719996       9.30000022E-02
         244  -1.67760003      0.107000001    
         246  -1.69640005      0.107600003    
         248  -1.67920005      0.112800002    
         250  -1.70560002      0.112999998    
         252  -1.70720005      0.112000003    
         254  -1.66960001      0.105200000    
         256  -1.67879999      0.106799997    
         258  -1.69920003      0.107400000    
         260  -1.69120002      0.117600001    
         262  -1.69360006      0.117200002    
         264  -1.69079995      0.111400001    
         266  -1.69120002      0.128199995    
         268  -1.68400002      0.128800005    
         270  -1.68480003      0.135399997    
         272  -1.68200004      0.130400002    
         274  -1.67799997      0.120600000    
         276  -1.66919994      0.108400002    
         278  -1.69760001      0.119199999    
         280  -1.70720005      0.124799997    
         282  -1.70159996      0.123000003    
         284  -1.68920004      0.119599998    
         286  -1.68760002      0.115400001    
         288  -1.67999995      0.122199997    
         290  -1.69200003      0.125000000    
         292  -1.69400001      0.114399999    
         294  -1.69599998      0.119000003    
         296  -1.69920003      0.122400001    
         298  -1.67799997      0.126399994    
         300  -1.69239998      0.130199999    
         302  -1.68280005      0.113399997    
         304  -1.65919995      0.110200003    
         306  -1.67159998      0.111199997    
         308  -1.68239999      0.112599999    
         310  -1.71679997      0.126200005    
         312  -1.70280004      0.111400001    
         314  -1.69959998      0.103000000    
         316  -1.72720003      0.109399997    
         318  -1.71039999      0.109999999    
         320  -1.71560001      0.103600003    
         322  -1.71599996       9.05999988E-02
         324  -1.69640005       8.86000022E-02
         326  -1.70200002      0.107400000    
         328  -1.70480001      0.114399999    
         330  -1.71000004      0.109999999    
         332  -1.69959998       9.78000015E-02
         334  -1.69040000       8.24000016E-02
         336  -1.69439995       8.91999975E-02
         338  -1.68719995       8.60000029E-02
         340  -1.67120004       8.57999995E-02
         342  -1.68840003       9.09999982E-02
         344  -1.69480002       9.93999988E-02
         346  -1.67279994       9.70000029E-02
         348  -1.68519998       9.75999981E-02
         350  -1.69280005       9.56000015E-02
         352  -1.70959997       9.93999988E-02
         354  -1.71519995       9.60000008E-02
         356  -1.71720004       8.56000036E-02
         358  -1.69599998       7.72000030E-02
         360  -1.68879998       8.79999995E-02
         362  -1.69640005       9.05999988E-02
         364  -1.68560004       9.22000036E-02
         366  -1.67519999       9.78000015E-02
         368  -1.70640004       8.91999975E-02
         370  -1.68760002       7.91999996E-02
         372  -1.71159995       9.39999968E-02
         374  -1.69280005       9.39999968E-02
         376  -1.69280005       9.00000036E-02
         378  -1.69000006       8.03999975E-02
         380  -1.66880000       8.87999982E-02
         382  -1.68640006       9.44000036E-02
         384  -1.72479999      0.101800002    
         386  -1.72119999       9.83999968E-02
         388  -1.70879996       9.45999995E-02
         390  -1.69560003       7.91999996E-02
         392  -1.70640004       8.29999968E-02
         394  -1.69920003       8.21999982E-02
         396  -1.67359996       7.46000037E-02
         398  -1.70000005       8.56000036E-02
         400  -1.69519997       8.50000009E-02
         402  -1.68079996       6.84000030E-02
         404  -1.67999995       5.88000007E-02
         406  -1.69000006       5.57999983E-02
         408  -1.69840002       5.35999984E-02
         410  -1.69040000       5.05999997E-02
         412  -1.68760002       5.44000007E-02
         414  -1.71039999       4.67999987E-02
         416  -1.70280004       4.39999998E-02
         418  -1.71840000       4.28000018E-02
         420  -1.71280003       3.97999994E-02
         422  -1.73360002       5.27999997E-02
         424  -1.69120002       4.63999994E-02
         426  -1.68040001       3.68000008E-02
         428  -1.68439996       3.66000012E-02
         430  -1.71879995       3.94000001E-02
         432  -1.71560001       4.08000015E-02
         434  -1.68879998       3.97999994E-02
         436  -1.69679999       3.73999998E-02
         438  -1.69760001       4.43999991E-02
         440  -1.70400000       3.99999991E-02
         442  -1.70280004       3.04000005E-02
         444  -1.70039999       3.92000005E-02
         446  -1.71519995       3.31999995E-02
         448  -1.71200001       2.67999992E-02
         450  -1.70799994       2.77999993E-02
         452  -1.69679999       3.09999995E-02
         454  -1.71679997       2.72000004E-02
         456  -1.70760000       2.55999994E-02
         458  -1.68959999       1.48000000E-02
         460  -1.69640005       2.41999999E-02
         462  -1.71200001       1.89999994E-02
         464  -1.69719994       2.04000007E-02
         466  -1.72839999       1.74000002E-02
         468  -1.69760001       4.19999985E-03
         470  -1.70319998       1.00000005E-03
         472  -1.70079994       9.20000020E-03
         474  -1.72319996       1.15999999E-02
         476  -1.70079994       2.04000007E-02
         478  -1.72679996       2.48000007E-02
         480  -1.72759998       3.09999995E-02
         482  -1.69000006       1.87999997E-02
         484  -1.71200001       1.40000004E-02
         486  -1.70360005       1.96000002E-02
         488  -1.70439994       1.11999996E-02
         490  -1.70120001       1.18000004E-02
         492  -1.69760001       1.79999997E-03
         494  -1.71319997       1.27999997E-02
         496  -1.71480000       1.40000004E-02
         498  -1.70720005       1.62000004E-02
         500  -1.70840001       9.60000046E-03
         502  -1.70360005       5.79999993E-03
         504  -1.71360004      -2.60000001E-03
         506  -1.70599997      -2.79999990E-03
         508  -1.70519996      -1.00000005E-03
         510  -1.69439995      -5.20000001E-03
         512  -1.69319999      -2.00000009E-03
         514  -1.69120002      -2.60000001E-03
         516  -1.66520000      -3.80000006E-03
         518  -1.67960000       4.00000019E-03
         520  -1.69200003       1.31999999E-02
         522  -1.68079996       6.39999984E-03
         524  -1.69480002       1.67999994E-02
         526  -1.71599996       1.64000001E-02
         528  -1.71480000       3.19999992E-03
         530  -1.69679999       1.04000000E-02
         532  -1.68799996       1.62000004E-02
         534  -1.69159997       1.26000000E-02
         536  -1.69959998       9.60000046E-03
         538  -1.72640002       3.59999994E-03
         540  -1.70519996       1.02000004E-02
         542  -1.70720005       2.60000001E-03
         544  -1.71480000      -3.99999990E-04
         546  -1.70319998       1.75999999E-02
         548  -1.71280003       1.20000001E-02
         550  -1.70400000       1.79999997E-03
         552  -1.68519998      -1.46000003E-02
         554  -1.70280004      -6.20000018E-03
         556  -1.68560004      -7.00000022E-03
         558  -1.70079994      -1.33999996E-02
         560  -1.69599998      -8.60000029E-03
         562  -1.71280003      -1.74000002E-02
         564  -1.71280003      -8.00000038E-03
         566  -1.69719994      -2.87999995E-02
         568  -1.70599997      -3.06000002E-02
         570  -1.67359996      -3.86000015E-02
         572  -1.69640005      -3.55999991E-02
         574  -1.71200001      -4.39999998E-02
         576  -1.71280003      -4.47999984E-02
         578  -1.69879997      -3.75999995E-02
         580  -1.69439995      -3.13999988E-02
         582  -1.68680000      -2.21999995E-02
         584  -1.69400001      -9.60000046E-03
         586  -1.66359997      -6.80000009E-03
         588  -1.68200004      -2.60000001E-03
         590  -1.70560002      -1.20000001E-02
         592  -1.70439994       1.59999996E-03
         594  -1.67600000      -2.40000011E-03
         596  -1.68719995      -4.99999989E-03
         598  -1.67400002      -1.18000004E-02
         600  -1.66279995       6.00000028E-04
         602  -1.69120002      -3.00000003E-03
         604  -1.68480003       1.75999999E-02
         606  -1.69120002       3.80000006E-03
         608  -1.68120003      -3.59999994E-03
         610  -1.68799996       1.99999995E-04
         612  -1.68200004      -3.40000005E-03
         614  -1.69640005      -4.80000023E-03
         616  -1.69120002      -2.58000009E-02
         618  -1.68200004      -1.75999999E-02
         620  -1.71800005      -1.86000001E-02
         622  -1.70200002      -1.99999996E-02
         624  -1.70840001      -2.26000007E-02
         626  -1.70039999      -2.14000009E-02
         628  -1.70720005      -2.99999993E-02
         630  -1.71200001      -2.45999992E-02
         632  -1.73720002      -2.28000004E-02
         634  -1.70480001      -1.11999996E-02
         636  -1.70599997      -1.65999997E-02
         638  -1.71280003      -1.08000003E-02
         640  -1.71039999      -1.79999997E-03
         642  -1.70840001      -5.20000001E-03
         644  -1.71159995      -7.00000022E-03
         646  -1.69000006      -1.14000002E-02
         648  -1.69959998      -1.52000003E-02
         650  -1.69959998      -1.97999999E-02
         652  -1.68560004      -2.28000004E-02
         654  -1.70239997      -1.96000002E-02
         656  -1.71080005      -2.96000000E-02
         658  -1.72280002      -3.55999991E-02
         660  -1.68760002      -2.87999995E-02
         662  -1.69920003      -2.87999995E-02
         664  -1.70920002      -3.09999995E-02
         666  -1.70439994      -2.38000005E-02
         668  -1.69959998      -7.40000000E-03
         670  -1.68959999      -1.30000003E-02
         672  -1.69840002      -8.79999995E-03
         674  -1.70959997       2.19999999E-03
         676  -1.69360006       4.39999998E-03
         678  -1.68359995       2.72000004E-02
         680  -1.66719997       3.22000012E-02
         682  -1.69920003       2.84000002E-02
         684  -1.69879997       3.31999995E-02
         686  -1.69959998       2.84000002E-02
         688  -1.70280004       2.06000004E-02
         690  -1.68159997       2.23999992E-02
         692  -1.66600001       2.55999994E-02
         694  -1.66680002       1.99999996E-02
         696  -1.68040001       2.01999992E-02
         698  -1.68840003       8.99999961E-03
         700  -1.69679999       1.67999994E-02
         702  -1.69519997       1.75999999E-02
         704  -1.70000005       7.19999988E-03
         706  -1.70480001       2.28000004E-02
         708  -1.69640005       2.36000009E-02
         710  -1.69679999       2.96000000E-02
         712  -1.71519995       2.53999997E-02
         714  -1.70920002       2.08000001E-02
         716  -1.70000005       2.45999992E-02
         718  -1.70360005       2.92000007E-02
         720  -1.70480001       2.18000002E-02
         722  -1.72920001       2.31999997E-02
         724  -1.72360003       1.72000006E-02
         726  -1.70200002       8.79999995E-03
         728  -1.70840001       2.01999992E-02
         730  -1.72560000       9.39999986E-03
         732  -1.71959996       8.00000038E-03
         734  -1.70120001       4.19999985E-03
         736  -1.72039998      -1.79999997E-03
         738  -1.70039999      -7.79999979E-03
         740  -1.68280005      -1.00000005E-03
         742  -1.69519997      -3.40000005E-03
         744  -1.67879999      -2.38000005E-02
         746  -1.70720005      -2.40000011E-03
         748  -1.71800005      -1.08000003E-02
         750  -1.69360006      -1.20000001E-02
         752  -1.69920003       4.39999998E-03
         754  -1.69799995      -3.80000006E-03
         756  -1.70079994      -1.57999992E-02
         758  -1.69159997      -9.60000046E-03
         760  -1.70679998      -1.02000004E-02
         762  -1.70519996      -1.08000003E-02
         764  -1.71800005       4.99999989E-03
         766  -1.71120000       5.40000014E-03
         768  -1.72640002      -4.60000010E-03
         770  -1.72839999       4.99999989E-03
         772  -1.72839999       4.39999998E-03
         774  -1.71920002      -6.00000028E-04
         776  -1.69239998      -1.39999995E-03
         778  -1.70319998       1.36000002E-02
         780  -1.69200003       1.94000006E-02
         782  -1.69280005       1.40000004E-02
         784  -1.68760002       2.06000004E-02
         786  -1.69879997       2.04000007E-02
         788  -1.70959997       1.46000003E-02
         790  -1.71239996       1.84000004E-02
         792  -1.71480000       2.97999997E-02
         794  -1.69879997       3.02000009E-02
         796  -1.71039999       3.31999995E-02
         798  -1.70879996       2.84000002E-02
         800  -1.70200002       1.77999996E-02
         802  -1.70879996       2.21999995E-02
         804  -1.71759999       2.01999992E-02
         806  -1.73440003       3.06000002E-02
         808  -1.71360004       3.42000015E-02
         810  -1.70480001       2.62000002E-02
         812  -1.71759999       1.18000004E-02
         814  -1.72239995       6.59999996E-03
         816  -1.70840001       7.40000000E-03
         818  -1.70599997       1.02000004E-02
         820  -1.69760001       1.05999997E-02
         822  -1.70920002       2.08000001E-02
         824  -1.72520006       1.99999996E-02
         826  -1.71360004       2.84000002E-02
         828  -1.71319997       1.79999992E-02
         830  -1.72080004       8.39999970E-03
         832  -1.71599996       1.14000002E-02
         834  -1.73520005       5.79999993E-03
         836  -1.72000003      -8.00000038E-03
         838  -1.71399999       5.59999980E-03
         840  -1.73280001      -1.20000006E-03
         842  -1.70920002       4.99999989E-03
         844  -1.69840002       1.59999996E-03
         846  -1.70599997       2.19999999E-03
         848  -1.72160006       3.80000006E-03
         850  -1.72200000       3.19999992E-03
         852  -1.71840000       3.19999992E-03
         854  -1.72800004       3.20000015E-02
         856  -1.72080004       1.40000004E-02
         858  -1.70920002       1.33999996E-02
         860  -1.70879996       2.04000007E-02
         862  -1.72360003       2.60000005E-02
         864  -1.72000003       2.74000000E-02
         866  -1.71039999       2.87999995E-02
         868  -1.69760001       2.06000004E-02
         870  -1.68560004       2.48000007E-02
         872  -1.69640005       4.23999988E-02
         874  -1.70400000       4.28000018E-02
         876  -1.70560002       3.73999998E-02
         878  -1.70400000       4.17999998E-02
         880  -1.70120001       2.70000007E-02
         882  -1.70640004       7.19999988E-03
         884  -1.70079994      -1.79999997E-03
         886  -1.71679997      -3.80000006E-03
         888  -1.70480001      -4.60000010E-03
         890  -1.71599996      -1.39999995E-03
         892  -1.70760000       3.99999990E-04
         894  -1.69519997       3.00000003E-03
         896  -1.72160006       4.80000023E-03
         898  -1.70039999       7.19999988E-03
         900  -1.69599998       0.00000000    
         902  -1.69799995       8.00000038E-03
         904  -1.68879998      -1.79999997E-03
         906  -1.70879996      -1.15999999E-02
         908  -1.70239997      -8.99999961E-03
         910  -1.70879996      -7.40000000E-03
         912  -1.70519996       3.80000006E-03
         914  -1.69079995       6.80000009E-03
         916  -1.69079995       6.20000018E-03
         918  -1.69360006       1.33999996E-02
         920  -1.69599998       1.96000002E-02
         922  -1.71759999       2.26000007E-02
         924  -1.70400000       2.74000000E-02
         926  -1.68280005       1.55999996E-02
         928  -1.69400001       3.09999995E-02
         930  -1.69360006       2.23999992E-02
         932  -1.65279996       2.80000009E-02
         934  -1.68760002       2.31999997E-02
         936  -1.69480002       3.13999988E-02
         938  -1.67680001       2.18000002E-02
         940  -1.69079995       2.82000005E-02
         942  -1.69079995       3.04000005E-02
         944  -1.68359995       1.97999999E-02
         946  -1.69640005       2.55999994E-02
         948  -1.70760000       9.20000020E-03
         950  -1.70959997       6.59999996E-03
         952  -1.73599994       1.18000004E-02
         954  -1.73000002       1.75999999E-02
         956  -1.70000005       1.96000002E-02
         958  -1.68599999       1.77999996E-02
         960  -1.69879997       1.89999994E-02
         962  -1.70439994       2.33999994E-02
         964  -1.71319997       3.29999998E-02
         966  -1.69760001       3.72000001E-02
         968  -1.71519995       4.06000018E-02
         970  -1.70039999       4.82000001E-02
         972  -1.70519996       4.16000001E-02
         974  -1.70679998       3.73999998E-02
         976  -1.72239995       4.80000004E-02
         978  -1.72720003       3.97999994E-02
         980  -1.69159997       3.88000011E-02
         982  -1.69959998       2.94000003E-02
         984  -1.69239998       2.96000000E-02
         986  -1.68719995       4.58000004E-02
         988  -1.68239999       4.65999991E-02
         990  -1.69480002       4.08000015E-02
         992  -1.70760000       4.25999984E-02
         994  -1.71679997       1.72000006E-02
         996  -1.71000004       1.96000002E-02
         998  -1.71640003       3.37999985E-02
        1000  -1.69920003       2.38000005E-02
        1002  -1.72399998       2.87999995E-02
        1004  -1.70360005       3.55999991E-02
        1006  -1.71080005       3.50000001E-02
        1008  -1.70959997       3.57999988E-02
        1010  -1.71679997       3.07999998E-02
        1012  -1.69879997       3.81999984E-02
        1014  -1.69640005       4.23999988E-02
        1016  -1.70840001       3.92000005E-02
        1018  -1.72000003       2.23999992E-02
        1020  -1.70799994       2.99999993E-02
        1022  -1.71759999       3.62000018E-02
        1024  -1.70360005       3.31999995E-02
        1026  -1.69879997       1.65999997E-02
        1028  -1.70640004       3.66000012E-02
        1030  -1.68920004       2.41999999E-02
        1032  -1.69519997       3.37999985E-02
        1034  -1.70159996       3.75999995E-02
        1036  -1.70480001       2.75999997E-02
        1038  -1.70079994       2.30000000E-02
        1040  -1.67600000       2.21999995E-02
        1042  -1.70159996       2.53999997E-02
        1044  -1.71120000       1.99999996E-02
        1046  -1.70280004       3.42000015E-02
        1048  -1.70799994       3.26000005E-02
        1050  -1.69079995       3.48000005E-02
        1052  -1.68359995       2.18000002E-02
        1054  -1.69959998       1.96000002E-02
        1056  -1.71879995       2.16000006E-02
        1058  -1.69360006       2.63999999E-02
        1060  -1.68840003       2.53999997E-02
        1062  -1.69159997       2.62000002E-02
        1064  -1.69920003       2.92000007E-02
        1066  -1.68560004       3.11999992E-02
        1068  -1.70760000       2.65999995E-02
        1070  -1.70560002       2.26000007E-02
        1072  -1.68680000       2.50000004E-02
        1074  -1.66559994       2.04000007E-02
        1076  -1.69920003       2.09999997E-02
        1078  -1.68239999       1.24000004E-02
        1080  -1.69079995       2.09999997E-02
        1082  -1.70200002       1.20000001E-02
        1084  -1.71640003       1.48000000E-02
        1086  -1.71319997       2.11999994E-02
        1088  -1.70799994       2.80000009E-02
        1090  -1.70360005       2.62000002E-02
        1092  -1.71800005       2.67999992E-02
        1094  -1.71120000       1.84000004E-02
        1096  -1.69640005       1.53999999E-02
        1098  -1.70000005       1.48000000E-02
        1100  -1.71560001       5.40000014E-03
        1102  -1.70039999       3.80000006E-03
        1104  -1.69120002       4.19999985E-03
        1106  -1.67920005       1.99999995E-04
        1108  -1.70679998      -1.21999998E-02
        1110  -1.71280003      -2.01999992E-02
        1112  -1.70480001      -3.68000008E-02
        1114  -1.71800005      -4.08000015E-02
        1116  -1.68719995      -3.94000001E-02
        1118  -1.71159995      -4.16000001E-02
        1120  -1.70239997      -3.70000005E-02
        1122  -1.68799996      -2.48000007E-02
        1124  -1.69760001      -1.26000000E-02
        1126  -1.67519999      -1.43999998E-02
        1128  -1.69360006      -1.67999994E-02
        1130  -1.70480001      -1.24000004E-02
        1132  -1.68879998      -1.26000000E-02
        1134  -1.69239998      -1.57999992E-02
        1136  -1.70000005      -2.62000002E-02
        1138  -1.68280005      -2.04000007E-02
        1140  -1.70120001      -2.85999998E-02
        1142  -1.71399999      -2.94000003E-02
        1144  -1.69920003      -2.16000006E-02
        1146  -1.70959997      -3.18000019E-02
        1148  -1.73199999      -3.11999992E-02
        1150  -1.69920003      -1.96000002E-02
        1152  -1.70200002      -1.27999997E-02
        1154  -1.66439998      -1.99999996E-02
        1156  -1.71280003      -2.06000004E-02
        1158  -1.71080005      -1.60000008E-02
        1160  -1.70439994      -1.36000002E-02
        1162  -1.70720005      -1.02000004E-02
        1164  -1.71080005      -1.96000002E-02
        1166  -1.71560001      -2.55999994E-02
        1168  -1.70439994      -1.24000004E-02
        1170  -1.70439994      -1.24000004E-02
        1172  -1.71239996      -1.09999999E-02
        1174  -1.73720002      -1.96000002E-02
        1176  -1.71039999      -2.82000005E-02
        1178  -1.69760001      -2.43999995E-02
        1180  -1.70760000      -3.15999985E-02
        1182  -1.69480002      -3.81999984E-02
        1184  -1.70640004      -3.59999985E-02
        1186  -1.69959998      -3.72000001E-02
        1188  -1.69040000      -4.69999984E-02
        1190  -1.70400000      -5.33999987E-02
        1192  -1.71159995      -5.44000007E-02
        1194  -1.68200004      -5.95999993E-02
        1196  -1.67719996      -3.81999984E-02
        1198  -1.69000006      -3.46000008E-02
        1200  -1.71000004      -3.13999988E-02
        1202  -1.69560003      -3.57999988E-02
        1204  -1.70280004      -2.84000002E-02
        1206  -1.67560005      -2.53999997E-02
        1208  -1.69120002      -1.31999999E-02
        1210  -1.71440005      -2.58000009E-02
        1212  -1.72239995      -1.02000004E-02
        1214  -1.70200002      -2.26000007E-02
        1216  -1.71039999      -3.57999988E-02
        1218  -1.72000003      -2.99999993E-02
        1220  -1.72399998      -2.53999997E-02
        1222  -1.71800005      -1.64000001E-02
        1224  -1.70679998      -1.84000004E-02
        1226  -1.69120002      -3.31999995E-02
        1228  -1.68760002      -3.37999985E-02
        1230  -1.69319999      -2.94000003E-02
        1232  -1.67680001      -2.92000007E-02
        1234  -1.69560003      -2.16000006E-02
        1236  -1.69640005      -3.31999995E-02
        1238  -1.71560001      -3.57999988E-02
        1240  -1.70720005      -3.02000009E-02
        1242  -1.70439994      -3.02000009E-02
        1244  -1.69360006      -3.48000005E-02
        1246  -1.67480004      -3.18000019E-02
        1248  -1.70039999      -3.66000012E-02
        1250  -1.70640004      -4.28000018E-02
        1252  -1.69799995      -4.30000015E-02
        1254  -1.71560001      -5.27999997E-02
        1256  -1.72640002      -4.94000018E-02
        1258  -1.70599997      -4.34000008E-02
        1260  -1.69519997      -4.54000011E-02
        1262  -1.69360006      -5.04000001E-02
        1264  -1.69840002      -5.68000004E-02
        1266  -1.68879998      -4.89999987E-02
        1268  -1.71480000      -4.87999991E-02
        1270  -1.70400000      -4.60000001E-02
        1272  -1.72440004      -4.58000004E-02
        1274  -1.69719994      -4.67999987E-02
        1276  -1.70039999      -5.31999990E-02
        1278  -1.71200001      -5.42000011E-02
        1280  -1.70239997      -5.26000001E-02
        1282  -1.71280003      -6.12000003E-02
        1284  -1.70480001      -6.56000003E-02
        1286  -1.69760001      -5.13999984E-02
        1288  -1.70760000      -4.54000011E-02
        1290  -1.72039998      -5.64000010E-02
        1292  -1.71599996      -5.22000007E-02
        1294  -1.71759999      -6.21999986E-02
        1296  -1.71519995      -6.62000030E-02
        1298  -1.69920003      -7.22000003E-02
        1300  -1.70560002      -6.27999976E-02
        1302  -1.69439995      -6.92000017E-02
        1304  -1.67760003      -7.99999982E-02
        1306  -1.68040001      -6.97999969E-02
        1308  -1.70959997      -6.78000003E-02
        1310  -1.72520006      -7.14000016E-02
        1312  -1.73599994      -8.82000029E-02
        1314  -1.72959995      -9.57999974E-02
        1316  -1.71480000     -0.103200004    
        1318  -1.70519996      -9.52000022E-02
        1320  -1.71120000     -0.104999997    
        1322  -1.68560004     -0.106200002    
        1324  -1.70519996     -0.118799999    
        1326  -1.70280004     -0.119999997    
        1328  -1.69679999     -0.128399998    
        1330  -1.72360003     -0.121799998    
        1332  -1.71679997     -0.113200001    
        1334  -1.71319997     -0.114000000    
        1336  -1.71640003      -9.56000015E-02
        1338  -1.70120001     -0.100400001    
        1340  -1.70200002     -0.109999999    
        1342  -1.71399999     -0.109399997    
        1344  -1.70480001     -0.112999998    
        1346  -1.71599996     -0.110399999    
        1348  -1.72679996     -0.104199998    
        1350  -1.71239996     -0.106200002    
        1352  -1.70360005      -9.67999995E-02
        1354  -1.71759999     -0.107799999    
        1356  -1.73640001     -0.107600003    
        1358  -1.69799995     -0.103200004    
        1360  -1.71239996     -0.101199999    
        1362  -1.70480001      -9.92000028E-02
        1364  -1.71959996      -9.34000015E-02
        1366  -1.70720005      -9.22000036E-02
        1368  -1.72679996     -0.104599997    
        1370  -1.71000004      -9.45999995E-02
        1372  -1.69799995     -0.100000001    
        1374  -1.69840002     -0.103799999    
        1376  -1.69439995     -0.109999999    
        1378  -1.69360006     -0.103200004    
        1380  -1.71720004     -0.110399999    
        1382  -1.70360005     -0.115599997    
        1384  -1.69120002     -0.119000003    
        1386  -1.70439994     -0.118000001    
        1388  -1.70360005     -0.119999997    
        1390  -1.70640004     -0.129600003    
        1392  -1.71120000     -0.119999997    
        1394  -1.71000004     -0.117399998    
        1396  -1.70720005     -0.123999998    
        1398  -1.70480001     -0.111800000    
        1400  -1.71120000     -0.127599999    
        1402  -1.71720004     -0.137199998    
        1404  -1.71120000     -0.129800007    
        1406  -1.72319996     -0.124799997    
        1408  -1.70959997     -0.131600007    
        1410  -1.70920002     -0.129999995    
        1412  -1.71200001     -0.133399993    
        1414  -1.72000003     -0.133599997    
        1416  -1.70319998     -0.129400000    
        1418  -1.71399999     -0.141200006    
        1420  -1.71599996     -0.149800003    
        1422  -1.70560002     -0.146799996    
        1424  -1.68799996     -0.141200006    
        1426  -1.69120002     -0.144400001    
        1428  -1.68959999     -0.164000005    
        1430  -1.69439995     -0.144999996    
        1432  -1.70360005     -0.155399993    
        1434  -1.69640005     -0.161200002    
        1436  -1.72520006     -0.160600007    
        1438  -1.70920002     -0.174400002    
        1440  -1.71200001     -0.167400002    
        1442  -1.69840002     -0.181600004    
        1444  -1.69840002     -0.173999995    
        1446  -1.69519997     -0.175200000    
        1448  -1.71959996     -0.167199999    
        1450  -1.72239995     -0.175400004    
        1452  -1.71640003     -0.172199994    
        1454  -1.72239995     -0.179399997    
        1456  -1.70360005     -0.190200001    
        1458  -1.71440005     -0.190799996    
        1460  -1.71759999     -0.198400006    
        1462  -1.72000003     -0.206400007    
        1464  -1.70720005     -0.215200007    
        1466  -1.72080004     -0.218600005    
        1468  -1.71879995     -0.204600006    
        1470  -1.74240005     -0.206599995    
        1472  -1.71399999     -0.200200006    
        1474  -1.72679996     -0.195999995    
        1476  -1.74720001     -0.204999998    
        1478  -1.71679997     -0.207399994    
        1480  -1.71000004     -0.198400006    
        1482  -1.71000004     -0.203600004    
        1484  -1.70200002     -0.214200005    
        1486  -1.73080003     -0.209999993    
        1488  -1.71879995     -0.219200000    
        1490  -1.73039997     -0.212799996    
        1492  -1.70079994     -0.200800002    
        1494  -1.70360005     -0.204999998    
        1496  -1.72200000     -0.209199995    
        1498  -1.70560002     -0.198799998    
        1500  -1.71039999     -0.197999999    
        1502  -1.69719994     -0.210199997    
        1504  -1.70280004     -0.211999997    
        1506  -1.71560001     -0.202800006    
        1508  -1.69239998     -0.194199994    
        1510  -1.71319997     -0.197200000    
        1512  -1.72039998     -0.198599994    
        1514  -1.74559999     -0.199399993    
        1516  -1.70720005     -0.192800000    
        1518  -1.69280005     -0.188600004    
        1520  -1.70120001     -0.190400004    
        1522  -1.69480002     -0.196999997    
        1524  -1.73160005     -0.197799996    
        1526  -1.74559999     -0.200599998    
        1528  -1.72479999     -0.188400000    
        1530  -1.72080004     -0.180399999    
        1532  -1.71319997     -0.168200001    
        1534  -1.70039999     -0.162000000    
        1536  -1.72360003     -0.161599994    
        1538  -1.71200001     -0.164600000    
        1540  -1.72560000     -0.167799994    
        1542  -1.72319996     -0.164600000    
        1544  -1.71319997     -0.165999994    
        1546  -1.73520005     -0.187800005    
        1548  -1.71159995     -0.185399994    
        1550  -1.70799994     -0.180399999    
        1552  -1.70560002     -0.175799996    
        1554  -1.72319996     -0.180000007    
        1556  -1.71039999     -0.178599998    
        1558  -1.71399999     -0.175999999    
        1560  -1.68599999     -0.188400000    
        1562  -1.70280004     -0.188600004    
        1564  -1.71679997     -0.179000005    
        1566  -1.72200000     -0.192599997    
        1568  -1.70599997     -0.193599999    
        1570  -1.70439994     -0.179000005    
        1572  -1.69079995     -0.171800002    
        1574  -1.67439997     -0.164199993    
        1576  -1.68159997     -0.179199994    
        1578  -1.67999995     -0.178399995    
        1580  -1.69120002     -0.179600000    
        1582  -1.71239996     -0.172800004    
        1584  -1.68439996     -0.180000007    
        1586  -1.65799999     -0.175999999    
        1588  -1.68120003     -0.171800002    
        1590  -1.68599999     -0.180399999    
        1592  -1.67040002     -0.179000005    
        1594  -1.67560005     -0.181400001    
        1596  -1.69200003     -0.179199994    
        1598  -1.66799998     -0.165000007    
        1600  -1.69480002     -0.172800004    
        1602  -1.69280005     -0.158199996    
        1604  -1.68680000     -0.168400005    
        1606  -1.68640006     -0.166199997    
        1608  -1.69400001     -0.173600003    
        1610  -1.67079997     -0.173800007    
        1612  -1.70239997     -0.179000005    
        1614  -1.70720005     -0.177000001    
        1616  -1.70879996     -0.187600002    
        1618  -1.70640004     -0.167999998    
        1620  -1.72080004     -0.167799994    
        1622  -1.70319998     -0.161200002    
        1624  -1.69000006     -0.162799999    
        1626  -1.69799995     -0.180800006    
        1628  -1.70039999     -0.177200004    
        1630  -1.71440005     -0.174999997    
        1632  -1.71159995     -0.166600004    
        1634  -1.70920002     -0.173600003    
        1636  -1.68200004     -0.177399993    
        1638  -1.69879997     -0.176799998    
        1640  -1.71159995     -0.174600005    
        1642  -1.70439994     -0.176400006    
        1644  -1.70280004     -0.169799998    
        1646  -1.66960001     -0.166600004    
        1648  -1.67639995     -0.170399994    
        1650  -1.70519996     -0.179800004    
        1652  -1.71120000     -0.163599998    
        1654  -1.72880006     -0.166800007    
        1656  -1.71280003     -0.163000003    
        1658  -1.71879995     -0.158800006    
        1660  -1.72479999     -0.156399995    
        1662  -1.70560002     -0.157800004    
        1664  -1.71560001     -0.158399999    
        1666  -1.72679996     -0.163200006    
        1668  -1.72880006     -0.160999998    
        1670  -1.73800004     -0.160799995    
        1672  -1.70560002     -0.163800001    
        1674  -1.71519995     -0.144800007    
        1676  -1.70000005     -0.135600001    
        1678  -1.70360005     -0.134800002    
        1680  -1.70760000     -0.141599998    
        1682  -1.70760000     -0.129600003    
        1684  -1.70799994     -0.133000001    
        1686  -1.69560003     -0.120600000    
        1688  -1.70679998     -0.118400000    
        1690  -1.70120001     -0.128000006    
        1692  -1.72679996     -0.130400002    
        1694  -1.71959996     -0.123400003    
        1696  -1.72319996     -0.131400004    
        1698  -1.72479999     -0.128199995    
        1700  -1.70560002     -0.134200007    
        1702  -1.69000006     -0.130400002    
        1704  -1.71920002     -0.120200001    
        1706  -1.69879997     -0.123800002    
        1708  -1.70599997     -0.119599998    
        1710  -1.67960000     -0.112000003    
        1712  -1.69079995     -0.116800003    
        1714  -1.67600000     -0.118600003    
        1716  -1.69879997     -0.124200001    
        1718  -1.68560004     -0.109999999    
        1720  -1.70280004     -0.125400007    
        1722  -1.71120000     -0.129600003    
        1724  -1.69519997     -0.133399993    
        1726  -1.70439994     -0.121600002    
        1728  -1.68120003     -0.128399998    
        1730  -1.69840002     -0.120600000    
        1732  -1.71519995     -0.112400003    
        1734  -1.71720004     -0.111199997    
        1736  -1.71679997     -0.120600000    
        1738  -1.72759998     -0.125000000    
        1740  -1.73239994     -0.121600002    
        1742  -1.69679999     -0.105200000    
        1744  -1.71800005     -0.115800001    
        1746  -1.73119998     -0.129999995    
        1748  -1.72599995     -0.121399999    
        1750  -1.70560002     -0.127800003    
        1752  -1.70280004     -0.127200007    
        1754  -1.69239998     -0.135800004    
        1756  -1.70200002     -0.134000003    
        1758  -1.69519997     -0.142600000    
        1760  -1.71039999     -0.145999998    
        1762  -1.71239996     -0.147000000    
        1764  -1.68439996     -0.152999997    
        1766  -1.71360004     -0.155000001    
        1768  -1.68840003     -0.145199999    
        1770  -1.68719995     -0.138200000    
        1772  -1.72160006     -0.140200004    
        1774  -1.73199999     -0.136399999    
        1776  -1.70879996     -0.136399999    
        1778  -1.70760000     -0.151999995    
        1780  -1.66799998     -0.155000001    
        1782  -1.70519996     -0.150399998    
        1784  -1.72679996     -0.136600003    
        1786  -1.70879996     -0.129400000    
        1788  -1.69799995     -0.130999997    
        1790  -1.72319996     -0.147400007    
        1792  -1.70760000     -0.136199996    
        1794  -1.69599998     -0.138400003    
        1796  -1.69519997     -0.133399993    
        1798  -1.71640003     -0.154799998    
        1800  -1.71800005     -0.157800004    
        1802  -1.72239995     -0.152799994    
        1804  -1.71640003     -0.162799999    
        1806  -1.71599996     -0.160400003    
        1808  -1.69840002     -0.161200002    
        1810  -1.71360004     -0.159799993    
        1812  -1.70840001     -0.162599996    
        1814  -1.69920003     -0.165600002    
        1816  -1.70039999     -0.165600002    
        1818  -1.72679996     -0.162000000    
        1820  -1.72520006     -0.159400001    
        1822  -1.73319995     -0.147400007    
        1824  -1.72599995     -0.162200004    
        1826  -1.72319996     -0.165600002    
        1828  -1.71080005     -0.169000000    
        1830  -1.70480001     -0.177000001    
        1832  -1.70280004     -0.173400000    
        1834  -1.70959997     -0.164600000    
        1836  -1.69120002     -0.186000004    
        1838  -1.71519995     -0.187199995    
        1840  -1.71399999     -0.183400005    
        1842  -1.70120001     -0.175600007    
        1844  -1.71280003     -0.173199996    
        1846  -1.70120001     -0.174799994    
        1848  -1.68640006     -0.168200001    
        1850  -1.67879999     -0.176799998    
        1852  -1.68879998     -0.193800002    
        1854  -1.68320000     -0.209199995    
        1856  -1.69079995     -0.214599997    
        1858  -1.67879999     -0.197799996    
        1860  -1.69640005     -0.212400004    
        1862  -1.69560003     -0.202199996    
        1864  -1.70799994     -0.207599998    
        1866  -1.72839999     -0.204799995    
        1868  -1.72399998     -0.209800005    
        1870  -1.72640002     -0.217800006    
        1872  -1.71840000     -0.219799995    
        1874  -1.71000004     -0.214000002    
        1876  -1.71640003     -0.224199995    
        1878  -1.73479998     -0.227400005    
        1880  -1.73280001     -0.229000002    
        1882  -1.74039996     -0.229800001    
        1884  -1.75000000     -0.243799999    
        1886  -1.72520006     -0.237800002    
        1888  -1.70959997     -0.229399994    
        1890  -1.73199999     -0.240799993    
        1892  -1.74559999     -0.247600004    
        1894  -1.73160005     -0.252600014    
        1896  -1.70920002     -0.237200007    
        1898  -1.69120002     -0.240799993    
        1900  -1.70079994     -0.235200003    
        1902  -1.71759999     -0.231999993    
        1904  -1.71319997     -0.230800003    
        1906  -1.69920003     -0.226600006    
        1908  -1.71920002     -0.227599993    
        1910  -1.69439995     -0.235599995    
        1912  -1.70640004     -0.227400005    
        1914  -1.71679997     -0.236200005    
        1916  -1.70720005     -0.240199998    
        1918  -1.70560002     -0.241799995    
        1920  -1.68359995     -0.234200001    
        1922  -1.69640005     -0.223199993    
        1924  -1.70840001     -0.231999993    
        1926  -1.70439994     -0.240999997    
        1928  -1.73199999     -0.247799993    
        1930  -1.71360004     -0.235400006    
        1932  -1.70799994     -0.236800000    
        1934  -1.70319998     -0.230000004    
        1936  -1.70280004     -0.236399993    
        1938  -1.68920004     -0.218799993    
        1940  -1.69679999     -0.225600004    
        1942  -1.69920003     -0.222800002    
        1944  -1.71239996     -0.218600005    
        1946  -1.69599998     -0.214800000    
        1948  -1.70760000     -0.213400006    
        1950  -1.74440002     -0.221399993    
        1952  -1.72239995     -0.229399994    
        1954  -1.71159995     -0.231999993    
        1956  -1.70959997     -0.225400001    
        1958  -1.71000004     -0.238999993    
        1960  -1.71120000     -0.231199995    
        1962  -1.70920002     -0.223600000    
        1964  -1.71159995     -0.214000002    
        1966  -1.72759998     -0.216800004    
        1968  -1.72679996     -0.217800006    
        1970  -1.71239996     -0.218199998    
        1972  -1.70120001     -0.223000005    
        1974  -1.70439994     -0.222800002    
        1976  -1.68799996     -0.217999995    
        1978  -1.69159997     -0.215000004    
        1980  -1.72119999     -0.229000002    
        1982  -1.71120000     -0.227799997    
        1984  -1.69840002     -0.232800007    
        1986  -1.68920004     -0.229200006    
        1988  -1.72880006     -0.237599999    
        1990  -1.72479999     -0.239399999    
        1992  -1.71319997     -0.230199993    
        1994  -1.69719994     -0.244000003    
        1996  -1.70280004     -0.232400000    
        1998  -1.71920002     -0.244399995    
        2000  -1.72800004     -0.228799999    
        2002  -1.71480000     -0.218600005    
        2004  -1.70760000     -0.222800002    
        2006  -1.69879997     -0.226799995    
        2008  -1.71080005     -0.226400003    
        2010  -1.67879999     -0.223800004    
        2012  -1.71239996     -0.220799997    
        2014  -1.71480000     -0.236800000    
        2016  -1.71280003     -0.232199997    
        2018  -1.71640003     -0.228799999    
        2020  -1.70840001     -0.234400004    
        2022  -1.70760000     -0.232800007    
        2024  -1.69719994     -0.246000007    
        2026  -1.73399997     -0.246199995    
        2028  -1.72560000     -0.237599999    
        2030  -1.71560001     -0.250200003    
        2032  -1.74039996     -0.263200015    
        2034  -1.71440005     -0.252000004    
        2036  -1.70760000     -0.229599997    
        2038  -1.71759999     -0.238600001    
        2040  -1.70239997     -0.245399997    
        2042  -1.71560001     -0.241600007    
        2044  -1.71840000     -0.233999997    
        2046  -1.72160006     -0.237000003    
        2048  -1.70319998     -0.237399995    
        2050  -1.71480000     -0.234200001    
        2052  -1.70879996     -0.234599993    
        2054  -1.71200001     -0.234200001    
        2056  -1.72119999     -0.224399999    
        2058  -1.72080004     -0.227200001    
        2060  -1.70360005     -0.225999996    
        2062  -1.74319994     -0.237800002    
        2064  -1.73360002     -0.229800001    
        2066  -1.73280001     -0.226400003    
        2068  -1.71239996     -0.219400004    
        2070  -1.71440005     -0.221000001    
        2072  -1.72599995     -0.224000007    
        2074  -1.71599996     -0.225400001    
        2076  -1.71679997     -0.219799995    
        2078  -1.70200002     -0.218199998    
        2080  -1.68519998     -0.219999999    
        2082  -1.72000003     -0.208399996    
        2084  -1.70360005     -0.211199999    
        2086  -1.72039998     -0.203199998    
        2088  -1.71319997     -0.200200006    
        2090  -1.68599999     -0.199399993    
        2092  -1.69319999     -0.207399994    
        2094  -1.70560002     -0.214000002    
        2096  -1.70560002     -0.201800004    
        2098  -1.72360003     -0.200200006    
        2100  -1.73039997     -0.199399993    
        2102  -1.70560002     -0.205599993    
        2104  -1.71399999     -0.209800005    
        2106  -1.71080005     -0.211600006    
        2108  -1.69000006     -0.211999997    
        2110  -1.71159995     -0.201600000    
        2112  -1.72239995     -0.210800007    
        2114  -1.72280002     -0.211199999    
        2116  -1.70120001     -0.217600003    
        2118  -1.72800004     -0.222599998    
        2120  -1.73440003     -0.219400004    
        2122  -1.72399998     -0.219600007    
        2124  -1.72119999     -0.225400001    
        2126  -1.72839999     -0.223800004    
        2128  -1.69159997     -0.224800006    
        2130  -1.69640005     -0.209600002    
        2132  -1.69679999     -0.207399994    
        2134  -1.69120002     -0.203600004    
        2136  -1.69760001     -0.200399995    
        2138  -1.71120000     -0.203799993    
        2140  -1.72679996     -0.206599995    
        2142  -1.72000003     -0.210999995    
        2144  -1.69360006     -0.211999997    
        2146  -1.72839999     -0.202800006    
        2148  -1.70319998     -0.202999994    
        2150  -1.73759997     -0.222800002    
        2152  -1.68920004     -0.213000000    
        2154  -1.71039999     -0.224000007    
        2156  -1.70280004     -0.224000007    
        2158  -1.69959998     -0.215399995    
        2160  -1.69439995     -0.215200007    
        2162  -1.71039999     -0.208800003    
        2164  -1.70079994     -0.209999993    
        2166  -1.69879997     -0.215599999    
        2168  -1.69000006     -0.220799997    
        2170  -1.69560003     -0.228000000    
        2172  -1.70480001     -0.227200001    
        2174  -1.71399999     -0.224800006    
        2176  -1.71759999     -0.237200007    
        2178  -1.69079995     -0.233799994    
        2180  -1.70280004     -0.226799995    
        2182  -1.70039999     -0.227599993    
        2184  -1.69040000     -0.234599993    
        2186  -1.69319999     -0.228400007    
        2188  -1.71200001     -0.232800007    
        2190  -1.71159995     -0.250400007    
        2192  -1.69920003     -0.238600001    
        2194  -1.72119999     -0.238000005    
        2196  -1.71319997     -0.224199995    
        2198  -1.72000003     -0.231199995    
        2200  -1.71920002     -0.244200006    
        2202  -1.68719995     -0.243599996    
        2204  -1.69319999     -0.230599999    
        2206  -1.71360004     -0.236800000    
        2208  -1.70679998     -0.250999987    
        2210  -1.70679998     -0.258599997    
        2212  -1.71800005     -0.253199995    
        2214  -1.73199999     -0.248999998    
        2216  -1.71519995     -0.243599996    
        2218  -1.71080005     -0.252000004    
        2220  -1.71679997     -0.247600004    
        2222  -1.70640004     -0.243200004    
        2224  -1.71959996     -0.239600003    
        2226  -1.70920002     -0.228799999    
        2228  -1.70519996     -0.234599993    
        2230  -1.71280003     -0.252999991    
        2232  -1.71000004     -0.255800009    
        2234  -1.71720004     -0.264999986    
        2236  -1.72720003     -0.275000006    
        2238  -1.72039998     -0.282200009    
        2240  -1.72679996     -0.279599994    
        2242  -1.69560003     -0.273999989    
        2244  -1.70959997     -0.289400011    
        2246  -1.71480000     -0.280200005    
        2248  -1.69079995     -0.275400013    
        2250  -1.71080005     -0.284599990    
        2252  -1.71120000     -0.301400006    
        2254  -1.71640003     -0.298000008    
        2256  -1.70239997     -0.307000011    
        2258  -1.70760000     -0.299400002    
        2260  -1.71560001     -0.301600009    
        2262  -1.73039997     -0.289799988    
        2264  -1.72479999     -0.287000000    
        2266  -1.70480001     -0.277399987    
        2268  -1.71840000     -0.277999997    
        2270  -1.69239998     -0.277399987    
        2272  -1.69879997     -0.285400003    
        2274  -1.71519995     -0.288399994    
        2276  -1.71399999     -0.273799986    
        2278  -1.72520006     -0.270599991    
        2280  -1.72119999     -0.276199996    
        2282  -1.71200001     -0.263000011    
        2284  -1.70400000     -0.270399988    
        2286  -1.70319998     -0.269600004    
        2288  -1.70560002     -0.257400006    
        2290  -1.69480002     -0.254200011    
        2292  -1.71360004     -0.254000008    
        2294  -1.72640002     -0.246399999    
        2296  -1.73839998     -0.259200007    
        2298  -1.71720004     -0.268000007    
        2300  -1.72839999     -0.270999998    
        2302  -1.72039998     -0.269600004    
        2304  -1.70280004     -0.267399997    
        2306  -1.70640004     -0.262199998    
        2308  -1.70000005     -0.261999995    
        2310  -1.69560003     -0.258599997    
        2312  -1.72039998     -0.252000004    
        2314  -1.72399998     -0.250600010    
        2316  -1.71840000     -0.252400011    
        2318  -1.71080005     -0.245199993    
        2320  -1.71239996     -0.241600007    
        2322  -1.71679997     -0.240799993    
        2324  -1.72119999     -0.245199993    
        2326  -1.70959997     -0.240799993    
        2328  -1.73559999     -0.253399998    
        2330  -1.73440003     -0.249599993    
        2332  -1.73959994     -0.239999995    
        2334  -1.73759997     -0.231399998    
        2336  -1.72880006     -0.231000006    
        2338  -1.74160004     -0.237000003    
        2340  -1.72039998     -0.236000001    
        2342  -1.70799994     -0.229800001    
        2344  -1.70519996     -0.223600000    
        2346  -1.70200002     -0.221799999    
        2348  -1.71519995     -0.218799993    
        2350  -1.72479999     -0.219600007    
        2352  -1.71280003     -0.209800005    
        2354  -1.71519995     -0.202199996    
        2356  -1.69920003     -0.203400001    
        2358  -1.70879996     -0.198200002    
        2360  -1.70120001     -0.190200001    
        2362  -1.69879997     -0.188999996    
        2364  -1.69200003     -0.179600000    
        2366  -1.71560001     -0.173800007    
        2368  -1.73520005     -0.174400002    
        2370  -1.73440003     -0.154400006    
        2372  -1.73319995     -0.163000003    
        2374  -1.73160005     -0.163200006    
        2376  -1.71120000     -0.153799996    
        2378  -1.69319999     -0.145799994    
        2380  -1.72360003     -0.151600003    
        2382  -1.71080005     -0.160999998    
        2384  -1.69079995     -0.156200007    
        2386  -1.69360006     -0.150800005    
        2388  -1.68480003     -0.152799994    
        2390  -1.71159995     -0.154799998    
        2392  -1.69239998     -0.163200006    
        2394  -1.70519996     -0.177399993    
        2396  -1.70959997     -0.185000002    
        2398  -1.67680001     -0.183599994    
        2400  -1.69439995     -0.184599996    
        2402  -1.70879996     -0.187399998    
        2404  -1.72160006     -0.192000002    
        2406  -1.71000004     -0.189199999    
        2408  -1.72319996     -0.207800001    
        2410  -1.73800004     -0.220799997    
        2412  -1.69319999     -0.220799997    
        2414  -1.69799995     -0.207200006    
        2416  -1.70159996     -0.203199998    
        2418  -1.68480003     -0.212799996    
        2420  -1.70720005     -0.206200004    
        2422  -1.71640003     -0.214800000    
        2424  -1.69640005     -0.224000007    
        2426  -1.70560002     -0.230199993    
        2428  -1.72200000     -0.236599997    
        2430  -1.74160004     -0.222800002    
        2432  -1.74319994     -0.215000004    
        2434  -1.74199998     -0.229599997    
        2436  -1.71200001     -0.215800002    
        2438  -1.70560002     -0.205400005    
        2440  -1.69400001     -0.207399994    
        2442  -1.70480001     -0.218799993    
        2444  -1.69719994     -0.214200005    
        2446  -1.71280003     -0.213200003    
        2448  -1.71440005     -0.211799994    
        2450  -1.73800004     -0.213400006    
        2452  -1.70400000     -0.208199993    
        2454  -1.69319999     -0.199599996    
        2456  -1.70159996     -0.212599993    
        2458  -1.72640002     -0.204400003    
        2460  -1.71399999     -0.213799998    
        2462  -1.72800004     -0.222599998    
        2464  -1.72399998     -0.217800006    
        2466  -1.71519995     -0.219799995    
        2468  -1.69599998     -0.224999994    
        2470  -1.70360005     -0.210400000    
        2472  -1.70799994     -0.215200007    
        2474  -1.69159997     -0.214599997    
        2476  -1.71679997     -0.221599996    
        2478  -1.71800005     -0.233799994    
        2480  -1.70840001     -0.230599999    
        2482  -1.69640005     -0.220799997    
        2484  -1.71519995     -0.231999993    
        2486  -1.70039999     -0.234799996    
        2488  -1.69400001     -0.244200006    
        2490  -1.69920003     -0.241600007    
        2492  -1.71920002     -0.250999987    
        2494  -1.71519995     -0.244200006    
        2496  -1.70679998     -0.251800001    
        2498  -1.70200002     -0.250999987    
        2500  -1.69920003     -0.264999986    
        2502  -1.72560000     -0.273799986    
        2504  -1.74160004     -0.278600007    
        2506  -1.72759998     -0.274399996    
        2508  -1.71720004     -0.277599990    
        2510  -1.71560001     -0.277599990    
        2512  -1.70480001     -0.270399988    
        2514  -1.68400002     -0.277000010    
        2516  -1.67400002     -0.258800000    
        2518  -1.66919994     -0.262199998    
        2520  -1.71200001     -0.257400006    
        2522  -1.71840000     -0.259799987    
        2524  -1.72479999     -0.258800000    
        2526  -1.72399998     -0.266000003    
        2528  -1.68239999     -0.255800009    
        2530  -1.69840002     -0.259200007    
        2532  -1.70760000     -0.257999986    
        2534  -1.70120001     -0.254799992    
        2536  -1.72880006     -0.247600004    
        2538  -1.70200002     -0.249200001    
        2540  -1.72000003     -0.251800001    
        2542  -1.71200001     -0.261599988    
        2544  -1.70840001     -0.254799992    
        2546  -1.70720005     -0.248199999    
        2548  -1.70319998     -0.246399999    
        2550  -1.69599998     -0.248799995    
        2552  -1.67760003     -0.252200007    
        2554  -1.71399999     -0.249799997    
        2556  -1.70599997     -0.248799995    
        2558  -1.71599996     -0.243399993    
        2560  -1.70560002     -0.251399994    
        2562  -1.71399999     -0.272199988    
        2564  -1.69319999     -0.263799995    
        2566  -1.71840000     -0.258399993    
        2568  -1.72239995     -0.251599997    
        2570  -1.70679998     -0.267600000    
        2572  -1.72520006     -0.276199996    
        2574  -1.71200001     -0.268400013    
        2576  -1.72399998     -0.285200000    
        2578  -1.72599995     -0.281399995    
        2580  -1.70760000     -0.277999997    
        2582  -1.70400000     -0.283600003    
        2584  -1.72679996     -0.277599990    
        2586  -1.70239997     -0.281399995    
        2588  -1.69519997     -0.284200013    
        2590  -1.68040001     -0.297600001    
        2592  -1.71800005     -0.294000000    
        2594  -1.70920002     -0.276199996    
        2596  -1.69400001     -0.274599999    
        2598  -1.70360005     -0.262600005    
        2600  -1.71840000     -0.268000007    
        2602  -1.71759999     -0.263200015    
        2604  -1.71080005     -0.270999998    
        2606  -1.70280004     -0.286799997    
        2608  -1.71000004     -0.286000013    
        2610  -1.71360004     -0.287800014    
        2612  -1.69360006     -0.282599986    
        2614  -1.70879996     -0.285800010    
        2616  -1.70000005     -0.292800009    
        2618  -1.68680000     -0.312799990    
        2620  -1.70159996     -0.324200004    
        2622  -1.70920002     -0.325199991    
        2624  -1.72959995     -0.321799994    
        2626  -1.71840000     -0.321599990    
        2628  -1.72759998     -0.317799985    
        2630  -1.72720003     -0.317600012    
        2632  -1.71519995     -0.314599991    
        2634  -1.71080005     -0.320600003    
        2636  -1.72399998     -0.322400004    
        2638  -1.73360002     -0.325599998    
        2640  -1.68920004     -0.324600011    
        2642  -1.69840002     -0.320199996    
        2644  -1.69879997     -0.298599988    
        2646  -1.69040000     -0.314399987    
        2648  -1.70200002     -0.315200001    
        2650  -1.69360006     -0.300399989    
        2652  -1.71159995     -0.300799996    
        2654  -1.70879996     -0.294600010    
        2656  -1.73280001     -0.300399989    
        2658  -1.69400001     -0.306600004    
        2660  -1.70000005     -0.302399993    
        2662  -1.71759999     -0.296200007    
        2664  -1.70519996     -0.277799994    
        2666  -1.73000002     -0.280400008    
        2668  -1.71000004     -0.295399994    
        2670  -1.70920002     -0.305599988    
        2672  -1.70480001     -0.298400015    
        2674  -1.70039999     -0.288399994    
        2676  -1.70959997     -0.293599993    
        2678  -1.72720003     -0.302800000    
        2680  -1.70959997     -0.316799998    
        2682  -1.73039997     -0.320199996    
        2684  -1.72119999     -0.314399987    
        2686  -1.71679997     -0.306600004    
        2688  -1.71039999     -0.309599996    
        2690  -1.71440005     -0.316199988    
        2692  -1.72520006     -0.325800002    
        2694  -1.71440005     -0.322200000    
        2696  -1.71360004     -0.319200009    
        2698  -1.71560001     -0.323799998    
        2700  -1.70280004     -0.319400012    
        2702  -1.71519995     -0.316599995    
        2704  -1.71319997     -0.316599995    
        2706  -1.71759999     -0.326599985    
        2708  -1.69959998     -0.330399990    
        2710  -1.68760002     -0.333799988    
        2712  -1.70840001     -0.341800004    
        2714  -1.70280004     -0.330799997    
        2716  -1.71519995     -0.341600001    
        2718  -1.71399999     -0.344999999    
        2720  -1.72839999     -0.349200010    
        2722  -1.71200001     -0.337599993    
        2724  -1.72319996     -0.337799996    
        2726  -1.70159996     -0.337399989    
        2728  -1.69200003     -0.334399998    
        2730  -1.71560001     -0.328000009    
        2732  -1.73239994     -0.332599998    
        2734  -1.72399998     -0.349599987    
        2736  -1.73520005     -0.339800000    
        2738  -1.72720003     -0.347600013    
        2740  -1.70560002     -0.343199998    
        2742  -1.70760000     -0.342599988    
        2744  -1.70959997     -0.337399989    
        2746  -1.67760003     -0.343800008    
        2748  -1.69920003     -0.344599992    
        2750  -1.70360005     -0.353199989    
        2752  -1.69799995     -0.350400001    
        2754  -1.69760001     -0.362199992    
        2756  -1.69879997     -0.352200001    
        2758  -1.70239997     -0.346199989    
        2760  -1.69879997     -0.346399993    
        2762  -1.69079995     -0.338000000    
        2764  -1.69439995     -0.342200011    
        2766  -1.71519995     -0.348600000    
        2768  -1.73360002     -0.352400005    
        2770  -1.71159995     -0.354400009    
        2772  -1.72959995     -0.353199989    
        2774  -1.72080004     -0.356999993    
        2776  -1.72920001     -0.354600012    
        2778  -1.69519997     -0.345999986    
        2780  -1.68439996     -0.355800003    
        2782  -1.70120001     -0.365399987    
        2784  -1.69599998     -0.364600003    
        2786  -1.69400001     -0.365000010    
        2788  -1.70400000     -0.370200008    
        2790  -1.70679998     -0.360399991    
        2792  -1.71159995     -0.355599999    
        2794  -1.71000004     -0.369599998    
        2796  -1.70959997     -0.368600011    
        2798  -1.71599996     -0.360599995    
        2800  -1.70239997     -0.355399996    
        2802  -1.70840001     -0.352800012    
        2804  -1.73399997     -0.356000006    
        2806  -1.72319996     -0.361400008    
        2808  -1.71879995     -0.367000014    
        2810  -1.72319996     -0.372599989    
        2812  -1.71759999     -0.365999997    
        2814  -1.71679997     -0.362399995    
        2816  -1.69280005     -0.359200001    
        2818  -1.70239997     -0.358799994    
        2820  -1.70840001     -0.354200006    
        2822  -1.68840003     -0.349400014    
        2824  -1.68400002     -0.351999998    
        2826  -1.69679999     -0.368400007    
        2828  -1.71360004     -0.358799994    
        2830  -1.71920002     -0.365200013    
        2832  -1.70640004     -0.368200004    
        2834  -1.71560001     -0.365799993    
        2836  -1.71840000     -0.356599987    
        2838  -1.71560001     -0.367799997    
        2840  -1.70280004     -0.371199995    
        2842  -1.70920002     -0.383800000    
        2844  -1.70640004     -0.379400015    
        2846  -1.73319995     -0.382999986    
        2848  -1.72720003     -0.379599988    
        2850  -1.71840000     -0.382800013    
        2852  -1.71920002     -0.388999999    
        2854  -1.71159995     -0.396400005    
        2856  -1.70879996     -0.388999999    
        2858  -1.72800004     -0.386400014    
        2860  -1.72000003     -0.382400006    
        2862  -1.72759998     -0.386200011    
        2864  -1.72679996     -0.381399989    
        2866  -1.70959997     -0.384799987    
        2868  -1.71759999     -0.389800012    
        2870  -1.72599995     -0.390399992    
        2872  -1.71679997     -0.370000005    
        2874  -1.70519996     -0.365599990    
        2876  -1.69120002     -0.360799998    
        2878  -1.72160006     -0.352800012    
        2880  -1.69560003     -0.348199993    
        2882  -1.69040000     -0.352200001    
        2884  -1.69879997     -0.353799999    
        2886  -1.73440003     -0.362199992    
        2888  -1.70959997     -0.357800007    
        2890  -1.71120000     -0.363200009    
        2892  -1.71080005     -0.365599990    
        2894  -1.67279994     -0.361600012    
        2896  -1.69840002     -0.372399986    
        2898  -1.70200002     -0.369599998    
        2900  -1.72800004     -0.380400002    
        2902  -1.70159996     -0.376399994    
        2904  -1.70159996     -0.382200003    
        2906  -1.69679999     -0.384999990    
        2908  -1.71280003     -0.384400010    
        2910  -1.70319998     -0.384400010    
        2912  -1.69480002     -0.375400007    
        2914  -1.71480000     -0.379599988    
        2916  -1.73080003     -0.383599997    
        2918  -1.72000003     -0.384400010    
        2920  -1.71840000     -0.391600013    
        2922  -1.73000002     -0.403400004    
        2924  -1.71920002     -0.393999994    
        2926  -1.68560004     -0.380600005    
        2928  -1.71519995     -0.376199991    
        2930  -1.72280002     -0.377799988    
        2932  -1.72319996     -0.385199994    
        2934  -1.70239997     -0.375000000    
        2936  -1.72119999     -0.386999995    
        2938  -1.73759997     -0.393000007    
        2940  -1.71599996     -0.393000007    
        2942  -1.71800005     -0.383800000    
        2944  -1.74000001     -0.391999990    
        2946  -1.71959996     -0.397599995    
        2948  -1.74000001     -0.410800010    
        2950  -1.74640000     -0.410800010    
        2952  -1.72920001     -0.398000002    
        2954  -1.71319997     -0.396400005    
        2956  -1.75160003     -0.402999997    
        2958  -1.73280001     -0.408800006    
        2960  -1.72160006     -0.417600006    
        2962  -1.72959995     -0.412800014    
        2964  -1.75279999     -0.419200003    
        2966  -1.74759996     -0.410600007    
        2968  -1.73080003     -0.411799997    
        2970  -1.72039998     -0.409000009    
        2972  -1.73119998     -0.403400004    
        2974  -1.72440004     -0.405400008    
        2976  -1.72440004     -0.408600003    
        2978  -1.73360002     -0.406599998    
        2980  -1.72599995     -0.402599990    
        2982  -1.73399997     -0.395399988    
        2984  -1.71159995     -0.393400013    
        2986  -1.72200000     -0.405000001    
        2988  -1.73399997     -0.408600003    
        2990  -1.74399996     -0.405999988    
        2992  -1.72839999     -0.398000002    
        2994  -1.73160005     -0.381399989    
        2996  -1.70920002     -0.374399990    
        2998  -1.71959996     -0.374199986    
        3000  -1.72039998     -0.378600001    
