 # Cycle    Energy/N    Magnetization/N
           2 -0.879999995      0.119999997    
           4  -1.03999996     -0.180000007    
           6  -1.15999997     -0.419999987    
           8  -1.27999997     -0.280000001    
          10  -1.32000005     -0.519999981    
          12  -1.44000006     -0.500000000    
          14  -1.27999997     -0.219999999    
          16  -1.20000005     -0.300000012    
          18  -1.32000005     -0.180000007    
          20  -1.36000001      -7.99999982E-02
          22  -1.24000001      -5.99999987E-02
          24  -1.36000001     -0.159999996    
          26  -1.32000005       1.99999996E-02
          28  -1.32000005      0.140000001    
          30  -1.27999997       5.99999987E-02
          32  -1.32000005      0.119999997    
          34  -1.36000001      0.100000001    
          36  -1.39999998      0.259999990    
          38  -1.32000005      0.400000006    
          40  -1.20000005      0.460000008    
          42  -1.44000006      0.800000012    
          44  -1.79999995      0.939999998    
          46  -1.91999996      0.980000019    
          48  -2.00000000       1.00000000    
          50  -2.00000000       1.00000000    
          52  -1.84000003      0.959999979    
          54  -1.79999995      0.939999998    
          56  -1.91999996      0.980000019    
          58  -1.88000000      0.959999979    
          60  -1.91999996      0.980000019    
          62  -2.00000000       1.00000000    
          64  -2.00000000       1.00000000    
          66  -1.91999996      0.980000019    
          68  -1.84000003      0.959999979    
          70  -1.91999996      0.980000019    
          72  -1.91999996      0.980000019    
          74  -1.91999996      0.980000019    
          76  -1.84000003      0.959999979    
          78  -1.48000002      0.839999974    
          80  -1.75999999      0.939999998    
          82  -1.75999999      0.899999976    
          84  -1.91999996      0.980000019    
          86  -1.79999995      0.939999998    
          88  -1.72000003      0.920000017    
          90  -1.79999995      0.920000017    
          92  -1.72000003      0.879999995    
          94  -1.84000003      0.939999998    
          96  -1.91999996      0.980000019    
          98  -1.91999996      0.980000019    
         100  -1.75999999      0.939999998    
         102  -1.79999995      0.920000017    
         104  -2.00000000       1.00000000    
         106  -1.91999996      0.980000019    
         108  -1.79999995      0.939999998    
         110  -1.91999996      0.980000019    
         112  -2.00000000       1.00000000    
         114  -1.84000003      0.959999979    
         116  -1.63999999      0.899999976    
         118  -1.75999999      0.939999998    
         120  -1.84000003      0.959999979    
         122  -1.75999999      0.939999998    
         124  -2.00000000       1.00000000    
         126  -1.91999996      0.980000019    
         128  -2.00000000       1.00000000    
         130  -2.00000000       1.00000000    
         132  -1.91999996      0.980000019    
         134  -1.91999996      0.980000019    
         136  -1.60000002      0.860000014    
         138  -1.72000003      0.899999976    
         140  -1.63999999      0.899999976    
         142  -1.79999995      0.939999998    
         144  -1.67999995      0.899999976    
         146  -2.00000000       1.00000000    
         148  -1.84000003      0.959999979    
         150  -1.60000002      0.879999995    
         152  -1.75999999      0.939999998    
         154  -1.79999995      0.939999998    
         156  -1.84000003      0.959999979    
         158  -1.72000003      0.920000017    
         160  -1.79999995      0.920000017    
         162  -2.00000000       1.00000000    
         164  -2.00000000       1.00000000    
         166  -2.00000000       1.00000000    
         168  -1.91999996      0.980000019    
         170  -2.00000000       1.00000000    
         172  -2.00000000       1.00000000    
         174  -1.91999996      0.980000019    
         176  -1.67999995      0.879999995    
         178  -1.60000002      0.740000010    
         180  -1.79999995      0.920000017    
         182  -1.75999999      0.939999998    
         184  -1.88000000      0.959999979    
         186  -1.91999996      0.980000019    
         188  -2.00000000       1.00000000    
         190  -1.75999999      0.920000017    
         192  -2.00000000       1.00000000    
         194  -1.91999996      0.980000019    
         196  -1.84000003      0.920000017    
         198  -2.00000000       1.00000000    
         200  -1.91999996      0.980000019    
         202  -1.91999996      0.980000019    
         204  -2.00000000       1.00000000    
         206  -2.00000000       1.00000000    
         208  -1.67999995      0.860000014    
         210  -1.60000002      0.899999976    
         212  -1.75999999      0.939999998    
         214  -1.84000003      0.939999998    
         216  -1.72000003      0.920000017    
         218  -1.84000003      0.959999979    
         220  -1.91999996      0.980000019    
         222  -2.00000000       1.00000000    
         224  -1.91999996      0.980000019    
         226  -2.00000000       1.00000000    
         228  -1.91999996      0.980000019    
         230  -2.00000000       1.00000000    
         232  -1.75999999      0.939999998    
         234  -1.84000003      0.959999979    
         236  -1.79999995      0.939999998    
         238  -1.75999999      0.920000017    
         240  -1.67999995      0.920000017    
         242  -1.91999996      0.980000019    
         244  -2.00000000       1.00000000    
         246  -1.91999996      0.980000019    
         248  -1.84000003      0.959999979    
         250  -1.79999995      0.939999998    
         252  -1.91999996      0.980000019    
         254  -1.91999996      0.980000019    
         256  -1.91999996      0.980000019    
         258  -2.00000000       1.00000000    
         260  -1.84000003      0.959999979    
         262  -1.84000003      0.959999979    
         264  -2.00000000       1.00000000    
         266  -1.91999996      0.980000019    
         268  -1.91999996      0.980000019    
         270  -1.67999995      0.920000017    
         272  -2.00000000       1.00000000    
         274  -1.84000003      0.959999979    
         276  -1.75999999      0.939999998    
         278  -2.00000000       1.00000000    
         280  -1.67999995      0.899999976    
         282  -1.60000002      0.839999974    
         284  -1.79999995      0.939999998    
         286  -1.88000000      0.959999979    
         288  -1.91999996      0.980000019    
         290  -1.91999996      0.980000019    
         292  -2.00000000       1.00000000    
         294  -1.84000003      0.959999979    
         296  -1.84000003      0.959999979    
         298  -1.88000000      0.959999979    
         300  -1.67999995      0.899999976    
         302  -1.75999999      0.899999976    
         304  -1.84000003      0.939999998    
         306  -1.84000003      0.959999979    
         308  -1.91999996      0.980000019    
         310  -2.00000000       1.00000000    
         312  -1.91999996      0.980000019    
         314  -1.79999995      0.920000017    
         316  -1.91999996      0.980000019    
         318  -1.91999996      0.980000019    
         320  -1.91999996      0.980000019    
         322  -1.60000002      0.800000012    
         324  -1.63999999      0.819999993    
         326  -1.72000003      0.879999995    
         328  -1.75999999      0.939999998    
         330  -2.00000000       1.00000000    
         332  -2.00000000       1.00000000    
         334  -1.84000003      0.959999979    
         336  -1.63999999      0.860000014    
         338  -1.75999999      0.939999998    
         340  -1.84000003      0.959999979    
         342  -1.84000003      0.959999979    
         344  -1.88000000      0.959999979    
         346  -1.84000003      0.959999979    
         348  -2.00000000       1.00000000    
         350  -2.00000000       1.00000000    
         352  -2.00000000       1.00000000    
         354  -2.00000000       1.00000000    
         356  -2.00000000       1.00000000    
         358  -1.88000000      0.959999979    
         360  -2.00000000       1.00000000    
         362  -2.00000000       1.00000000    
         364  -2.00000000       1.00000000    
         366  -2.00000000       1.00000000    
         368  -1.75999999      0.920000017    
         370  -1.75999999      0.839999974    
         372  -1.67999995      0.879999995    
         374  -1.79999995      0.939999998    
         376  -1.91999996      0.980000019    
         378  -2.00000000       1.00000000    
         380  -1.91999996      0.980000019    
         382  -1.79999995      0.939999998    
         384  -1.75999999      0.899999976    
         386  -1.84000003      0.959999979    
         388  -1.91999996      0.980000019    
         390  -1.91999996      0.980000019    
         392  -1.67999995      0.879999995    
         394  -1.84000003      0.959999979    
         396  -1.91999996      0.980000019    
         398  -2.00000000       1.00000000    
         400  -1.91999996      0.980000019    
         402  -1.91999996      0.980000019    
         404  -2.00000000       1.00000000    
         406  -1.84000003      0.959999979    
         408  -1.88000000      0.959999979    
         410  -1.91999996      0.980000019    
         412  -1.84000003      0.959999979    
         414  -1.84000003      0.959999979    
         416  -1.91999996      0.980000019    
         418  -2.00000000       1.00000000    
         420  -2.00000000       1.00000000    
         422  -2.00000000       1.00000000    
         424  -1.91999996      0.980000019    
         426  -1.88000000      0.959999979    
         428  -1.79999995      0.920000017    
         430  -1.67999995      0.899999976    
         432  -1.79999995      0.939999998    
         434  -1.84000003      0.959999979    
         436  -1.91999996      0.980000019    
         438  -1.91999996      0.980000019    
         440  -1.79999995      0.939999998    
         442  -1.75999999      0.939999998    
         444  -1.72000003      0.920000017    
         446  -1.75999999      0.939999998    
         448  -1.91999996      0.980000019    
         450  -1.84000003      0.920000017    
         452  -1.88000000      0.959999979    
         454  -2.00000000       1.00000000    
         456  -1.91999996      0.980000019    
         458  -1.84000003      0.959999979    
         460  -2.00000000       1.00000000    
         462  -1.91999996      0.980000019    
         464  -1.72000003      0.920000017    
         466  -1.88000000      0.959999979    
         468  -1.91999996      0.980000019    
         470  -1.51999998      0.839999974    
         472  -1.36000001      0.699999988    
         474  -1.72000003      0.920000017    
         476  -1.91999996      0.980000019    
         478  -1.72000003      0.920000017    
         480  -1.84000003      0.959999979    
         482  -1.91999996      0.980000019    
         484  -2.00000000       1.00000000    
         486  -1.84000003      0.959999979    
         488  -1.91999996      0.980000019    
         490  -1.84000003      0.959999979    
         492  -1.91999996      0.980000019    
         494  -1.88000000      0.959999979    
         496  -1.67999995      0.899999976    
         498  -1.91999996      0.980000019    
         500  -2.00000000       1.00000000    
         502  -2.00000000       1.00000000    
         504  -1.91999996      0.980000019    
         506  -1.75999999      0.939999998    
         508  -1.72000003      0.879999995    
         510  -2.00000000       1.00000000    
         512  -1.75999999      0.939999998    
         514  -1.84000003      0.959999979    
         516  -1.91999996      0.980000019    
         518  -1.48000002      0.819999993    
         520  -1.91999996      0.980000019    
         522  -1.91999996      0.980000019    
         524  -1.75999999      0.939999998    
         526  -1.79999995      0.939999998    
         528  -2.00000000       1.00000000    
         530  -2.00000000       1.00000000    
         532  -2.00000000       1.00000000    
         534  -1.91999996      0.980000019    
         536  -1.91999996      0.980000019    
         538  -1.91999996      0.980000019    
         540  -1.91999996      0.980000019    
         542  -2.00000000       1.00000000    
         544  -2.00000000       1.00000000    
         546  -2.00000000       1.00000000    
         548  -1.91999996      0.980000019    
         550  -1.84000003      0.959999979    
         552  -1.84000003      0.959999979    
         554  -1.67999995      0.879999995    
         556  -1.88000000      0.959999979    
         558  -1.84000003      0.959999979    
         560  -2.00000000       1.00000000    
         562  -2.00000000       1.00000000    
         564  -1.60000002      0.879999995    
         566  -1.63999999      0.860000014    
         568  -1.91999996      0.980000019    
         570  -1.75999999      0.939999998    
         572  -1.88000000      0.959999979    
         574  -1.91999996      0.980000019    
         576  -1.91999996      0.980000019    
         578  -2.00000000       1.00000000    
         580  -1.91999996      0.980000019    
         582  -1.91999996      0.980000019    
         584  -2.00000000       1.00000000    
         586  -1.79999995      0.939999998    
         588  -2.00000000       1.00000000    
         590  -1.91999996      0.980000019    
         592  -1.84000003      0.959999979    
         594  -2.00000000       1.00000000    
         596  -2.00000000       1.00000000    
         598  -2.00000000       1.00000000    
         600  -1.88000000      0.959999979    
         602  -1.91999996      0.980000019    
         604  -2.00000000       1.00000000    
         606  -2.00000000       1.00000000    
         608  -2.00000000       1.00000000    
         610  -2.00000000       1.00000000    
         612  -1.84000003      0.959999979    
         614  -2.00000000       1.00000000    
         616  -1.84000003      0.959999979    
         618  -2.00000000       1.00000000    
         620  -1.91999996      0.980000019    
         622  -2.00000000       1.00000000    
         624  -2.00000000       1.00000000    
         626  -1.88000000      0.959999979    
         628  -1.91999996      0.980000019    
         630  -2.00000000       1.00000000    
         632  -1.67999995      0.879999995    
         634  -1.79999995      0.939999998    
         636  -1.84000003      0.939999998    
         638  -1.63999999      0.879999995    
         640  -1.72000003      0.920000017    
         642  -1.84000003      0.939999998    
         644  -1.91999996      0.980000019    
         646  -1.63999999      0.879999995    
         648  -1.84000003      0.939999998    
         650  -1.84000003      0.959999979    
         652  -2.00000000       1.00000000    
         654  -2.00000000       1.00000000    
         656  -1.91999996      0.980000019    
         658  -2.00000000       1.00000000    
         660  -2.00000000       1.00000000    
         662  -1.67999995      0.899999976    
         664  -1.72000003      0.920000017    
         666  -1.79999995      0.939999998    
         668  -1.88000000      0.959999979    
         670  -1.91999996      0.980000019    
         672  -1.91999996      0.980000019    
         674  -2.00000000       1.00000000    
         676  -1.91999996      0.980000019    
         678  -1.84000003      0.939999998    
         680  -1.75999999      0.920000017    
         682  -1.91999996      0.980000019    
         684  -1.91999996      0.980000019    
         686  -1.84000003      0.959999979    
         688  -1.84000003      0.959999979    
         690  -1.84000003      0.959999979    
         692  -2.00000000       1.00000000    
         694  -2.00000000       1.00000000    
         696  -1.91999996      0.980000019    
         698  -2.00000000       1.00000000    
         700  -1.91999996      0.980000019    
         702  -1.91999996      0.980000019    
         704  -1.91999996      0.980000019    
         706  -1.88000000      0.959999979    
         708  -1.91999996      0.980000019    
         710  -1.91999996      0.980000019    
         712  -1.91999996      0.980000019    
         714  -1.91999996      0.980000019    
         716  -1.91999996      0.980000019    
         718  -1.84000003      0.959999979    
         720  -2.00000000       1.00000000    
         722  -1.91999996      0.980000019    
         724  -2.00000000       1.00000000    
         726  -1.91999996      0.980000019    
         728  -1.79999995      0.899999976    
         730  -2.00000000       1.00000000    
         732  -1.84000003      0.959999979    
         734  -1.91999996      0.980000019    
         736  -1.91999996      0.980000019    
         738  -1.79999995      0.939999998    
         740  -1.84000003      0.959999979    
         742  -2.00000000       1.00000000    
         744  -1.91999996      0.980000019    
         746  -1.91999996      0.980000019    
         748  -2.00000000       1.00000000    
         750  -1.91999996      0.980000019    
         752  -2.00000000       1.00000000    
         754  -2.00000000       1.00000000    
         756  -2.00000000       1.00000000    
         758  -1.91999996      0.980000019    
         760  -1.91999996      0.980000019    
         762  -1.91999996      0.980000019    
         764  -2.00000000       1.00000000    
         766  -1.91999996      0.980000019    
         768  -1.88000000      0.959999979    
         770  -1.91999996      0.980000019    
         772  -2.00000000       1.00000000    
         774  -1.91999996      0.980000019    
         776  -1.84000003      0.959999979    
         778  -1.75999999      0.920000017    
         780  -1.84000003      0.920000017    
         782  -1.79999995      0.899999976    
         784  -1.91999996      0.980000019    
         786  -2.00000000       1.00000000    
         788  -1.91999996      0.980000019    
         790  -2.00000000       1.00000000    
         792  -1.91999996      0.980000019    
         794  -1.84000003      0.959999979    
         796  -1.79999995      0.939999998    
         798  -1.79999995      0.939999998    
         800  -1.84000003      0.939999998    
         802  -1.84000003      0.939999998    
         804  -2.00000000       1.00000000    
         806  -1.91999996      0.980000019    
         808  -1.84000003      0.939999998    
         810  -1.84000003      0.959999979    
         812  -1.84000003      0.959999979    
         814  -2.00000000       1.00000000    
         816  -1.84000003      0.959999979    
         818  -1.84000003      0.939999998    
         820  -1.75999999      0.939999998    
         822  -1.75999999      0.899999976    
         824  -1.84000003      0.959999979    
         826  -1.84000003      0.959999979    
         828  -2.00000000       1.00000000    
         830  -1.75999999      0.939999998    
         832  -1.63999999      0.879999995    
         834  -1.91999996      0.980000019    
         836  -1.88000000      0.959999979    
         838  -1.75999999      0.939999998    
         840  -1.88000000      0.959999979    
         842  -2.00000000       1.00000000    
         844  -1.91999996      0.980000019    
         846  -2.00000000       1.00000000    
         848  -2.00000000       1.00000000    
         850  -2.00000000       1.00000000    
         852  -1.91999996      0.980000019    
         854  -1.91999996      0.980000019    
         856  -1.91999996      0.980000019    
         858  -1.91999996      0.980000019    
         860  -1.75999999      0.920000017    
         862  -2.00000000       1.00000000    
         864  -1.91999996      0.980000019    
         866  -1.91999996      0.980000019    
         868  -1.91999996      0.980000019    
         870  -1.84000003      0.959999979    
         872  -1.91999996      0.980000019    
         874  -1.84000003      0.959999979    
         876  -2.00000000       1.00000000    
         878  -2.00000000       1.00000000    
         880  -1.72000003      0.899999976    
         882  -1.84000003      0.959999979    
         884  -2.00000000       1.00000000    
         886  -2.00000000       1.00000000    
         888  -1.75999999      0.920000017    
         890  -1.91999996      0.980000019    
         892  -2.00000000       1.00000000    
         894  -2.00000000       1.00000000    
         896  -2.00000000       1.00000000    
         898  -1.91999996      0.980000019    
         900  -1.91999996      0.980000019    
         902  -1.91999996      0.980000019    
         904  -2.00000000       1.00000000    
         906  -2.00000000       1.00000000    
         908  -1.79999995      0.939999998    
         910  -1.91999996      0.980000019    
         912  -1.91999996      0.980000019    
         914  -1.91999996      0.980000019    
         916  -1.72000003      0.920000017    
         918  -2.00000000       1.00000000    
         920  -1.91999996      0.980000019    
         922  -2.00000000       1.00000000    
         924  -1.91999996      0.980000019    
         926  -1.91999996      0.980000019    
         928  -1.91999996      0.980000019    
         930  -2.00000000       1.00000000    
         932  -1.91999996      0.980000019    
         934  -2.00000000       1.00000000    
         936  -1.91999996      0.980000019    
         938  -1.84000003      0.959999979    
         940  -2.00000000       1.00000000    
         942  -1.84000003      0.959999979    
         944  -1.84000003      0.939999998    
         946  -1.75999999      0.860000014    
         948  -2.00000000       1.00000000    
         950  -1.84000003      0.959999979    
         952  -1.88000000      0.959999979    
         954  -2.00000000       1.00000000    
         956  -1.91999996      0.980000019    
         958  -1.91999996      0.980000019    
         960  -1.72000003      0.879999995    
         962  -1.63999999      0.879999995    
         964  -1.72000003      0.899999976    
         966  -1.84000003      0.959999979    
         968  -1.75999999      0.920000017    
         970  -1.75999999      0.899999976    
         972  -1.84000003      0.959999979    
         974  -1.91999996      0.980000019    
         976  -1.91999996      0.980000019    
         978  -2.00000000       1.00000000    
         980  -1.91999996      0.980000019    
         982  -2.00000000       1.00000000    
         984  -2.00000000       1.00000000    
         986  -2.00000000       1.00000000    
         988  -1.91999996      0.980000019    
         990  -2.00000000       1.00000000    
         992  -2.00000000       1.00000000    
         994  -2.00000000       1.00000000    
         996  -1.91999996      0.980000019    
         998  -2.00000000       1.00000000    
        1000  -2.00000000       1.00000000    
        1002  -2.00000000       1.00000000    
        1004  -2.00000000       1.00000000    
        1006  -1.84000003      0.959999979    
        1008  -1.84000003      0.959999979    
        1010  -1.79999995      0.939999998    
        1012  -1.67999995      0.899999976    
        1014  -2.00000000       1.00000000    
        1016  -1.91999996      0.980000019    
        1018  -1.91999996      0.980000019    
        1020  -1.72000003      0.899999976    
        1022  -1.67999995      0.920000017    
        1024  -1.84000003      0.959999979    
        1026  -1.91999996      0.980000019    
        1028  -1.84000003      0.959999979    
        1030  -1.84000003      0.939999998    
        1032  -2.00000000       1.00000000    
        1034  -1.91999996      0.980000019    
        1036  -2.00000000       1.00000000    
        1038  -1.84000003      0.959999979    
        1040  -2.00000000       1.00000000    
        1042  -1.84000003      0.959999979    
        1044  -1.91999996      0.980000019    
        1046  -1.91999996      0.980000019    
        1048  -1.67999995      0.920000017    
        1050  -1.91999996      0.980000019    
        1052  -2.00000000       1.00000000    
        1054  -1.84000003      0.959999979    
        1056  -1.91999996      0.980000019    
        1058  -1.91999996      0.980000019    
        1060  -1.91999996      0.980000019    
        1062  -1.88000000      0.959999979    
        1064  -2.00000000       1.00000000    
        1066  -1.91999996      0.980000019    
        1068  -1.88000000      0.959999979    
        1070  -1.91999996      0.980000019    
        1072  -1.67999995      0.920000017    
        1074  -1.75999999      0.920000017    
        1076  -1.75999999      0.920000017    
        1078  -1.67999995      0.920000017    
        1080  -1.88000000      0.959999979    
        1082  -2.00000000       1.00000000    
        1084  -2.00000000       1.00000000    
        1086  -1.79999995      0.939999998    
        1088  -1.67999995      0.899999976    
        1090  -2.00000000       1.00000000    
        1092  -1.91999996      0.980000019    
        1094  -1.91999996      0.980000019    
        1096  -2.00000000       1.00000000    
        1098  -2.00000000       1.00000000    
        1100  -1.72000003      0.920000017    
        1102  -1.75999999      0.920000017    
        1104  -1.91999996      0.980000019    
        1106  -1.91999996      0.980000019    
        1108  -1.79999995      0.939999998    
        1110  -2.00000000       1.00000000    
        1112  -2.00000000       1.00000000    
        1114  -1.84000003      0.959999979    
        1116  -2.00000000       1.00000000    
        1118  -2.00000000       1.00000000    
        1120  -2.00000000       1.00000000    
        1122  -1.91999996      0.980000019    
        1124  -2.00000000       1.00000000    
        1126  -2.00000000       1.00000000    
        1128  -1.91999996      0.980000019    
        1130  -1.79999995      0.939999998    
        1132  -1.91999996      0.980000019    
        1134  -2.00000000       1.00000000    
        1136  -1.75999999      0.939999998    
        1138  -1.91999996      0.980000019    
        1140  -2.00000000       1.00000000    
        1142  -2.00000000       1.00000000    
        1144  -1.91999996      0.980000019    
        1146  -2.00000000       1.00000000    
        1148  -1.72000003      0.899999976    
        1150  -1.72000003      0.920000017    
        1152  -1.84000003      0.959999979    
        1154  -1.84000003      0.959999979    
        1156  -2.00000000       1.00000000    
        1158  -2.00000000       1.00000000    
        1160  -1.84000003      0.959999979    
        1162  -2.00000000       1.00000000    
        1164  -1.84000003      0.959999979    
        1166  -1.91999996      0.980000019    
        1168  -1.91999996      0.980000019    
        1170  -2.00000000       1.00000000    
        1172  -2.00000000       1.00000000    
        1174  -2.00000000       1.00000000    
        1176  -2.00000000       1.00000000    
        1178  -1.88000000      0.959999979    
        1180  -1.91999996      0.980000019    
        1182  -2.00000000       1.00000000    
        1184  -1.75999999      0.939999998    
        1186  -1.72000003      0.920000017    
        1188  -2.00000000       1.00000000    
        1190  -1.79999995      0.939999998    
        1192  -1.91999996      0.980000019    
        1194  -2.00000000       1.00000000    
        1196  -1.91999996      0.980000019    
        1198  -1.75999999      0.920000017    
        1200  -1.67999995      0.920000017    
        1202  -1.84000003      0.959999979    
        1204  -2.00000000       1.00000000    
        1206  -2.00000000       1.00000000    
        1208  -1.91999996      0.980000019    
        1210  -2.00000000       1.00000000    
        1212  -1.84000003      0.959999979    
        1214  -1.91999996      0.980000019    
        1216  -2.00000000       1.00000000    
        1218  -2.00000000       1.00000000    
        1220  -1.91999996      0.980000019    
        1222  -1.91999996      0.980000019    
        1224  -1.48000002      0.819999993    
        1226  -2.00000000       1.00000000    
        1228  -2.00000000       1.00000000    
        1230  -1.91999996      0.980000019    
        1232  -1.75999999      0.939999998    
        1234  -1.91999996      0.980000019    
        1236  -1.91999996      0.980000019    
        1238  -2.00000000       1.00000000    
        1240  -1.84000003      0.959999979    
        1242  -1.84000003      0.959999979    
        1244  -1.63999999      0.879999995    
        1246  -1.79999995      0.939999998    
        1248  -1.75999999      0.939999998    
        1250  -1.55999994      0.800000012    
        1252  -1.88000000      0.959999979    
        1254  -2.00000000       1.00000000    
        1256  -1.72000003      0.920000017    
        1258  -1.84000003      0.959999979    
        1260  -2.00000000       1.00000000    
        1262  -2.00000000       1.00000000    
        1264  -1.91999996      0.980000019    
        1266  -1.91999996      0.980000019    
        1268  -2.00000000       1.00000000    
        1270  -1.84000003      0.959999979    
        1272  -1.84000003      0.959999979    
        1274  -1.55999994      0.879999995    
        1276  -1.84000003      0.959999979    
        1278  -1.91999996      0.980000019    
        1280  -1.91999996      0.980000019    
        1282  -1.91999996      0.980000019    
        1284  -1.91999996      0.980000019    
        1286  -2.00000000       1.00000000    
        1288  -1.84000003      0.959999979    
        1290  -1.84000003      0.959999979    
        1292  -2.00000000       1.00000000    
        1294  -2.00000000       1.00000000    
        1296  -1.91999996      0.980000019    
        1298  -1.88000000      0.959999979    
        1300  -2.00000000       1.00000000    
        1302  -1.84000003      0.959999979    
        1304  -1.88000000      0.959999979    
        1306  -2.00000000       1.00000000    
        1308  -2.00000000       1.00000000    
        1310  -1.84000003      0.959999979    
        1312  -1.91999996      0.980000019    
        1314  -1.91999996      0.980000019    
        1316  -2.00000000       1.00000000    
        1318  -2.00000000       1.00000000    
        1320  -1.88000000      0.959999979    
        1322  -1.84000003      0.959999979    
        1324  -2.00000000       1.00000000    
        1326  -1.91999996      0.980000019    
        1328  -1.84000003      0.939999998    
        1330  -2.00000000       1.00000000    
        1332  -2.00000000       1.00000000    
        1334  -2.00000000       1.00000000    
        1336  -1.84000003      0.939999998    
        1338  -1.84000003      0.959999979    
        1340  -2.00000000       1.00000000    
        1342  -2.00000000       1.00000000    
        1344  -1.88000000      0.959999979    
        1346  -1.79999995      0.899999976    
        1348  -1.91999996      0.980000019    
        1350  -1.91999996      0.980000019    
        1352  -1.67999995      0.920000017    
        1354  -1.79999995      0.939999998    
        1356  -1.75999999      0.939999998    
        1358  -2.00000000       1.00000000    
        1360  -1.84000003      0.959999979    
        1362  -1.75999999      0.920000017    
        1364  -1.91999996      0.980000019    
        1366  -1.91999996      0.980000019    
        1368  -1.88000000      0.959999979    
        1370  -2.00000000       1.00000000    
        1372  -1.91999996      0.980000019    
        1374  -2.00000000       1.00000000    
        1376  -2.00000000       1.00000000    
        1378  -1.88000000      0.959999979    
        1380  -1.75999999      0.939999998    
        1382  -1.79999995      0.939999998    
        1384  -1.75999999      0.939999998    
        1386  -2.00000000       1.00000000    
        1388  -1.91999996      0.980000019    
        1390  -2.00000000       1.00000000    
        1392  -2.00000000       1.00000000    
        1394  -1.91999996      0.980000019    
        1396  -1.91999996      0.980000019    
        1398  -1.63999999      0.860000014    
        1400  -1.67999995      0.860000014    
        1402  -1.84000003      0.939999998    
        1404  -1.75999999      0.939999998    
        1406  -1.51999998      0.839999974    
        1408  -1.84000003      0.959999979    
        1410  -1.67999995      0.920000017    
        1412  -1.72000003      0.920000017    
        1414  -1.91999996      0.980000019    
        1416  -1.91999996      0.980000019    
        1418  -1.84000003      0.959999979    
        1420  -1.84000003      0.959999979    
        1422  -1.55999994      0.879999995    
        1424  -1.91999996      0.980000019    
        1426  -1.91999996      0.980000019    
        1428  -1.67999995      0.899999976    
        1430  -1.48000002      0.839999974    
        1432  -1.63999999      0.879999995    
        1434  -1.72000003      0.920000017    
        1436  -1.91999996      0.980000019    
        1438  -1.91999996      0.980000019    
        1440  -1.67999995      0.920000017    
        1442  -2.00000000       1.00000000    
        1444  -1.88000000      0.959999979    
        1446  -1.91999996      0.980000019    
        1448  -2.00000000       1.00000000    
        1450  -1.91999996      0.980000019    
        1452  -1.75999999      0.939999998    
        1454  -1.72000003      0.899999976    
        1456  -1.67999995      0.860000014    
        1458  -1.75999999      0.899999976    
        1460  -1.67999995      0.860000014    
        1462  -1.75999999      0.920000017    
        1464  -2.00000000       1.00000000    
        1466  -1.91999996      0.980000019    
        1468  -2.00000000       1.00000000    
        1470  -1.91999996      0.980000019    
        1472  -2.00000000       1.00000000    
        1474  -1.75999999      0.939999998    
        1476  -1.67999995      0.920000017    
        1478  -1.91999996      0.980000019    
        1480  -2.00000000       1.00000000    
        1482  -1.84000003      0.959999979    
        1484  -1.88000000      0.959999979    
        1486  -1.91999996      0.980000019    
        1488  -1.72000003      0.920000017    
        1490  -2.00000000       1.00000000    
        1492  -1.91999996      0.980000019    
        1494  -1.84000003      0.959999979    
        1496  -2.00000000       1.00000000    
        1498  -1.72000003      0.899999976    
        1500  -1.79999995      0.939999998    
        1502  -1.88000000      0.959999979    
        1504  -1.75999999      0.939999998    
        1506  -1.79999995      0.939999998    
        1508  -2.00000000       1.00000000    
        1510  -2.00000000       1.00000000    
        1512  -2.00000000       1.00000000    
        1514  -1.84000003      0.959999979    
        1516  -1.72000003      0.920000017    
        1518  -1.67999995      0.899999976    
        1520  -1.91999996      0.980000019    
        1522  -1.91999996      0.980000019    
        1524  -1.91999996      0.980000019    
        1526  -2.00000000       1.00000000    
        1528  -2.00000000       1.00000000    
        1530  -1.75999999      0.939999998    
        1532  -1.75999999      0.939999998    
        1534  -1.91999996      0.980000019    
        1536  -1.72000003      0.920000017    
        1538  -2.00000000       1.00000000    
        1540  -1.91999996      0.980000019    
        1542  -1.88000000      0.959999979    
        1544  -2.00000000       1.00000000    
        1546  -1.88000000      0.959999979    
        1548  -2.00000000       1.00000000    
        1550  -1.91999996      0.980000019    
        1552  -2.00000000       1.00000000    
        1554  -2.00000000       1.00000000    
        1556  -1.91999996      0.980000019    
        1558  -1.91999996      0.980000019    
        1560  -1.67999995      0.899999976    
        1562  -1.84000003      0.959999979    
        1564  -1.79999995      0.939999998    
        1566  -1.91999996      0.980000019    
        1568  -2.00000000       1.00000000    
        1570  -1.88000000      0.959999979    
        1572  -1.88000000      0.959999979    
        1574  -1.91999996      0.980000019    
        1576  -2.00000000       1.00000000    
        1578  -2.00000000       1.00000000    
        1580  -2.00000000       1.00000000    
        1582  -1.91999996      0.980000019    
        1584  -2.00000000       1.00000000    
        1586  -2.00000000       1.00000000    
        1588  -2.00000000       1.00000000    
        1590  -1.60000002      0.879999995    
        1592  -1.55999994      0.839999974    
        1594  -1.75999999      0.939999998    
        1596  -1.79999995      0.939999998    
        1598  -1.91999996      0.980000019    
        1600  -2.00000000       1.00000000    
        1602  -1.91999996      0.980000019    
        1604  -1.79999995      0.899999976    
        1606  -1.91999996      0.980000019    
        1608  -1.91999996      0.980000019    
        1610  -1.84000003      0.959999979    
        1612  -1.91999996      0.980000019    
        1614  -1.72000003      0.920000017    
        1616  -1.79999995      0.939999998    
        1618  -1.91999996      0.980000019    
        1620  -1.88000000      0.959999979    
        1622  -1.75999999      0.920000017    
        1624  -1.91999996      0.980000019    
        1626  -1.91999996      0.980000019    
        1628  -1.79999995      0.939999998    
        1630  -1.91999996      0.980000019    
        1632  -2.00000000       1.00000000    
        1634  -1.91999996      0.980000019    
        1636  -1.79999995      0.939999998    
        1638  -1.75999999      0.920000017    
        1640  -1.91999996      0.980000019    
        1642  -1.91999996      0.980000019    
        1644  -1.91999996      0.980000019    
        1646  -1.72000003      0.920000017    
        1648  -1.75999999      0.939999998    
        1650  -2.00000000       1.00000000    
        1652  -2.00000000       1.00000000    
        1654  -2.00000000       1.00000000    
        1656  -1.91999996      0.980000019    
        1658  -1.84000003      0.959999979    
        1660  -1.79999995      0.939999998    
        1662  -1.79999995      0.939999998    
        1664  -1.72000003      0.920000017    
        1666  -1.39999998      0.720000029    
        1668  -1.55999994      0.839999974    
        1670  -1.91999996      0.980000019    
        1672  -1.84000003      0.959999979    
        1674  -1.75999999      0.939999998    
        1676  -1.67999995      0.899999976    
        1678  -1.91999996      0.980000019    
        1680  -1.84000003      0.959999979    
        1682  -1.72000003      0.920000017    
        1684  -2.00000000       1.00000000    
        1686  -2.00000000       1.00000000    
        1688  -2.00000000       1.00000000    
        1690  -1.75999999      0.939999998    
        1692  -2.00000000       1.00000000    
        1694  -1.84000003      0.939999998    
        1696  -2.00000000       1.00000000    
        1698  -1.84000003      0.959999979    
        1700  -1.91999996      0.980000019    
        1702  -2.00000000       1.00000000    
        1704  -2.00000000       1.00000000    
        1706  -1.91999996      0.980000019    
        1708  -1.79999995      0.939999998    
        1710  -1.84000003      0.959999979    
        1712  -1.91999996      0.980000019    
        1714  -1.79999995      0.939999998    
        1716  -1.72000003      0.860000014    
        1718  -1.63999999      0.860000014    
        1720  -1.84000003      0.959999979    
        1722  -1.75999999      0.920000017    
        1724  -1.88000000      0.959999979    
        1726  -1.84000003      0.959999979    
        1728  -1.91999996      0.980000019    
        1730  -1.84000003      0.959999979    
        1732  -2.00000000       1.00000000    
        1734  -1.79999995      0.939999998    
        1736  -1.91999996      0.980000019    
        1738  -2.00000000       1.00000000    
        1740  -1.91999996      0.980000019    
        1742  -1.75999999      0.939999998    
        1744  -1.91999996      0.980000019    
        1746  -1.91999996      0.980000019    
        1748  -2.00000000       1.00000000    
        1750  -2.00000000       1.00000000    
        1752  -1.91999996      0.980000019    
        1754  -1.88000000      0.959999979    
        1756  -1.75999999      0.920000017    
        1758  -1.75999999      0.939999998    
        1760  -1.67999995      0.899999976    
        1762  -1.91999996      0.980000019    
        1764  -1.84000003      0.959999979    
        1766  -1.79999995      0.939999998    
        1768  -1.84000003      0.959999979    
        1770  -1.63999999      0.839999974    
        1772  -1.75999999      0.939999998    
        1774  -1.75999999      0.920000017    
        1776  -1.91999996      0.980000019    
        1778  -1.91999996      0.980000019    
        1780  -1.79999995      0.939999998    
        1782  -1.91999996      0.980000019    
        1784  -1.91999996      0.980000019    
        1786  -1.91999996      0.980000019    
        1788  -1.91999996      0.980000019    
        1790  -1.91999996      0.980000019    
        1792  -1.91999996      0.980000019    
        1794  -1.91999996      0.980000019    
        1796  -1.84000003      0.959999979    
        1798  -2.00000000       1.00000000    
        1800  -2.00000000       1.00000000    
        1802  -2.00000000       1.00000000    
        1804  -1.91999996      0.980000019    
        1806  -1.91999996      0.980000019    
        1808  -2.00000000       1.00000000    
        1810  -1.84000003      0.959999979    
        1812  -1.84000003      0.959999979    
        1814  -1.75999999      0.920000017    
        1816  -1.75999999      0.939999998    
        1818  -1.63999999      0.879999995    
        1820  -1.84000003      0.959999979    
        1822  -2.00000000       1.00000000    
        1824  -1.91999996      0.980000019    
        1826  -1.84000003      0.959999979    
        1828  -1.91999996      0.980000019    
        1830  -1.84000003      0.959999979    
        1832  -1.72000003      0.920000017    
        1834  -1.91999996      0.980000019    
        1836  -2.00000000       1.00000000    
        1838  -1.84000003      0.959999979    
        1840  -2.00000000       1.00000000    
        1842  -1.91999996      0.980000019    
        1844  -1.84000003      0.920000017    
        1846  -1.75999999      0.939999998    
        1848  -1.84000003      0.959999979    
        1850  -2.00000000       1.00000000    
        1852  -1.79999995      0.939999998    
        1854  -1.88000000      0.959999979    
        1856  -2.00000000       1.00000000    
        1858  -1.79999995      0.939999998    
        1860  -1.75999999      0.920000017    
        1862  -2.00000000       1.00000000    
        1864  -2.00000000       1.00000000    
        1866  -2.00000000       1.00000000    
        1868  -1.84000003      0.939999998    
        1870  -1.84000003      0.959999979    
        1872  -1.91999996      0.980000019    
        1874  -1.72000003      0.920000017    
        1876  -1.91999996      0.980000019    
        1878  -1.84000003      0.959999979    
        1880  -2.00000000       1.00000000    
        1882  -1.91999996      0.980000019    
        1884  -2.00000000       1.00000000    
        1886  -1.91999996      0.980000019    
        1888  -1.91999996      0.980000019    
        1890  -2.00000000       1.00000000    
        1892  -1.91999996      0.980000019    
        1894  -1.72000003      0.920000017    
        1896  -1.84000003      0.959999979    
        1898  -1.91999996      0.980000019    
        1900  -1.91999996      0.980000019    
        1902  -2.00000000       1.00000000    
        1904  -1.91999996      0.980000019    
        1906  -2.00000000       1.00000000    
        1908  -1.91999996      0.980000019    
        1910  -1.84000003      0.959999979    
        1912  -1.84000003      0.959999979    
        1914  -1.75999999      0.920000017    
        1916  -1.84000003      0.959999979    
        1918  -1.88000000      0.959999979    
        1920  -1.91999996      0.980000019    
        1922  -1.84000003      0.959999979    
        1924  -2.00000000       1.00000000    
        1926  -2.00000000       1.00000000    
        1928  -1.75999999      0.939999998    
        1930  -1.91999996      0.980000019    
        1932  -2.00000000       1.00000000    
        1934  -2.00000000       1.00000000    
        1936  -1.79999995      0.920000017    
        1938  -2.00000000       1.00000000    
        1940  -1.84000003      0.959999979    
        1942  -2.00000000       1.00000000    
        1944  -1.79999995      0.939999998    
        1946  -1.91999996      0.980000019    
        1948  -1.84000003      0.959999979    
        1950  -1.91999996      0.980000019    
        1952  -1.84000003      0.959999979    
        1954  -1.72000003      0.920000017    
        1956  -2.00000000       1.00000000    
        1958  -1.72000003      0.920000017    
        1960  -1.72000003      0.920000017    
        1962  -2.00000000       1.00000000    
        1964  -1.84000003      0.959999979    
        1966  -2.00000000       1.00000000    
        1968  -2.00000000       1.00000000    
        1970  -2.00000000       1.00000000    
        1972  -2.00000000       1.00000000    
        1974  -1.91999996      0.980000019    
        1976  -2.00000000       1.00000000    
        1978  -2.00000000       1.00000000    
        1980  -1.84000003      0.959999979    
        1982  -1.91999996      0.980000019    
        1984  -1.91999996      0.980000019    
        1986  -2.00000000       1.00000000    
        1988  -2.00000000       1.00000000    
        1990  -1.84000003      0.959999979    
        1992  -1.91999996      0.980000019    
        1994  -2.00000000       1.00000000    
        1996  -1.91999996      0.980000019    
        1998  -1.91999996      0.980000019    
        2000  -1.91999996      0.980000019    
