0.000000   0.000000
0.001000   0.000003
0.002000   0.000012
0.003000   0.000027
0.004000   0.000048
0.005000   0.000075
0.006000   0.000107
0.007000   0.000146
0.008000   0.000191
0.009000   0.000241
0.010000   0.000298
0.011000   0.000360
0.012000   0.000428
0.013000   0.000502
0.014000   0.000581
0.015000   0.000667
0.016000   0.000758
0.017000   0.000855
0.018000   0.000957
0.019000   0.001065
0.020000   0.001179
0.021000   0.001298
0.022000   0.001423
0.023000   0.001554
0.024000   0.001690
0.025000   0.001831
0.026000   0.001979
0.027000   0.002131
0.028000   0.002289
0.029000   0.002452
0.030000   0.002621
0.031000   0.002795
0.032000   0.002974
0.033000   0.003158
0.034000   0.003347
0.035000   0.003542
0.036000   0.003741
0.037000   0.003946
0.038000   0.004156
0.039000   0.004371
0.040000   0.004590
0.041000   0.004814
0.042000   0.005044
0.043000   0.005277
0.044000   0.005516
0.045000   0.005759
0.046000   0.006006
0.047000   0.006258
0.048000   0.006515
0.049000   0.006775
0.050000   0.007052
0.051000   0.007321
0.052000   0.007595
0.053000   0.007873
0.054000   0.008155
0.055000   0.008441
0.056000   0.008731
0.057000   0.009025
0.058000   0.009322
0.059000   0.009624
0.060000   0.009929
0.061000   0.010237
0.062000   0.010549
0.063000   0.010865
0.064000   0.011183
0.065000   0.011506
0.066000   0.011831
0.067000   0.012159
0.068000   0.012491
0.069000   0.012825
0.070000   0.013163
0.071000   0.013504
0.072000   0.013848
0.073000   0.014195
0.074000   0.014546
0.075000   0.014899
0.076000   0.015255
0.077000   0.015613
0.078000   0.015975
0.079000   0.016339
0.080000   0.016705
0.081000   0.017074
0.082000   0.017446
0.083000   0.017820
0.084000   0.018196
0.085000   0.018575
0.086000   0.018956
0.087000   0.019340
0.088000   0.019726
0.089000   0.020114
0.090000   0.020504
0.091000   0.020896
0.092000   0.021291
0.093000   0.021687
0.094000   0.022085
0.095000   0.022484
0.096000   0.022886
0.097000   0.023289
0.098000   0.023693
0.099000   0.024099
0.100000   0.024535
0.101000   0.024944
0.102000   0.025356
0.103000   0.025768
0.104000   0.026182
0.105000   0.026598
0.106000   0.027014
0.107000   0.027432
0.108000   0.027851
0.109000   0.028271
0.110000   0.028692
0.111000   0.029114
0.112000   0.029537
0.113000   0.029961
0.114000   0.030386
0.115000   0.030811
0.116000   0.031238
0.117000   0.031664
0.118000   0.032091
0.119000   0.032520
0.120000   0.032949
0.121000   0.033378
0.122000   0.033809
0.123000   0.034240
0.124000   0.034672
0.125000   0.035105
0.126000   0.035539
0.127000   0.035973
0.128000   0.036408
0.129000   0.036844
0.130000   0.037279
0.131000   0.037715
0.132000   0.038152
0.133000   0.038589
0.134000   0.039026
0.135000   0.039464
0.136000   0.039903
0.137000   0.040342
0.138000   0.040782
0.139000   0.041221
0.140000   0.041661
0.141000   0.042101
0.142000   0.042542
0.143000   0.042982
0.144000   0.043423
0.145000   0.043864
0.146000   0.044305
0.147000   0.044746
0.148000   0.045187
0.149000   0.045628
0.150000   0.046085
0.151000   0.046526
0.152000   0.046967
0.153000   0.047409
0.154000   0.047850
0.155000   0.048291
0.156000   0.048733
0.157000   0.049174
0.158000   0.049615
0.159000   0.050056
0.160000   0.050496
0.161000   0.050937
0.162000   0.051377
0.163000   0.051816
0.164000   0.052256
0.165000   0.052695
0.166000   0.053134
0.167000   0.053572
0.168000   0.054010
0.169000   0.054447
0.170000   0.054885
0.171000   0.055322
0.172000   0.055759
0.173000   0.056196
0.174000   0.056633
0.175000   0.057070
0.176000   0.057507
0.177000   0.057944
0.178000   0.058380
0.179000   0.058816
0.180000   0.059252
0.181000   0.059687
0.182000   0.060123
0.183000   0.060558
0.184000   0.060993
0.185000   0.061428
0.186000   0.061862
0.187000   0.062297
0.188000   0.062732
0.189000   0.063166
0.190000   0.063600
0.191000   0.064034
0.192000   0.064467
0.193000   0.064900
0.194000   0.065333
0.195000   0.065766
0.196000   0.066198
0.197000   0.066630
0.198000   0.067061
0.199000   0.067492
0.200000   0.067896
0.201000   0.068326
0.202000   0.068756
0.203000   0.069186
0.204000   0.069616
0.205000   0.070045
0.206000   0.070474
0.207000   0.070902
0.208000   0.071331
0.209000   0.071758
0.210000   0.072185
0.211000   0.072612
0.212000   0.073038
0.213000   0.073464
0.214000   0.073889
0.215000   0.074314
0.216000   0.074738
0.217000   0.075162
0.218000   0.075585
0.219000   0.076007
0.220000   0.076430
0.221000   0.076852
0.222000   0.077273
0.223000   0.077695
0.224000   0.078117
0.225000   0.078538
0.226000   0.078959
0.227000   0.079380
0.228000   0.079801
0.229000   0.080222
0.230000   0.080642
0.231000   0.081061
0.232000   0.081481
0.233000   0.081900
0.234000   0.082320
0.235000   0.082739
0.236000   0.083158
0.237000   0.083577
0.238000   0.083996
0.239000   0.084415
0.240000   0.084833
0.241000   0.085251
0.242000   0.085669
0.243000   0.086087
0.244000   0.086504
0.245000   0.086921
0.246000   0.087338
0.247000   0.087755
0.248000   0.088171
0.249000   0.088587
0.250000   0.088941
0.251000   0.089356
0.252000   0.089772
0.253000   0.090187
0.254000   0.090602
0.255000   0.091017
0.256000   0.091431
0.257000   0.091846
0.258000   0.092260
0.259000   0.092674
0.260000   0.093087
0.261000   0.093501
0.262000   0.093914
0.263000   0.094326
0.264000   0.094739
0.265000   0.095150
0.266000   0.095562
0.267000   0.095973
0.268000   0.096384
0.269000   0.096794
0.270000   0.097205
0.271000   0.097615
0.272000   0.098025
0.273000   0.098436
0.274000   0.098846
0.275000   0.099256
0.276000   0.099667
0.277000   0.100077
0.278000   0.100487
0.279000   0.100897
0.280000   0.101307
0.281000   0.101717
0.282000   0.102126
0.283000   0.102536
0.284000   0.102945
0.285000   0.103355
0.286000   0.103765
0.287000   0.104175
0.288000   0.104585
0.289000   0.104994
0.290000   0.105404
0.291000   0.105813
0.292000   0.106223
0.293000   0.106632
0.294000   0.107042
0.295000   0.107451
0.296000   0.107860
0.297000   0.108269
0.298000   0.108678
0.299000   0.109087
0.300000   0.109388
0.301000   0.109797
0.302000   0.110206
0.303000   0.110615
0.304000   0.111023
0.305000   0.111432
0.306000   0.111840
0.307000   0.112249
0.308000   0.112658
0.309000   0.113066
0.310000   0.113474
0.311000   0.113882
0.312000   0.114290
0.313000   0.114698
0.314000   0.115105
0.315000   0.115513
0.316000   0.115920
0.317000   0.116327
0.318000   0.116734
0.319000   0.117141
0.320000   0.117547
0.321000   0.117954
0.322000   0.118361
0.323000   0.118768
0.324000   0.119175
0.325000   0.119583
0.326000   0.119990
0.327000   0.120398
0.328000   0.120806
0.329000   0.121213
0.330000   0.121621
0.331000   0.122029
0.332000   0.122436
0.333000   0.122844
0.334000   0.123252
0.335000   0.123660
0.336000   0.124068
0.337000   0.124477
0.338000   0.124885
0.339000   0.125294
0.340000   0.125703
0.341000   0.126111
0.342000   0.126520
0.343000   0.126929
0.344000   0.127338
0.345000   0.127748
0.346000   0.128157
0.347000   0.128566
0.348000   0.128975
0.349000   0.129385
0.350000   0.129672
0.351000   0.130082
0.352000   0.130492
0.353000   0.130902
0.354000   0.131312
0.355000   0.131722
0.356000   0.132132
0.357000   0.132542
0.358000   0.132953
0.359000   0.133363
0.360000   0.133773
0.361000   0.134183
0.362000   0.134593
0.363000   0.135003
0.364000   0.135413
0.365000   0.135823
0.366000   0.136233
0.367000   0.136642
0.368000   0.137052
0.369000   0.137461
0.370000   0.137871
0.371000   0.138280
0.372000   0.138690
0.373000   0.139100
0.374000   0.139510
0.375000   0.139921
0.376000   0.140332
0.377000   0.140742
0.378000   0.141153
0.379000   0.141564
0.380000   0.141975
0.381000   0.142386
0.382000   0.142797
0.383000   0.143208
0.384000   0.143620
0.385000   0.144031
0.386000   0.144443
0.387000   0.144855
0.388000   0.145267
0.389000   0.145679
0.390000   0.146091
0.391000   0.146503
0.392000   0.146916
0.393000   0.147329
0.394000   0.147741
0.395000   0.148154
0.396000   0.148567
0.397000   0.148980
0.398000   0.149393
0.399000   0.149805
0.400000   0.150079
0.401000   0.150492
0.402000   0.150906
0.403000   0.151320
0.404000   0.151734
0.405000   0.152147
0.406000   0.152561
0.407000   0.152975
0.408000   0.153389
0.409000   0.153803
0.410000   0.154217
0.411000   0.154631
0.412000   0.155045
0.413000   0.155459
0.414000   0.155872
0.415000   0.156286
0.416000   0.156700
0.417000   0.157113
0.418000   0.157526
0.419000   0.157940
0.420000   0.158353
0.421000   0.158766
0.422000   0.159180
0.423000   0.159593
0.424000   0.160007
0.425000   0.160422
0.426000   0.160836
0.427000   0.161251
0.428000   0.161666
0.429000   0.162081
0.430000   0.162495
0.431000   0.162910
0.432000   0.163324
0.433000   0.163739
0.434000   0.164154
0.435000   0.164569
0.436000   0.164984
0.437000   0.165399
0.438000   0.165815
0.439000   0.166230
0.440000   0.166646
0.441000   0.167061
0.442000   0.167477
0.443000   0.167893
0.444000   0.168309
0.445000   0.168725
0.446000   0.169141
0.447000   0.169557
0.448000   0.169973
0.449000   0.170388
0.450000   0.170624
0.451000   0.171039
0.452000   0.171456
0.453000   0.171872
0.454000   0.172289
0.455000   0.172705
0.456000   0.173121
0.457000   0.173538
0.458000   0.173955
0.459000   0.174371
0.460000   0.174787
0.461000   0.175204
0.462000   0.175620
0.463000   0.176036
0.464000   0.176452
0.465000   0.176868
0.466000   0.177284
0.467000   0.177700
0.468000   0.178115
0.469000   0.178530
0.470000   0.178946
0.471000   0.179361
0.472000   0.179777
0.473000   0.180192
0.474000   0.180609
0.475000   0.181025
0.476000   0.181441
0.477000   0.181858
0.478000   0.182275
0.479000   0.182692
0.480000   0.183108
0.481000   0.183524
0.482000   0.183941
0.483000   0.184357
0.484000   0.184774
0.485000   0.185190
0.486000   0.185607
0.487000   0.186024
0.488000   0.186442
0.489000   0.186859
0.490000   0.187276
0.491000   0.187694
0.492000   0.188111
0.493000   0.188529
0.494000   0.188947
0.495000   0.189364
0.496000   0.189782
0.497000   0.190200
0.498000   0.190617
0.499000   0.191035
0.500000   0.191248
0.501000   0.191665
0.502000   0.192083
0.503000   0.192500
0.504000   0.192918
0.505000   0.193336
0.506000   0.193754
0.507000   0.194172
0.508000   0.194590
0.509000   0.195008
0.510000   0.195426
0.511000   0.195843
0.512000   0.196261
0.513000   0.196679
0.514000   0.197096
0.515000   0.197514
0.516000   0.197931
0.517000   0.198348
0.518000   0.198765
0.519000   0.199182
0.520000   0.199599
0.521000   0.200016
0.522000   0.200433
0.523000   0.200850
0.524000   0.201268
0.525000   0.201686
0.526000   0.202104
0.527000   0.202522
0.528000   0.202941
0.529000   0.203360
0.530000   0.203778
0.531000   0.204196
0.532000   0.204614
0.533000   0.205032
0.534000   0.205451
0.535000   0.205870
0.536000   0.206289
0.537000   0.206708
0.538000   0.207128
0.539000   0.207547
0.540000   0.207967
0.541000   0.208386
0.542000   0.208807
0.543000   0.209227
0.544000   0.209647
0.545000   0.210067
0.546000   0.210487
0.547000   0.210908
0.548000   0.211328
0.549000   0.211748
0.550000   0.211942
0.551000   0.212361
0.552000   0.212782
0.553000   0.213202
0.554000   0.213623
0.555000   0.214043
0.556000   0.214464
0.557000   0.214884
0.558000   0.215305
0.559000   0.215726
0.560000   0.216147
0.561000   0.216567
0.562000   0.216988
0.563000   0.217408
0.564000   0.217829
0.565000   0.218249
0.566000   0.218669
0.567000   0.219090
0.568000   0.219509
0.569000   0.219929
0.570000   0.220349
0.571000   0.220769
0.572000   0.221189
0.573000   0.221610
0.574000   0.222031
0.575000   0.222452
0.576000   0.222874
0.577000   0.223295
0.578000   0.223718
0.579000   0.224140
0.580000   0.224561
0.581000   0.224983
0.582000   0.225405
0.583000   0.225827
0.584000   0.226250
0.585000   0.226672
0.586000   0.227095
0.587000   0.227518
0.588000   0.227942
0.589000   0.228365
0.590000   0.228789
0.591000   0.229213
0.592000   0.229637
0.593000   0.230061
0.594000   0.230485
0.595000   0.230910
0.596000   0.231334
0.597000   0.231759
0.598000   0.232183
0.599000   0.232608
0.600000   0.232796
0.601000   0.233220
0.602000   0.233644
0.603000   0.234069
0.604000   0.234494
0.605000   0.234919
0.606000   0.235344
0.607000   0.235769
0.608000   0.236194
0.609000   0.236619
0.610000   0.237044
0.611000   0.237469
0.612000   0.237894
0.613000   0.238318
0.614000   0.238743
0.615000   0.239168
0.616000   0.239593
0.617000   0.240018
0.618000   0.240442
0.619000   0.240866
0.620000   0.241291
0.621000   0.241715
0.622000   0.242140
0.623000   0.242565
0.624000   0.242990
0.625000   0.243416
0.626000   0.243842
0.627000   0.244268
0.628000   0.244695
0.629000   0.245121
0.630000   0.245547
0.631000   0.245974
0.632000   0.246400
0.633000   0.246826
0.634000   0.247253
0.635000   0.247680
0.636000   0.248106
0.637000   0.248534
0.638000   0.248962
0.639000   0.249390
0.640000   0.249818
0.641000   0.250245
0.642000   0.250674
0.643000   0.251102
0.644000   0.251531
0.645000   0.251959
0.646000   0.252388
0.647000   0.252816
0.648000   0.253245
0.649000   0.253673
0.650000   0.253831
0.651000   0.254259
0.652000   0.254688
0.653000   0.255116
0.654000   0.255545
0.655000   0.255973
0.656000   0.256402
0.657000   0.256831
0.658000   0.257259
0.659000   0.257688
0.660000   0.258117
0.661000   0.258545
0.662000   0.258974
0.663000   0.259402
0.664000   0.259830
0.665000   0.260259
0.666000   0.260687
0.667000   0.261115
0.668000   0.261543
0.669000   0.261971
0.670000   0.262399
0.671000   0.262826
0.672000   0.263254
0.673000   0.263683
0.674000   0.264111
0.675000   0.264541
0.676000   0.264970
0.677000   0.265399
0.678000   0.265829
0.679000   0.266259
0.680000   0.266688
0.681000   0.267117
0.682000   0.267547
0.683000   0.267976
0.684000   0.268406
0.685000   0.268836
0.686000   0.269266
0.687000   0.269697
0.688000   0.270128
0.689000   0.270559
0.690000   0.270990
0.691000   0.271421
0.692000   0.271852
0.693000   0.272284
0.694000   0.272715
0.695000   0.273147
0.696000   0.273578
0.697000   0.274010
0.698000   0.274441
0.699000   0.274873
0.700000   0.274993
0.701000   0.275423
0.702000   0.275855
0.703000   0.276286
0.704000   0.276717
0.705000   0.277149
0.706000   0.277580
0.707000   0.278011
0.708000   0.278443
0.709000   0.278874
0.710000   0.279306
0.711000   0.279737
0.712000   0.280168
0.713000   0.280599
0.714000   0.281029
0.715000   0.281460
0.716000   0.281891
0.717000   0.282322
0.718000   0.282752
0.719000   0.283182
0.720000   0.283613
0.721000   0.284043
0.722000   0.284473
0.723000   0.284904
0.724000   0.285335
0.725000   0.285766
0.726000   0.286198
0.727000   0.286630
0.728000   0.287062
0.729000   0.287494
0.730000   0.287926
0.731000   0.288357
0.732000   0.288789
0.733000   0.289221
0.734000   0.289653
0.735000   0.290085
0.736000   0.290518
0.737000   0.290951
0.738000   0.291384
0.739000   0.291818
0.740000   0.292251
0.741000   0.292684
0.742000   0.293118
0.743000   0.293552
0.744000   0.293986
0.745000   0.294420
0.746000   0.294854
0.747000   0.295288
0.748000   0.295722
0.749000   0.296156
0.750000   0.296299
0.751000   0.296733
0.752000   0.297167
0.753000   0.297601
0.754000   0.298035
0.755000   0.298469
0.756000   0.298904
0.757000   0.299338
0.758000   0.299772
0.759000   0.300207
0.760000   0.300641
0.761000   0.301075
0.762000   0.301509
0.763000   0.301943
0.764000   0.302376
0.765000   0.302810
0.766000   0.303244
0.767000   0.303677
0.768000   0.304110
0.769000   0.304544
0.770000   0.304977
0.771000   0.305410
0.772000   0.305843
0.773000   0.306277
0.774000   0.306711
0.775000   0.307146
0.776000   0.307580
0.777000   0.308015
0.778000   0.308450
0.779000   0.308886
0.780000   0.309320
0.781000   0.309755
0.782000   0.310190
0.783000   0.310625
0.784000   0.311060
0.785000   0.311496
0.786000   0.311931
0.787000   0.312367
0.788000   0.312804
0.789000   0.313240
0.790000   0.313677
0.791000   0.314113
0.792000   0.314550
0.793000   0.314987
0.794000   0.315424
0.795000   0.315861
0.796000   0.316298
0.797000   0.316735
0.798000   0.317172
0.799000   0.317609
0.800000   0.317785
0.801000   0.318221
0.802000   0.318659
0.803000   0.319096
0.804000   0.319534
0.805000   0.319971
0.806000   0.320409
0.807000   0.320846
0.808000   0.321284
0.809000   0.321722
0.810000   0.322159
0.811000   0.322597
0.812000   0.323034
0.813000   0.323471
0.814000   0.323908
0.815000   0.324345
0.816000   0.324783
0.817000   0.325219
0.818000   0.325656
0.819000   0.326092
0.820000   0.326528
0.821000   0.326964
0.822000   0.327401
0.823000   0.327838
0.824000   0.328275
0.825000   0.328712
0.826000   0.329150
0.827000   0.329588
0.828000   0.330026
0.829000   0.330464
0.830000   0.330902
0.831000   0.331340
0.832000   0.331778
0.833000   0.332215
0.834000   0.332654
0.835000   0.333092
0.836000   0.333530
0.837000   0.333969
0.838000   0.334409
0.839000   0.334848
0.840000   0.335287
0.841000   0.335726
0.842000   0.336165
0.843000   0.336605
0.844000   0.337044
0.845000   0.337484
0.846000   0.337923
0.847000   0.338362
0.848000   0.338801
0.849000   0.339241
0.850000   0.339471
0.851000   0.339909
0.852000   0.340349
0.853000   0.340789
0.854000   0.341228
0.855000   0.341668
0.856000   0.342107
0.857000   0.342547
0.858000   0.342986
0.859000   0.343426
0.860000   0.343865
0.861000   0.344304
0.862000   0.344743
0.863000   0.345182
0.864000   0.345620
0.865000   0.346059
0.866000   0.346497
0.867000   0.346935
0.868000   0.347373
0.869000   0.347810
0.870000   0.348248
0.871000   0.348685
0.872000   0.349122
0.873000   0.349561
0.874000   0.349999
0.875000   0.350437
0.876000   0.350876
0.877000   0.351315
0.878000   0.351754
0.879000   0.352194
0.880000   0.352632
0.881000   0.353071
0.882000   0.353510
0.883000   0.353948
0.884000   0.354387
0.885000   0.354826
0.886000   0.355265
0.887000   0.355705
0.888000   0.356145
0.889000   0.356585
0.890000   0.357024
0.891000   0.357463
0.892000   0.357903
0.893000   0.358343
0.894000   0.358782
0.895000   0.359222
0.896000   0.359662
0.897000   0.360101
0.898000   0.360540
0.899000   0.360979
0.900000   0.361292
0.901000   0.361731
0.902000   0.362170
0.903000   0.362609
0.904000   0.363049
0.905000   0.363488
0.906000   0.363928
0.907000   0.364367
0.908000   0.364806
0.909000   0.365246
0.910000   0.365685
0.911000   0.366124
0.912000   0.366562
0.913000   0.367001
0.914000   0.367439
0.915000   0.367877
0.916000   0.368315
0.917000   0.368753
0.918000   0.369190
0.919000   0.369627
0.920000   0.370064
0.921000   0.370501
0.922000   0.370938
0.923000   0.371375
0.924000   0.371813
0.925000   0.372251
0.926000   0.372689
0.927000   0.373127
0.928000   0.373566
0.929000   0.374005
0.930000   0.374443
0.931000   0.374881
0.932000   0.375319
0.933000   0.375757
0.934000   0.376195
0.935000   0.376633
0.936000   0.377072
0.937000   0.377510
0.938000   0.377950
0.939000   0.378389
0.940000   0.378827
0.941000   0.379266
0.942000   0.379705
0.943000   0.380144
0.944000   0.380583
0.945000   0.381022
0.946000   0.381461
0.947000   0.381899
0.948000   0.382338
0.949000   0.382776
0.950000   0.383154
0.951000   0.383592
0.952000   0.384031
0.953000   0.384469
0.954000   0.384908
0.955000   0.385347
0.956000   0.385785
0.957000   0.386224
0.958000   0.386663
0.959000   0.387101
0.960000   0.387539
0.961000   0.387977
0.962000   0.388415
0.963000   0.388852
0.964000   0.389290
0.965000   0.389727
0.966000   0.390164
0.967000   0.390601
0.968000   0.391037
0.969000   0.391473
0.970000   0.391909
0.971000   0.392345
0.972000   0.392781
0.973000   0.393217
0.974000   0.393654
0.975000   0.394091
0.976000   0.394529
0.977000   0.394966
0.978000   0.395403
0.979000   0.395841
0.980000   0.396278
0.981000   0.396715
0.982000   0.397151
0.983000   0.397588
0.984000   0.398025
0.985000   0.398462
0.986000   0.398899
0.987000   0.399337
0.988000   0.399775
0.989000   0.400212
0.990000   0.400649
0.991000   0.401087
0.992000   0.401524
0.993000   0.401962
0.994000   0.402399
0.995000   0.402837
0.996000   0.403274
0.997000   0.403711
0.998000   0.404148
0.999000   0.404585
1.000000   0.404975
1.001000   0.405412
1.002000   0.405849
1.003000   0.406286
1.004000   0.406723
1.005000   0.407160
1.006000   0.407596
1.007000   0.408033
1.008000   0.408470
1.009000   0.408907
1.010000   0.409343
1.011000   0.409780
1.012000   0.410216
1.013000   0.410652
1.014000   0.411088
1.015000   0.411524
1.016000   0.411959
1.017000   0.412395
1.018000   0.412829
1.019000   0.413264
1.020000   0.413699
1.021000   0.414133
1.022000   0.414568
1.023000   0.415003
1.024000   0.415438
1.025000   0.415873
1.026000   0.416309
1.027000   0.416744
1.028000   0.417180
1.029000   0.417616
1.030000   0.418051
1.031000   0.418486
1.032000   0.418921
1.033000   0.419356
1.034000   0.419791
1.035000   0.420226
1.036000   0.420661
1.037000   0.421096
1.038000   0.421532
1.039000   0.421967
1.040000   0.422402
1.041000   0.422837
1.042000   0.423273
1.043000   0.423708
1.044000   0.424143
1.045000   0.424578
1.046000   0.425013
1.047000   0.425448
1.048000   0.425882
1.049000   0.426317
1.050000   0.426664
1.051000   0.427099
1.052000   0.427533
1.053000   0.427968
1.054000   0.428403
1.055000   0.428837
1.056000   0.429272
1.057000   0.429706
1.058000   0.430141
1.059000   0.430575
1.060000   0.431010
1.061000   0.431444
1.062000   0.431878
1.063000   0.432312
1.064000   0.432745
1.065000   0.433179
1.066000   0.433612
1.067000   0.434045
1.068000   0.434478
1.069000   0.434911
1.070000   0.435343
1.071000   0.435776
1.072000   0.436208
1.073000   0.436641
1.074000   0.437074
1.075000   0.437508
1.076000   0.437941
1.077000   0.438375
1.078000   0.438809
1.079000   0.439242
1.080000   0.439675
1.081000   0.440108
1.082000   0.440541
1.083000   0.440973
1.084000   0.441406
1.085000   0.441839
1.086000   0.442272
1.087000   0.442706
1.088000   0.443139
1.089000   0.443573
1.090000   0.444006
1.091000   0.444439
1.092000   0.444872
1.093000   0.445305
1.094000   0.445738
1.095000   0.446172
1.096000   0.446604
1.097000   0.447037
1.098000   0.447469
1.099000   0.447902
1.100000   0.448167
1.101000   0.448599
1.102000   0.449032
1.103000   0.449464
1.104000   0.449896
1.105000   0.450329
1.106000   0.450761
1.107000   0.451193
1.108000   0.451625
1.109000   0.452057
1.110000   0.452489
1.111000   0.452921
1.112000   0.453352
1.113000   0.453783
1.114000   0.454214
1.115000   0.454645
1.116000   0.455076
1.117000   0.455507
1.118000   0.455937
1.119000   0.456367
1.120000   0.456797
1.121000   0.457227
1.122000   0.457657
1.123000   0.458088
1.124000   0.458518
1.125000   0.458949
1.126000   0.459381
1.127000   0.459812
1.128000   0.460243
1.129000   0.460675
1.130000   0.461106
1.131000   0.461536
1.132000   0.461966
1.133000   0.462396
1.134000   0.462827
1.135000   0.463257
1.136000   0.463687
1.137000   0.464118
1.138000   0.464549
1.139000   0.464980
1.140000   0.465410
1.141000   0.465841
1.142000   0.466271
1.143000   0.466702
1.144000   0.467133
1.145000   0.467563
1.146000   0.467993
1.147000   0.468423
1.148000   0.468853
1.149000   0.469282
1.150000   0.469403
1.151000   0.469832
1.152000   0.470262
1.153000   0.470691
1.154000   0.471121
1.155000   0.471550
1.156000   0.471980
1.157000   0.472409
1.158000   0.472839
1.159000   0.473268
1.160000   0.473697
1.161000   0.474125
1.162000   0.474554
1.163000   0.474983
1.164000   0.475411
1.165000   0.475840
1.166000   0.476268
1.167000   0.476696
1.168000   0.477124
1.169000   0.477551
1.170000   0.477979
1.171000   0.478407
1.172000   0.478835
1.173000   0.479263
1.174000   0.479691
1.175000   0.480120
1.176000   0.480549
1.177000   0.480979
1.178000   0.481408
1.179000   0.481837
1.180000   0.482266
1.181000   0.482695
1.182000   0.483123
1.183000   0.483551
1.184000   0.483980
1.185000   0.484409
1.186000   0.484838
1.187000   0.485267
1.188000   0.485696
1.189000   0.486126
1.190000   0.486555
1.191000   0.486984
1.192000   0.487413
1.193000   0.487842
1.194000   0.488272
1.195000   0.488701
1.196000   0.489131
1.197000   0.489560
1.198000   0.489989
1.199000   0.490418
1.200000   0.490440
1.201000   0.490869
1.202000   0.491298
1.203000   0.491728
1.204000   0.492157
1.205000   0.492587
1.206000   0.493016
1.207000   0.493446
1.208000   0.493875
1.209000   0.494305
1.210000   0.494734
1.211000   0.495163
1.212000   0.495592
1.213000   0.496021
1.214000   0.496450
1.215000   0.496879
1.216000   0.497308
1.217000   0.497736
1.218000   0.498164
1.219000   0.498592
1.220000   0.499020
1.221000   0.499449
1.222000   0.499877
1.223000   0.500306
1.224000   0.500735
1.225000   0.501165
1.226000   0.501595
1.227000   0.502025
1.228000   0.502455
1.229000   0.502886
1.230000   0.503316
1.231000   0.503745
1.232000   0.504175
1.233000   0.504604
1.234000   0.505034
1.235000   0.505464
1.236000   0.505894
1.237000   0.506325
1.238000   0.506756
1.239000   0.507186
1.240000   0.507617
1.241000   0.508047
1.242000   0.508478
1.243000   0.508909
1.244000   0.509340
1.245000   0.509771
1.246000   0.510202
1.247000   0.510633
1.248000   0.511063
1.249000   0.511494
1.250000   0.511474
1.251000   0.511905
1.252000   0.512337
1.253000   0.512769
1.254000   0.513200
1.255000   0.513632
1.256000   0.514064
1.257000   0.514496
1.258000   0.514928
1.259000   0.515360
1.260000   0.515792
1.261000   0.516224
1.262000   0.516656
1.263000   0.517087
1.264000   0.517519
1.265000   0.517951
1.266000   0.518383
1.267000   0.518814
1.268000   0.519246
1.269000   0.519677
1.270000   0.520109
1.271000   0.520540
1.272000   0.520972
1.273000   0.521404
1.274000   0.521837
1.275000   0.522270
1.276000   0.522704
1.277000   0.523137
1.278000   0.523571
1.279000   0.524005
1.280000   0.524438
1.281000   0.524871
1.282000   0.525305
1.283000   0.525738
1.284000   0.526172
1.285000   0.526606
1.286000   0.527040
1.287000   0.527475
1.288000   0.527909
1.289000   0.528344
1.290000   0.528779
1.291000   0.529213
1.292000   0.529648
1.293000   0.530083
1.294000   0.530518
1.295000   0.530954
1.296000   0.531389
1.297000   0.531824
1.298000   0.532258
1.299000   0.532694
1.300000   0.532708
1.301000   0.533144
1.302000   0.533581
1.303000   0.534017
1.304000   0.534454
1.305000   0.534890
1.306000   0.535327
1.307000   0.535764
1.308000   0.536201
1.309000   0.536638
1.310000   0.537075
1.311000   0.537512
1.312000   0.537949
1.313000   0.538385
1.314000   0.538822
1.315000   0.539259
1.316000   0.539697
1.317000   0.540134
1.318000   0.540571
1.319000   0.541008
1.320000   0.541446
1.321000   0.541883
1.322000   0.542321
1.323000   0.542760
1.324000   0.543199
1.325000   0.543639
1.326000   0.544078
1.327000   0.544518
1.328000   0.544959
1.329000   0.545400
1.330000   0.545840
1.331000   0.546280
1.332000   0.546720
1.333000   0.547160
1.334000   0.547601
1.335000   0.548042
1.336000   0.548483
1.337000   0.548925
1.338000   0.549368
1.339000   0.549810
1.340000   0.550252
1.341000   0.550694
1.342000   0.551137
1.343000   0.551580
1.344000   0.552024
1.345000   0.552467
1.346000   0.552910
1.347000   0.553353
1.348000   0.553796
1.349000   0.554239
1.350000   0.554394
1.351000   0.554839
1.352000   0.555283
1.353000   0.555728
1.354000   0.556173
1.355000   0.556618
1.356000   0.557063
1.357000   0.557508
1.358000   0.557954
1.359000   0.558399
1.360000   0.558844
1.361000   0.559290
1.362000   0.559735
1.363000   0.560181
1.364000   0.560626
1.365000   0.561072
1.366000   0.561518
1.367000   0.561963
1.368000   0.562409
1.369000   0.562855
1.370000   0.563301
1.371000   0.563747
1.372000   0.564194
1.373000   0.564641
1.374000   0.565088
1.375000   0.565536
1.376000   0.565985
1.377000   0.566433
1.378000   0.566882
1.379000   0.567332
1.380000   0.567781
1.381000   0.568229
1.382000   0.568678
1.383000   0.569127
1.384000   0.569576
1.385000   0.570026
1.386000   0.570475
1.387000   0.570926
1.388000   0.571376
1.389000   0.571827
1.390000   0.572278
1.391000   0.572728
1.392000   0.573180
1.393000   0.573631
1.394000   0.574082
1.395000   0.574534
1.396000   0.574985
1.397000   0.575436
1.398000   0.575888
1.399000   0.576339
1.400000   0.576641
1.401000   0.577093
1.402000   0.577546
1.403000   0.577999
1.404000   0.578451
1.405000   0.578904
1.406000   0.579357
1.407000   0.579811
1.408000   0.580264
1.409000   0.580717
1.410000   0.581170
1.411000   0.581623
1.412000   0.582076
1.413000   0.582529
1.414000   0.582982
1.415000   0.583435
1.416000   0.583889
1.417000   0.584342
1.418000   0.584794
1.419000   0.585248
1.420000   0.585701
1.421000   0.586154
1.422000   0.586608
1.423000   0.587062
1.424000   0.587517
1.425000   0.587971
1.426000   0.588427
1.427000   0.588882
1.428000   0.589338
1.429000   0.589794
1.430000   0.590249
1.431000   0.590704
1.432000   0.591159
1.433000   0.591614
1.434000   0.592070
1.435000   0.592525
1.436000   0.592981
1.437000   0.593437
1.438000   0.593894
1.439000   0.594350
1.440000   0.594807
1.441000   0.595263
1.442000   0.595719
1.443000   0.596176
1.444000   0.596633
1.445000   0.597090
1.446000   0.597546
1.447000   0.598003
1.448000   0.598459
1.449000   0.598915
1.450000   0.599396
1.451000   0.599853
1.452000   0.600311
1.453000   0.600769
1.454000   0.601227
1.455000   0.601685
1.456000   0.602143
1.457000   0.602601
1.458000   0.603059
1.459000   0.603517
1.460000   0.603976
1.461000   0.604434
1.462000   0.604892
1.463000   0.605349
1.464000   0.605807
1.465000   0.606264
1.466000   0.606722
1.467000   0.607180
1.468000   0.607638
1.469000   0.608095
1.470000   0.608553
1.471000   0.609011
1.472000   0.609470
1.473000   0.609928
1.474000   0.610388
1.475000   0.610847
1.476000   0.611307
1.477000   0.611766
1.478000   0.612226
1.479000   0.612686
1.480000   0.613146
1.481000   0.613605
1.482000   0.614064
1.483000   0.614523
1.484000   0.614982
1.485000   0.615441
1.486000   0.615901
1.487000   0.616361
1.488000   0.616821
1.489000   0.617281
1.490000   0.617741
1.491000   0.618201
1.492000   0.618661
1.493000   0.619122
1.494000   0.619582
1.495000   0.620042
1.496000   0.620502
1.497000   0.620962
1.498000   0.621422
1.499000   0.621882
1.500000   0.622673
1.501000   0.623135
1.502000   0.623596
1.503000   0.624058
1.504000   0.624519
1.505000   0.624981
1.506000   0.625443
1.507000   0.625904
1.508000   0.626367
1.509000   0.626828
1.510000   0.627290
1.511000   0.627752
1.512000   0.628214
1.513000   0.628675
1.514000   0.629136
1.515000   0.629597
1.516000   0.630059
1.517000   0.630520
1.518000   0.630982
1.519000   0.631443
1.520000   0.631905
1.521000   0.632366
1.522000   0.632828
1.523000   0.633291
1.524000   0.633754
1.525000   0.634217
1.526000   0.634680
1.527000   0.635143
1.528000   0.635607
1.529000   0.636070
1.530000   0.636533
1.531000   0.636995
1.532000   0.637458
1.533000   0.637920
1.534000   0.638383
1.535000   0.638846
1.536000   0.639308
1.537000   0.639772
1.538000   0.640236
1.539000   0.640699
1.540000   0.641162
1.541000   0.641625
1.542000   0.642089
1.543000   0.642552
1.544000   0.643016
1.545000   0.643480
1.546000   0.643943
1.547000   0.644406
1.548000   0.644868
1.549000   0.645331
1.550000   0.646507
1.551000   0.646971
1.552000   0.647436
1.553000   0.647900
1.554000   0.648365
1.555000   0.648829
1.556000   0.649294
1.557000   0.649759
1.558000   0.650224
1.559000   0.650688
1.560000   0.651153
1.561000   0.651618
1.562000   0.652082
1.563000   0.652546
1.564000   0.653010
1.565000   0.653474
1.566000   0.653938
1.567000   0.654402
1.568000   0.654865
1.569000   0.655329
1.570000   0.655793
1.571000   0.656257
1.572000   0.656721
1.573000   0.657186
1.574000   0.657651
1.575000   0.658116
1.576000   0.658582
1.577000   0.659048
1.578000   0.659513
1.579000   0.659979
1.580000   0.660444
1.581000   0.660908
1.582000   0.661373
1.583000   0.661837
1.584000   0.662301
1.585000   0.662765
1.586000   0.663229
1.587000   0.663694
1.588000   0.664159
1.589000   0.664624
1.590000   0.665088
1.591000   0.665552
1.592000   0.666017
1.593000   0.666481
1.594000   0.666946
1.595000   0.667410
1.596000   0.667873
1.597000   0.668337
1.598000   0.668800
1.599000   0.669263
1.600000   0.670743
1.601000   0.671208
1.602000   0.671673
1.603000   0.672137
1.604000   0.672601
1.605000   0.673065
1.606000   0.673530
1.607000   0.673994
1.608000   0.674460
1.609000   0.674924
1.610000   0.675389
1.611000   0.675853
1.612000   0.676317
1.613000   0.676781
1.614000   0.677244
1.615000   0.677708
1.616000   0.678172
1.617000   0.678635
1.618000   0.679098
1.619000   0.679562
1.620000   0.680025
1.621000   0.680489
1.622000   0.680952
1.623000   0.681417
1.624000   0.681881
1.625000   0.682346
1.626000   0.682811
1.627000   0.683276
1.628000   0.683741
1.629000   0.684206
1.630000   0.684670
1.631000   0.685134
1.632000   0.685597
1.633000   0.686061
1.634000   0.686524
1.635000   0.686987
1.636000   0.687451
1.637000   0.687915
1.638000   0.688379
1.639000   0.688843
1.640000   0.689306
1.641000   0.689769
1.642000   0.690232
1.643000   0.690695
1.644000   0.691159
1.645000   0.691621
1.646000   0.692084
1.647000   0.692546
1.648000   0.693008
1.649000   0.693470
1.650000   0.695193
1.651000   0.695656
1.652000   0.696119
1.653000   0.696582
1.654000   0.697045
1.655000   0.697508
1.656000   0.697971
1.657000   0.698435
1.658000   0.698898
1.659000   0.699361
1.660000   0.699824
1.661000   0.700287
1.662000   0.700749
1.663000   0.701211
1.664000   0.701673
1.665000   0.702135
1.666000   0.702596
1.667000   0.703058
1.668000   0.703519
1.669000   0.703980
1.670000   0.704442
1.671000   0.704903
1.672000   0.705364
1.673000   0.705827
1.674000   0.706289
1.675000   0.706752
1.676000   0.707214
1.677000   0.707677
1.678000   0.708140
1.679000   0.708603
1.680000   0.709065
1.681000   0.709527
1.682000   0.709988
1.683000   0.710449
1.684000   0.710910
1.685000   0.711371
1.686000   0.711832
1.687000   0.712294
1.688000   0.712755
1.689000   0.713216
1.690000   0.713677
1.691000   0.714137
1.692000   0.714598
1.693000   0.715059
1.694000   0.715519
1.695000   0.715979
1.696000   0.716438
1.697000   0.716898
1.698000   0.717357
1.699000   0.717816
1.700000   0.719826
1.701000   0.720287
1.702000   0.720748
1.703000   0.721209
1.704000   0.721669
1.705000   0.722130
1.706000   0.722591
1.707000   0.723052
1.708000   0.723514
1.709000   0.723975
1.710000   0.724436
1.711000   0.724896
1.712000   0.725357
1.713000   0.725817
1.714000   0.726277
1.715000   0.726736
1.716000   0.727195
1.717000   0.727654
1.718000   0.728113
1.719000   0.728572
1.720000   0.729032
1.721000   0.729490
1.722000   0.729949
1.723000   0.730409
1.724000   0.730869
1.725000   0.731328
1.726000   0.731788
1.727000   0.732248
1.728000   0.732708
1.729000   0.733168
1.730000   0.733627
1.731000   0.734085
1.732000   0.734543
1.733000   0.735000
1.734000   0.735458
1.735000   0.735915
1.736000   0.736372
1.737000   0.736829
1.738000   0.737287
1.739000   0.737744
1.740000   0.738200
1.741000   0.738657
1.742000   0.739113
1.743000   0.739569
1.744000   0.740025
1.745000   0.740481
1.746000   0.740936
1.747000   0.741391
1.748000   0.741846
1.749000   0.742301
1.750000   0.744750
1.751000   0.745207
1.752000   0.745663
1.753000   0.746120
1.754000   0.746576
1.755000   0.747032
1.756000   0.747488
1.757000   0.747945
1.758000   0.748402
1.759000   0.748858
1.760000   0.749314
1.761000   0.749769
1.762000   0.750224
1.763000   0.750679
1.764000   0.751133
1.765000   0.751588
1.766000   0.752042
1.767000   0.752496
1.768000   0.752950
1.769000   0.753404
1.770000   0.753858
1.771000   0.754312
1.772000   0.754765
1.773000   0.755220
1.774000   0.755674
1.775000   0.756128
1.776000   0.756582
1.777000   0.757035
1.778000   0.757489
1.779000   0.757944
1.780000   0.758397
1.781000   0.758849
1.782000   0.759302
1.783000   0.759754
1.784000   0.760206
1.785000   0.760658
1.786000   0.761109
1.787000   0.761561
1.788000   0.762014
1.789000   0.762465
1.790000   0.762917
1.791000   0.763368
1.792000   0.763820
1.793000   0.764271
1.794000   0.764721
1.795000   0.765172
1.796000   0.765622
1.797000   0.766072
1.798000   0.766522
1.799000   0.766972
1.800000   0.769847
1.801000   0.770299
1.802000   0.770751
1.803000   0.771203
1.804000   0.771655
1.805000   0.772107
1.806000   0.772559
1.807000   0.773012
1.808000   0.773465
1.809000   0.773916
1.810000   0.774368
1.811000   0.774819
1.812000   0.775270
1.813000   0.775722
1.814000   0.776172
1.815000   0.776623
1.816000   0.777074
1.817000   0.777525
1.818000   0.777975
1.819000   0.778426
1.820000   0.778877
1.821000   0.779327
1.822000   0.779777
1.823000   0.780228
1.824000   0.780678
1.825000   0.781129
1.826000   0.781579
1.827000   0.782029
1.828000   0.782481
1.829000   0.782932
1.830000   0.783381
1.831000   0.783831
1.832000   0.784280
1.833000   0.784729
1.834000   0.785178
1.835000   0.785627
1.836000   0.786076
1.837000   0.786526
1.838000   0.786975
1.839000   0.787425
1.840000   0.787874
1.841000   0.788323
1.842000   0.788772
1.843000   0.789221
1.844000   0.789670
1.845000   0.790119
1.846000   0.790567
1.847000   0.791016
1.848000   0.791464
1.849000   0.791913
1.850000   0.795059
1.851000   0.795510
1.852000   0.795962
1.853000   0.796413
1.854000   0.796865
1.855000   0.797317
1.856000   0.797768
1.857000   0.798220
1.858000   0.798673
1.859000   0.799124
1.860000   0.799576
1.861000   0.800027
1.862000   0.800478
1.863000   0.800928
1.864000   0.801379
1.865000   0.801829
1.866000   0.802280
1.867000   0.802730
1.868000   0.803180
1.869000   0.803631
1.870000   0.804081
1.871000   0.804531
1.872000   0.804980
1.873000   0.805431
1.874000   0.805881
1.875000   0.806331
1.876000   0.806781
1.877000   0.807231
1.878000   0.807681
1.879000   0.808132
1.880000   0.808582
1.881000   0.809031
1.882000   0.809481
1.883000   0.809930
1.884000   0.810379
1.885000   0.810828
1.886000   0.811277
1.887000   0.811727
1.888000   0.812177
1.889000   0.812626
1.890000   0.813075
1.891000   0.813524
1.892000   0.813974
1.893000   0.814424
1.894000   0.814873
1.895000   0.815323
1.896000   0.815771
1.897000   0.816220
1.898000   0.816669
1.899000   0.817117
1.900000   0.820311
1.901000   0.820763
1.902000   0.821215
1.903000   0.821667
1.904000   0.822120
1.905000   0.822572
1.906000   0.823024
1.907000   0.823477
1.908000   0.823930
1.909000   0.824382
1.910000   0.824834
1.911000   0.825285
1.912000   0.825736
1.913000   0.826188
1.914000   0.826638
1.915000   0.827089
1.916000   0.827540
1.917000   0.827991
1.918000   0.828441
1.919000   0.828892
1.920000   0.829342
1.921000   0.829792
1.922000   0.830242
1.923000   0.830693
1.924000   0.831143
1.925000   0.831594
1.926000   0.832044
1.927000   0.832494
1.928000   0.832946
1.929000   0.833397
1.930000   0.833847
1.931000   0.834296
1.932000   0.834746
1.933000   0.835195
1.934000   0.835645
1.935000   0.836095
1.936000   0.836545
1.937000   0.836995
1.938000   0.837445
1.939000   0.837896
1.940000   0.838346
1.941000   0.838796
1.942000   0.839247
1.943000   0.839697
1.944000   0.840148
1.945000   0.840598
1.946000   0.841048
1.947000   0.841497
1.948000   0.841947
1.949000   0.842397
1.950000   0.845644
1.951000   0.846097
1.952000   0.846551
1.953000   0.847005
1.954000   0.847458
1.955000   0.847912
1.956000   0.848366
1.957000   0.848820
1.958000   0.849275
1.959000   0.849728
1.960000   0.850181
1.961000   0.850633
1.962000   0.851086
1.963000   0.851539
1.964000   0.851991
1.965000   0.852444
1.966000   0.852896
1.967000   0.853349
1.968000   0.853801
1.969000   0.854253
1.970000   0.854705
1.971000   0.855157
1.972000   0.855609
1.973000   0.856062
1.974000   0.856514
1.975000   0.856967
1.976000   0.857419
1.977000   0.857871
1.978000   0.858325
1.979000   0.858778
1.980000   0.859230
1.981000   0.859682
1.982000   0.860133
1.983000   0.860585
1.984000   0.861036
1.985000   0.861489
1.986000   0.861941
1.987000   0.862393
1.988000   0.862846
1.989000   0.863299
1.990000   0.863751
1.991000   0.864204
1.992000   0.864658
1.993000   0.865111
1.994000   0.865564
1.995000   0.866017
1.996000   0.866470
1.997000   0.866923
1.998000   0.867375
1.999000   0.867827
2.000000   0.870998
2.001000   0.871454
2.002000   0.871911
2.003000   0.872367
2.004000   0.872824
2.005000   0.873280
2.006000   0.873737
2.007000   0.874194
2.008000   0.874652
2.009000   0.875108
2.010000   0.875564
2.011000   0.876020
2.012000   0.876476
2.013000   0.876931
2.014000   0.877387
2.015000   0.877842
2.016000   0.878298
2.017000   0.878753
2.018000   0.879208
2.019000   0.879663
2.020000   0.880118
2.021000   0.880572
2.022000   0.881027
2.023000   0.881483
2.024000   0.881938
2.025000   0.882393
2.026000   0.882849
2.027000   0.883304
2.028000   0.883761
2.029000   0.884217
2.030000   0.884671
2.031000   0.885126
2.032000   0.885580
2.033000   0.886034
2.034000   0.886488
2.035000   0.886943
2.036000   0.887398
2.037000   0.887852
2.038000   0.888307
2.039000   0.888762
2.040000   0.889217
2.041000   0.889672
2.042000   0.890129
2.043000   0.890584
2.044000   0.891040
2.045000   0.891495
2.046000   0.891950
2.047000   0.892405
2.048000   0.892859
2.049000   0.893313
2.050000   0.896086
2.051000   0.896544
2.052000   0.897001
2.053000   0.897459
2.054000   0.897916
2.055000   0.898374
2.056000   0.898832
2.057000   0.899290
2.058000   0.899749
2.059000   0.900206
2.060000   0.900664
2.061000   0.901120
2.062000   0.901577
2.063000   0.902034
2.064000   0.902491
2.065000   0.902947
2.066000   0.903404
2.067000   0.903861
2.068000   0.904318
2.069000   0.904774
2.070000   0.905231
2.071000   0.905687
2.072000   0.906144
2.073000   0.906601
2.074000   0.907057
2.075000   0.907514
2.076000   0.907971
2.077000   0.908428
2.078000   0.908886
2.079000   0.909344
2.080000   0.909800
2.081000   0.910256
2.082000   0.910712
2.083000   0.911168
2.084000   0.911624
2.085000   0.912081
2.086000   0.912537
2.087000   0.912994
2.088000   0.913452
2.089000   0.913909
2.090000   0.914366
2.091000   0.914824
2.092000   0.915283
2.093000   0.915741
2.094000   0.916200
2.095000   0.916658
2.096000   0.917116
2.097000   0.917573
2.098000   0.918031
2.099000   0.918488
2.100000   0.920520
2.101000   0.920981
2.102000   0.921441
2.103000   0.921902
2.104000   0.922362
2.105000   0.922823
2.106000   0.923285
2.107000   0.923747
2.108000   0.924209
2.109000   0.924671
2.110000   0.925132
2.111000   0.925593
2.112000   0.926054
2.113000   0.926516
2.114000   0.926977
2.115000   0.927439
2.116000   0.927900
2.117000   0.928362
2.118000   0.928824
2.119000   0.929286
2.120000   0.929748
2.121000   0.930209
2.122000   0.930671
2.123000   0.931133
2.124000   0.931595
2.125000   0.932058
2.126000   0.932520
2.127000   0.932983
2.128000   0.933447
2.129000   0.933911
2.130000   0.934373
2.131000   0.934836
2.132000   0.935298
2.133000   0.935760
2.134000   0.936222
2.135000   0.936684
2.136000   0.937148
2.137000   0.937611
2.138000   0.938075
2.139000   0.938539
2.140000   0.939003
2.141000   0.939468
2.142000   0.939934
2.143000   0.940400
2.144000   0.940866
2.145000   0.941331
2.146000   0.941796
2.147000   0.942262
2.148000   0.942727
2.149000   0.943192
2.150000   0.944541
2.151000   0.945009
2.152000   0.945477
2.153000   0.945946
2.154000   0.946414
2.155000   0.946883
2.156000   0.947353
2.157000   0.947823
2.158000   0.948294
2.159000   0.948763
2.160000   0.949233
2.161000   0.949702
2.162000   0.950172
2.163000   0.950642
2.164000   0.951112
2.165000   0.951581
2.166000   0.952051
2.167000   0.952521
2.168000   0.952991
2.169000   0.953461
2.170000   0.953931
2.171000   0.954400
2.172000   0.954869
2.173000   0.955339
2.174000   0.955809
2.175000   0.956279
2.176000   0.956749
2.177000   0.957220
2.178000   0.957692
2.179000   0.958163
2.180000   0.958633
2.181000   0.959103
2.182000   0.959572
2.183000   0.960041
2.184000   0.960510
2.185000   0.960980
2.186000   0.961450
2.187000   0.961920
2.188000   0.962392
2.189000   0.962863
2.190000   0.963334
2.191000   0.963805
2.192000   0.964279
2.193000   0.964752
2.194000   0.965224
2.195000   0.965697
2.196000   0.966169
2.197000   0.966642
2.198000   0.967114
2.199000   0.967586
2.200000   0.968808
2.201000   0.969283
2.202000   0.969758
2.203000   0.970233
2.204000   0.970708
2.205000   0.971184
2.206000   0.971661
2.207000   0.972138
2.208000   0.972616
2.209000   0.973093
2.210000   0.973569
2.211000   0.974046
2.212000   0.974522
2.213000   0.974999
2.214000   0.975476
2.215000   0.975953
2.216000   0.976430
2.217000   0.976907
2.218000   0.977384
2.219000   0.977862
2.220000   0.978340
2.221000   0.978817
2.222000   0.979294
2.223000   0.979772
2.224000   0.980250
2.225000   0.980728
2.226000   0.981206
2.227000   0.981685
2.228000   0.982166
2.229000   0.982645
2.230000   0.983124
2.231000   0.983601
2.232000   0.984079
2.233000   0.984556
2.234000   0.985034
2.235000   0.985513
2.236000   0.985991
2.237000   0.986470
2.238000   0.986950
2.239000   0.987430
2.240000   0.987909
2.241000   0.988389
2.242000   0.988872
2.243000   0.989353
2.244000   0.989835
2.245000   0.990317
2.246000   0.990798
2.247000   0.991280
2.248000   0.991761
2.249000   0.992242
2.250000   0.993634
2.251000   0.994118
2.252000   0.994602
2.253000   0.995086
2.254000   0.995571
2.255000   0.996056
2.256000   0.996541
2.257000   0.997027
2.258000   0.997513
2.259000   0.997998
2.260000   0.998483
2.261000   0.998968
2.262000   0.999452
2.263000   0.999937
2.264000   1.000422
2.265000   1.000907
2.266000   1.001392
2.267000   1.001878
2.268000   1.002363
2.269000   1.002848
2.270000   1.003334
2.271000   1.003819
2.272000   1.004304
2.273000   1.004790
2.274000   1.005276
2.275000   1.005762
2.276000   1.006248
2.277000   1.006735
2.278000   1.007222
2.279000   1.007710
2.280000   1.008195
2.281000   1.008680
2.282000   1.009165
2.283000   1.009649
2.284000   1.010133
2.285000   1.010619
2.286000   1.011105
2.287000   1.011591
2.288000   1.012077
2.289000   1.012564
2.290000   1.013050
2.291000   1.013537
2.292000   1.014025
2.293000   1.014513
2.294000   1.015001
2.295000   1.015488
2.296000   1.015975
2.297000   1.016463
2.298000   1.016949
2.299000   1.017436
2.300000   1.019017
2.301000   1.019507
2.302000   1.019997
2.303000   1.020487
2.304000   1.020977
2.305000   1.021467
2.306000   1.021957
2.307000   1.022448
2.308000   1.022939
2.309000   1.023429
2.310000   1.023919
2.311000   1.024407
2.312000   1.024896
2.313000   1.025386
2.314000   1.025875
2.315000   1.026364
2.316000   1.026853
2.317000   1.027342
2.318000   1.027830
2.319000   1.028319
2.320000   1.028808
2.321000   1.029296
2.322000   1.029784
2.323000   1.030273
2.324000   1.030761
2.325000   1.031249
2.326000   1.031738
2.327000   1.032227
2.328000   1.032717
2.329000   1.033206
2.330000   1.033693
2.331000   1.034180
2.332000   1.034666
2.333000   1.035152
2.334000   1.035637
2.335000   1.036124
2.336000   1.036610
2.337000   1.037097
2.338000   1.037585
2.339000   1.038072
2.340000   1.038558
2.341000   1.039046
2.342000   1.039535
2.343000   1.040023
2.344000   1.040511
2.345000   1.040998
2.346000   1.041485
2.347000   1.041972
2.348000   1.042457
2.349000   1.042943
2.350000   1.044823
2.351000   1.045312
2.352000   1.045801
2.353000   1.046289
2.354000   1.046778
2.355000   1.047268
2.356000   1.047757
2.357000   1.048248
2.358000   1.048738
2.359000   1.049229
2.360000   1.049719
2.361000   1.050208
2.362000   1.050697
2.363000   1.051187
2.364000   1.051677
2.365000   1.052167
2.366000   1.052656
2.367000   1.053145
2.368000   1.053633
2.369000   1.054122
2.370000   1.054610
2.371000   1.055098
2.372000   1.055586
2.373000   1.056075
2.374000   1.056562
2.375000   1.057050
2.376000   1.057539
2.377000   1.058027
2.378000   1.058516
2.379000   1.059005
2.380000   1.059492
2.381000   1.059978
2.382000   1.060464
2.383000   1.060949
2.384000   1.061434
2.385000   1.061920
2.386000   1.062406
2.387000   1.062893
2.388000   1.063380
2.389000   1.063867
2.390000   1.064353
2.391000   1.064840
2.392000   1.065329
2.393000   1.065816
2.394000   1.066303
2.395000   1.066790
2.396000   1.067276
2.397000   1.067762
2.398000   1.068247
2.399000   1.068733
2.400000   1.071257
2.401000   1.071746
2.402000   1.072235
2.403000   1.072723
2.404000   1.073212
2.405000   1.073702
2.406000   1.074192
2.407000   1.074682
2.408000   1.075173
2.409000   1.075664
2.410000   1.076155
2.411000   1.076646
2.412000   1.077137
2.413000   1.077627
2.414000   1.078118
2.415000   1.078609
2.416000   1.079099
2.417000   1.079588
2.418000   1.080076
2.419000   1.080566
2.420000   1.081055
2.421000   1.081543
2.422000   1.082032
2.423000   1.082521
2.424000   1.083009
2.425000   1.083499
2.426000   1.083988
2.427000   1.084477
2.428000   1.084967
2.429000   1.085456
2.430000   1.085944
2.431000   1.086431
2.432000   1.086918
2.433000   1.087404
2.434000   1.087889
2.435000   1.088376
2.436000   1.088863
2.437000   1.089351
2.438000   1.089838
2.439000   1.090325
2.440000   1.090813
2.441000   1.091300
2.442000   1.091790
2.443000   1.092278
2.444000   1.092767
2.445000   1.093254
2.446000   1.093741
2.447000   1.094228
2.448000   1.094714
2.449000   1.095201
2.450000   1.098613
2.451000   1.099104
2.452000   1.099596
2.453000   1.100087
2.454000   1.100578
2.455000   1.101070
2.456000   1.101563
2.457000   1.102055
2.458000   1.102548
2.459000   1.103041
2.460000   1.103533
2.461000   1.104025
2.462000   1.104517
2.463000   1.105008
2.464000   1.105500
2.465000   1.105991
2.466000   1.106481
2.467000   1.106970
2.468000   1.107458
2.469000   1.107946
2.470000   1.108434
2.471000   1.108921
2.472000   1.109407
2.473000   1.109894
2.474000   1.110381
2.475000   1.110867
2.476000   1.111354
2.477000   1.111840
2.478000   1.112326
2.479000   1.112811
2.480000   1.113295
2.481000   1.113777
2.482000   1.114258
2.483000   1.114738
2.484000   1.115218
2.485000   1.115698
2.486000   1.116178
2.487000   1.116659
2.488000   1.117139
2.489000   1.117618
2.490000   1.118097
2.491000   1.118577
2.492000   1.119057
2.493000   1.119536
2.494000   1.120015
2.495000   1.120493
2.496000   1.120970
2.497000   1.121448
2.498000   1.121924
2.499000   1.122400
2.500000   1.126514
2.501000   1.126995
2.502000   1.127476
2.503000   1.127956
2.504000   1.128436
2.505000   1.128917
2.506000   1.129398
2.507000   1.129878
2.508000   1.130359
2.509000   1.130839
2.510000   1.131320
2.511000   1.131799
2.512000   1.132278
2.513000   1.132757
2.514000   1.133235
2.515000   1.133713
2.516000   1.134190
2.517000   1.134665
2.518000   1.135139
2.519000   1.135612
2.520000   1.136085
2.521000   1.136557
2.522000   1.137028
2.523000   1.137500
2.524000   1.137971
2.525000   1.138441
2.526000   1.138912
2.527000   1.139382
2.528000   1.139852
2.529000   1.140322
2.530000   1.140790
2.531000   1.141257
2.532000   1.141724
2.533000   1.142190
2.534000   1.142655
2.535000   1.143120
2.536000   1.143586
2.537000   1.144052
2.538000   1.144517
2.539000   1.144982
2.540000   1.145447
2.541000   1.145911
2.542000   1.146377
2.543000   1.146842
2.544000   1.147306
2.545000   1.147769
2.546000   1.148232
2.547000   1.148696
2.548000   1.149158
2.549000   1.149621
2.550000   1.153795
2.551000   1.154264
2.552000   1.154734
2.553000   1.155204
2.554000   1.155674
2.555000   1.156145
2.556000   1.156618
2.557000   1.157090
2.558000   1.157564
2.559000   1.158037
2.560000   1.158511
2.561000   1.158984
2.562000   1.159458
2.563000   1.159932
2.564000   1.160407
2.565000   1.160880
2.566000   1.161354
2.567000   1.161826
2.568000   1.162298
2.569000   1.162769
2.570000   1.163240
2.571000   1.163711
2.572000   1.164180
2.573000   1.164651
2.574000   1.165121
2.575000   1.165592
2.576000   1.166063
2.577000   1.166533
2.578000   1.167004
2.579000   1.167475
2.580000   1.167945
2.581000   1.168413
2.582000   1.168882
2.583000   1.169350
2.584000   1.169818
2.585000   1.170286
2.586000   1.170755
2.587000   1.171225
2.588000   1.171694
2.589000   1.172163
2.590000   1.172632
2.591000   1.173102
2.592000   1.173573
2.593000   1.174043
2.594000   1.174512
2.595000   1.174981
2.596000   1.175449
2.597000   1.175918
2.598000   1.176386
2.599000   1.176855
2.600000   1.180546
2.601000   1.181024
2.602000   1.181503
2.603000   1.181982
2.604000   1.182461
2.605000   1.182942
2.606000   1.183422
2.607000   1.183903
2.608000   1.184385
2.609000   1.184867
2.610000   1.185349
2.611000   1.185830
2.612000   1.186311
2.613000   1.186791
2.614000   1.187272
2.615000   1.187753
2.616000   1.188232
2.617000   1.188710
2.618000   1.189187
2.619000   1.189663
2.620000   1.190139
2.621000   1.190614
2.622000   1.191089
2.623000   1.191564
2.624000   1.192038
2.625000   1.192513
2.626000   1.192987
2.627000   1.193461
2.628000   1.193935
2.629000   1.194407
2.630000   1.194878
2.631000   1.195348
2.632000   1.195818
2.633000   1.196287
2.634000   1.196756
2.635000   1.197225
2.636000   1.197695
2.637000   1.198165
2.638000   1.198633
2.639000   1.199102
2.640000   1.199571
2.641000   1.200040
2.642000   1.200509
2.643000   1.200977
2.644000   1.201444
2.645000   1.201909
2.646000   1.202374
2.647000   1.202838
2.648000   1.203302
2.649000   1.203765
2.650000   1.207287
2.651000   1.207761
2.652000   1.208234
2.653000   1.208707
2.654000   1.209180
2.655000   1.209654
2.656000   1.210127
2.657000   1.210600
2.658000   1.211073
2.659000   1.211546
2.660000   1.212018
2.661000   1.212489
2.662000   1.212960
2.663000   1.213429
2.664000   1.213898
2.665000   1.214366
2.666000   1.214832
2.667000   1.215297
2.668000   1.215760
2.669000   1.216222
2.670000   1.216683
2.671000   1.217144
2.672000   1.217605
2.673000   1.218064
2.674000   1.218524
2.675000   1.218984
2.676000   1.219443
2.677000   1.219900
2.678000   1.220357
2.679000   1.220813
2.680000   1.221268
2.681000   1.221721
2.682000   1.222174
2.683000   1.222627
2.684000   1.223078
2.685000   1.223529
2.686000   1.223981
2.687000   1.224432
2.688000   1.224882
2.689000   1.225331
2.690000   1.225781
2.691000   1.226231
2.692000   1.226680
2.693000   1.227128
2.694000   1.227574
2.695000   1.228020
2.696000   1.228465
2.697000   1.228910
2.698000   1.229353
2.699000   1.229795
2.700000   1.232763
2.701000   1.233215
2.702000   1.233667
2.703000   1.234118
2.704000   1.234570
2.705000   1.235023
2.706000   1.235475
2.707000   1.235927
2.708000   1.236379
2.709000   1.236832
2.710000   1.237284
2.711000   1.237734
2.712000   1.238186
2.713000   1.238636
2.714000   1.239086
2.715000   1.239536
2.716000   1.239985
2.717000   1.240433
2.718000   1.240879
2.719000   1.241327
2.720000   1.241773
2.721000   1.242219
2.722000   1.242664
2.723000   1.243109
2.724000   1.243555
2.725000   1.244001
2.726000   1.244447
2.727000   1.244892
2.728000   1.245338
2.729000   1.245783
2.730000   1.246227
2.731000   1.246671
2.732000   1.247114
2.733000   1.247558
2.734000   1.248001
2.735000   1.248444
2.736000   1.248888
2.737000   1.249332
2.738000   1.249775
2.739000   1.250218
2.740000   1.250662
2.741000   1.251106
2.742000   1.251549
2.743000   1.251991
2.744000   1.252433
2.745000   1.252873
2.746000   1.253312
2.747000   1.253751
2.748000   1.254188
2.749000   1.254624
2.750000   1.256614
2.751000   1.257063
2.752000   1.257511
2.753000   1.257959
2.754000   1.258406
2.755000   1.258854
2.756000   1.259303
2.757000   1.259750
2.758000   1.260199
2.759000   1.260647
2.760000   1.261096
2.761000   1.261544
2.762000   1.261992
2.763000   1.262439
2.764000   1.262888
2.765000   1.263335
2.766000   1.263782
2.767000   1.264226
2.768000   1.264670
2.769000   1.265113
2.770000   1.265555
2.771000   1.265996
2.772000   1.266436
2.773000   1.266876
2.774000   1.267316
2.775000   1.267756
2.776000   1.268195
2.777000   1.268634
2.778000   1.269075
2.779000   1.269515
2.780000   1.269954
2.781000   1.270393
2.782000   1.270831
2.783000   1.271269
2.784000   1.271706
2.785000   1.272143
2.786000   1.272582
2.787000   1.273021
2.788000   1.273459
2.789000   1.273897
2.790000   1.274337
2.791000   1.274778
2.792000   1.275218
2.793000   1.275658
2.794000   1.276095
2.795000   1.276531
2.796000   1.276965
2.797000   1.277399
2.798000   1.277831
2.799000   1.278262
2.800000   1.280207
2.801000   1.280650
2.802000   1.281093
2.803000   1.281534
2.804000   1.281974
2.805000   1.282413
2.806000   1.282852
2.807000   1.283288
2.808000   1.283727
2.809000   1.284166
2.810000   1.284604
2.811000   1.285041
2.812000   1.285478
2.813000   1.285913
2.814000   1.286349
2.815000   1.286784
2.816000   1.287218
2.817000   1.287650
2.818000   1.288082
2.819000   1.288514
2.820000   1.288944
2.821000   1.289373
2.822000   1.289800
2.823000   1.290227
2.824000   1.290654
2.825000   1.291081
2.826000   1.291507
2.827000   1.291934
2.828000   1.292360
2.829000   1.292787
2.830000   1.293212
2.831000   1.293637
2.832000   1.294061
2.833000   1.294484
2.834000   1.294907
2.835000   1.295331
2.836000   1.295755
2.837000   1.296181
2.838000   1.296606
2.839000   1.297031
2.840000   1.297457
2.841000   1.297882
2.842000   1.298307
2.843000   1.298730
2.844000   1.299152
2.845000   1.299572
2.846000   1.299990
2.847000   1.300408
2.848000   1.300826
2.849000   1.301243
2.850000   1.303953
2.851000   1.304378
2.852000   1.304804
2.853000   1.305229
2.854000   1.305655
2.855000   1.306081
2.856000   1.306507
2.857000   1.306933
2.858000   1.307361
2.859000   1.307789
2.860000   1.308218
2.861000   1.308646
2.862000   1.309074
2.863000   1.309500
2.864000   1.309928
2.865000   1.310354
2.866000   1.310781
2.867000   1.311206
2.868000   1.311631
2.869000   1.312055
2.870000   1.312479
2.871000   1.312899
2.872000   1.313320
2.873000   1.313741
2.874000   1.314163
2.875000   1.314583
2.876000   1.315001
2.877000   1.315419
2.878000   1.315838
2.879000   1.316257
2.880000   1.316675
2.881000   1.317094
2.882000   1.317511
2.883000   1.317929
2.884000   1.318347
2.885000   1.318766
2.886000   1.319185
2.887000   1.319607
2.888000   1.320029
2.889000   1.320450
2.890000   1.320875
2.891000   1.321300
2.892000   1.321725
2.893000   1.322147
2.894000   1.322566
2.895000   1.322983
2.896000   1.323398
2.897000   1.323813
2.898000   1.324228
2.899000   1.324642
2.900000   1.328397
2.901000   1.328830
2.902000   1.329264
2.903000   1.329696
2.904000   1.330130
2.905000   1.330565
2.906000   1.330998
2.907000   1.331430
2.908000   1.331864
2.909000   1.332298
2.910000   1.332734
2.911000   1.333168
2.912000   1.333601
2.913000   1.334032
2.914000   1.334464
2.915000   1.334891
2.916000   1.335318
2.917000   1.335743
2.918000   1.336168
2.919000   1.336588
2.920000   1.337005
2.921000   1.337416
2.922000   1.337826
2.923000   1.338235
2.924000   1.338645
2.925000   1.339051
2.926000   1.339457
2.927000   1.339862
2.928000   1.340269
2.929000   1.340679
2.930000   1.341085
2.931000   1.341492
2.932000   1.341896
2.933000   1.342301
2.934000   1.342702
2.935000   1.343103
2.936000   1.343504
2.937000   1.343908
2.938000   1.344311
2.939000   1.344713
2.940000   1.345117
2.941000   1.345522
2.942000   1.345926
2.943000   1.346326
2.944000   1.346722
2.945000   1.347117
2.946000   1.347510
2.947000   1.347902
2.948000   1.348293
2.949000   1.348686
2.950000   0.000000
2.951000   0.000000
2.952000   0.000000
2.953000   0.000000
2.954000   0.000000
2.955000   0.000000
2.956000   0.000000
2.957000   0.000000
2.958000   0.000000
2.959000   0.000000
2.960000   0.000000
2.961000   0.000000
2.962000   0.000000
2.963000   0.000000
2.964000   0.000000
2.965000   0.000000
2.966000   0.000000
2.967000   0.000000
2.968000   0.000000
2.969000   0.000000
2.970000   0.000000
2.971000   0.000000
2.972000   0.000000
2.973000   0.000000
2.974000   0.000000
2.975000   0.000000
2.976000   0.000000
2.977000   0.000000
2.978000   0.000000
2.979000   0.000000
2.980000   0.000000
2.981000   0.000000
2.982000   0.000000
2.983000   0.000000
2.984000   0.000000
2.985000   0.000000
2.986000   0.000000
2.987000   0.000000
2.988000   0.000000
2.989000   0.000000
2.990000   0.000000
2.991000   0.000000
2.992000   0.000000
2.993000   0.000000
2.994000   0.000000
2.995000   0.000000
2.996000   0.000000
2.997000   0.000000
2.998000   0.000000
2.999000   0.000000
