#   r      g(r)
0.003744 0.000000
0.011233 0.000000
0.018722 0.000000
0.026211 0.000000
0.033700 0.000000
0.041189 0.000000
0.048678 0.000000
0.056167 0.000000
0.063655 0.000000
0.071144 0.000000
0.078633 0.000000
0.086122 0.000000
0.093611 0.000000
0.101100 0.000000
0.108589 0.000000
0.116078 0.000000
0.123566 0.000000
0.131055 0.000000
0.138544 0.000000
0.146033 0.000000
0.153522 0.000000
0.161011 0.000000
0.168500 0.000000
0.175989 0.000000
0.183477 0.000000
0.190966 0.000000
0.198455 0.000000
0.205944 0.000000
0.213433 0.000000
0.220922 0.000000
0.228411 0.000000
0.235899 0.000000
0.243388 0.000000
0.250877 0.000000
0.258366 0.000000
0.265855 0.000000
0.273344 0.000000
0.280833 0.000000
0.288322 0.000000
0.295810 0.000000
0.303299 0.000000
0.310788 0.000000
0.318277 0.000000
0.325766 0.000000
0.333255 0.000000
0.340744 0.000000
0.348233 0.000000
0.355721 0.000000
0.363210 0.000000
0.370699 0.000000
0.378188 0.000000
0.385677 0.000000
0.393166 0.000000
0.400655 0.000000
0.408144 0.000000
0.415632 0.000000
0.423121 0.000000
0.430610 0.000000
0.438099 0.000000
0.445588 0.000000
0.453077 0.000000
0.460566 0.000000
0.468055 0.000000
0.475543 0.000000
0.483032 0.000000
0.490521 0.000000
0.498010 0.000000
0.505499 0.000000
0.512988 0.000000
0.520477 0.000000
0.527966 0.000000
0.535454 0.000000
0.542943 0.000000
0.550432 0.000000
0.557921 0.000000
0.565410 0.000000
0.572899 0.000000
0.580388 0.000000
0.587876 0.000000
0.595365 0.000000
0.602854 0.000000
0.610343 0.000000
0.617832 0.000000
0.625321 0.000000
0.632810 0.000000
0.640299 0.000000
0.647787 0.000000
0.655276 0.000000
0.662765 0.000000
0.670254 0.000000
0.677743 0.000000
0.685232 0.000000
0.692721 0.000000
0.700210 0.000000
0.707698 0.000000
0.715187 0.000000
0.722676 0.000000
0.730165 0.000000
0.737654 0.000000
0.745143 0.000000
0.752632 0.000000
0.760121 0.000000
0.767609 0.000000
0.775098 0.000000
0.782587 0.000000
0.790076 0.000000
0.797565 0.000000
0.805054 0.000000
0.812543 0.000000
0.820032 0.000000
0.827520 0.000000
0.835009 0.000000
0.842498 0.000000
0.849987 0.000000
0.857476 0.000000
0.864965 0.000000
0.872454 0.000000
0.879943 0.000000
0.887431 0.000870
0.894920 0.002930
0.902409 0.004273
0.909898 0.009680
0.917387 0.018231
0.924876 0.042593
0.932365 0.075544
0.939853 0.141795
0.947342 0.230214
0.954831 0.335400
0.962320 0.492809
0.969809 0.655734
0.977298 0.832589
0.984787 1.042284
0.992276 1.240518
0.999764 1.453290
1.007253 1.629893
1.014742 1.810643
1.022231 2.002819
1.029720 2.138587
1.037209 2.291485
1.044698 2.423394
1.052187 2.523848
1.059675 2.584090
1.067164 2.615290
1.074653 2.681097
1.082142 2.680678
1.089631 2.664252
1.097120 2.654681
1.104609 2.571857
1.112098 2.488436
1.119586 2.466447
1.127075 2.399930
1.134564 2.316271
1.142053 2.268044
1.149542 2.210001
1.157031 2.161753
1.164520 2.088374
1.172009 2.005095
1.179497 1.943899
1.186986 1.847446
1.194475 1.791113
1.201964 1.704977
1.209453 1.652551
1.216942 1.598772
1.224431 1.538004
1.231920 1.448869
1.239408 1.397776
1.246897 1.354957
1.254386 1.309691
1.261875 1.295897
1.269364 1.247028
1.276853 1.204323
1.284342 1.147264
1.291830 1.116703
1.299319 1.092530
1.306808 1.067247
1.314297 1.027876
1.321786 1.012505
1.329275 0.993982
1.336764 0.959300
1.344253 0.918514
1.351741 0.891657
1.359230 0.880461
1.366719 0.868764
1.374208 0.860200
1.381697 0.854974
1.389186 0.830590
1.396675 0.816031
1.404164 0.791425
1.411652 0.780113
1.419141 0.764912
1.426630 0.739739
1.434119 0.735367
1.441608 0.722786
1.449097 0.710326
1.456586 0.703686
1.464075 0.701622
1.471563 0.686696
1.479052 0.696029
1.486541 0.679776
1.494030 0.667935
1.501519 0.668632
1.509008 0.673335
1.516497 0.695302
1.523986 0.679938
1.531474 0.672259
1.538963 0.666534
1.546452 0.661660
1.553941 0.655734
1.561430 0.658369
1.568919 0.666729
1.576408 0.659359
1.583897 0.660642
1.591385 0.661434
1.598874 0.667484
1.606363 0.656932
1.613852 0.659869
1.621341 0.675198
1.628830 0.675801
1.636319 0.674493
1.643807 0.678440
1.651296 0.688523
1.658785 0.682924
1.666274 0.693454
1.673763 0.704681
1.681252 0.710150
1.688741 0.712777
1.696230 0.724328
1.703718 0.750680
1.711207 0.759862
1.718696 0.782331
1.726185 0.796332
1.733674 0.801624
1.741163 0.797734
1.748652 0.806530
1.756141 0.819789
1.763629 0.823699
1.771118 0.841448
1.778607 0.854528
1.786096 0.864855
1.793585 0.877997
1.801074 0.904917
1.808563 0.899542
1.816052 0.916048
1.823540 0.934979
1.831029 0.930822
1.838518 0.967399
1.846007 0.963256
1.853496 0.974120
1.860985 0.989346
1.868474 1.027147
1.875963 1.033128
1.883451 1.026430
1.890940 1.029235
1.898429 1.056126
1.905918 1.062895
1.913407 1.082444
1.920896 1.086145
1.928385 1.089479
1.935874 1.098864
1.943362 1.114075
1.950851 1.125301
1.958340 1.147411
1.965829 1.149478
1.973318 1.154947
1.980807 1.166697
1.988296 1.187873
1.995784 1.194622
2.003273 1.197302
2.010762 1.195892
2.018251 1.191991
2.025740 1.205127
2.033229 1.220677
2.040718 1.221180
2.048207 1.211066
2.055695 1.218004
2.063184 1.233933
2.070673 1.215093
2.078162 1.220068
2.085651 1.225134
2.093140 1.230404
2.100629 1.227758
2.108118 1.227605
2.115606 1.220867
2.123095 1.197186
2.130584 1.208240
2.138073 1.212646
2.145562 1.217544
2.153051 1.203237
2.160540 1.195046
2.168029 1.174549
2.175517 1.175545
2.183006 1.160965
2.190495 1.153250
2.197984 1.141568
2.205473 1.125086
2.212962 1.118039
2.220451 1.113761
2.227940 1.100587
2.235428 1.091796
2.242917 1.082322
2.250406 1.078649
2.257895 1.066143
2.265384 1.064639
2.272873 1.050949
2.280362 1.042882
2.287851 1.039646
2.295339 1.031723
2.302828 1.002458
2.310317 1.009755
2.317806 1.004173
2.325295 0.994253
2.332784 0.994217
2.340273 0.978314
2.347761 0.958891
2.355250 0.959419
2.362739 0.953894
2.370228 0.953587
2.377717 0.934691
2.385206 0.929874
2.392695 0.928243
2.400184 0.922222
2.407672 0.915766
2.415161 0.925205
2.422650 0.926506
2.430139 0.921800
2.437628 0.904933
2.445117 0.906475
2.452606 0.889847
2.460095 0.890536
2.467583 0.890633
2.475072 0.898614
2.482561 0.893064
2.490050 0.887364
2.497539 0.879084
2.505028 0.885691
2.512517 0.884929
2.520006 0.881110
2.527494 0.883618
2.534983 0.887172
2.542472 0.880150
2.549961 0.874068
2.557450 0.878586
2.564939 0.881922
2.572428 0.887041
2.579917 0.886878
2.587405 0.885650
2.594894 0.885749
2.602383 0.893699
2.609872 0.893675
2.617361 0.898285
2.624850 0.907668
2.632339 0.899121
2.639828 0.905713
2.647316 0.896376
2.654805 0.901043
2.662294 0.912310
2.669783 0.926473
2.677272 0.927969
2.684761 0.930506
2.692250 0.929104
2.699738 0.932019
2.707227 0.929233
2.714716 0.935224
2.722205 0.945163
2.729694 0.961290
2.737183 0.969630
2.744672 0.967328
2.752161 0.979881
2.759649 0.980635
2.767138 0.977204
2.774627 0.984541
2.782116 0.998199
2.789605 0.999023
2.797094 1.011715
2.804583 1.016628
2.812072 1.011344
2.819560 1.025989
2.827049 1.022609
2.834538 1.032063
2.842027 1.040950
2.849516 1.041694
2.857005 1.048933
2.864494 1.039728
2.871983 1.052436
2.879471 1.057658
2.886960 1.052624
2.894449 1.058919
2.901938 1.048958
2.909427 1.043192
2.916916 1.050332
2.924405 1.052194
2.931894 1.053754
2.939382 1.068286
2.946871 1.070747
2.954360 1.066842
2.961849 1.061042
2.969338 1.046787
2.976827 1.057169
2.984316 1.060040
2.991805 1.062616
2.999293 1.074621
3.006782 1.074057
3.014271 1.069577
3.021760 1.067547
3.029249 1.058831
3.036738 1.063352
3.044227 1.064493
3.051715 1.061540
3.059204 1.053870
3.066693 1.055308
3.074182 1.051956
3.081671 1.048959
3.089160 1.048929
3.096649 1.055728
3.104138 1.053830
3.111626 1.049071
3.119115 1.047468
3.126604 1.042922
3.134093 1.041951
3.141582 1.035251
3.149071 1.036338
3.156560 1.035009
3.164049 1.034916
3.171537 1.038938
3.179026 1.042331
3.186515 1.038510
3.194004 1.035271
3.201493 1.030963
3.208982 1.035135
3.216471 1.025869
3.223960 1.021547
3.231448 1.025710
3.238937 1.016547
3.246426 1.014451
3.253915 1.012068
3.261404 1.006079
3.268893 0.999935
3.276382 0.990757
3.283871 0.985745
3.291359 0.988494
3.298848 0.987304
3.306337 0.983789
3.313826 0.981342
3.321315 0.982944
3.328804 0.980373
3.336293 0.979975
3.343782 0.971478
3.351270 0.970082
3.358759 0.970484
3.366248 0.975091
3.373737 0.970028
3.381226 0.962643
3.388715 0.970343
3.396204 0.965037
3.403692 0.968776
3.411181 0.976199
3.418670 0.974081
3.426159 0.975975
3.433648 0.972950
3.441137 0.965393
3.448626 0.961868
3.456115 0.965007
3.463603 0.965704
3.471092 0.959474
3.478581 0.951889
3.486070 0.958980
3.493559 0.956776
3.501048 0.959699
3.508537 0.958344
3.516026 0.952383
3.523514 0.952290
3.531003 0.953165
3.538492 0.953251
3.545981 0.955898
3.553470 0.958340
3.560959 0.959219
3.568448 0.964005
3.575937 0.969849
3.583425 0.968006
3.590914 0.971380
3.598403 0.969994
3.605892 0.974923
3.613381 0.974640
3.620870 0.977354
3.628359 0.972912
3.635848 0.975650
3.643336 0.973963
3.650825 0.974790
3.658314 0.984184
3.665803 0.986047
3.673292 0.993001
3.680781 0.989916
3.688270 0.990960
3.695759 0.998771
3.703247 0.995977
3.710736 0.995149
3.718225 1.001775
3.725714 1.007556
3.733203 1.006741
