0.000000    2.981232
0.001000    2.983479
0.002000    2.982051
0.003000    2.979650
0.004000    2.974838
0.005000    2.970956
0.006000    2.966524
0.007000    2.961271
0.008000    2.953662
0.009000    2.945145
0.010000    2.937026
0.011000    2.927497
0.012000    2.917004
0.013000    2.906640
0.014000    2.894084
0.015000    2.882529
0.016000    2.867920
0.017000    2.851964
0.018000    2.840701
0.019000    2.826216
0.020000    2.810727
0.021000    2.794227
0.022000    2.781028
0.023000    2.764425
0.024000    2.746941
0.025000    2.730094
0.026000    2.710365
0.027000    2.692251
0.028000    2.671690
0.029000    2.649076
0.030000    2.629151
0.031000    2.606775
0.032000    2.584902
0.033000    2.563681
0.034000    2.540379
0.035000    2.518290
0.036000    2.496607
0.037000    2.473598
0.038000    2.447290
0.039000    2.421944
0.040000    2.395649
0.041000    2.371375
0.042000    2.344108
0.043000    2.318275
0.044000    2.291592
0.045000    2.262774
0.046000    2.236302
0.047000    2.207653
0.048000    2.178557
0.049000    2.150241
0.050000    2.124616
0.051000    2.098072
0.052000    2.069738
0.053000    2.041146
0.054000    2.010967
0.055000    1.982121
0.056000    1.953190
0.057000    1.924244
0.058000    1.893897
0.059000    1.863486
0.060000    1.834012
0.061000    1.804010
0.062000    1.773991
0.063000    1.744181
0.064000    1.713640
0.065000    1.684312
0.066000    1.653850
0.067000    1.623149
0.068000    1.595251
0.069000    1.566304
0.070000    1.537198
0.071000    1.507934
0.072000    1.481086
0.073000    1.452912
0.074000    1.424510
0.075000    1.396822
0.076000    1.368333
0.077000    1.341094
0.078000    1.312818
0.079000    1.284156
0.080000    1.257112
0.081000    1.229430
0.082000    1.202649
0.083000    1.176652
0.084000    1.149813
0.085000    1.123996
0.086000    1.098813
0.087000    1.073155
0.088000    1.046832
0.089000    1.021189
0.090000    0.995773
0.091000    0.971516
0.092000    0.946443
0.093000    0.922261
0.094000    0.898231
0.095000    0.873632
0.096000    0.850196
0.097000    0.826569
0.098000    0.803083
0.099000    0.780191
0.100000    0.757209
0.101000    0.735685
0.102000    0.713823
0.103000    0.692296
0.104000    0.670546
0.105000    0.649591
0.106000    0.629011
0.107000    0.608737
0.108000    0.588375
0.109000    0.568269
0.110000    0.548714
0.111000    0.529408
0.112000    0.510234
0.113000    0.491505
0.114000    0.472919
0.115000    0.454861
0.116000    0.436747
0.117000    0.419102
0.118000    0.402233
0.119000    0.385492
0.120000    0.368962
0.121000    0.352652
0.122000    0.337245
0.123000    0.321826
0.124000    0.306651
0.125000    0.291682
0.126000    0.277114
0.127000    0.262944
0.128000    0.248734
0.129000    0.234781
0.130000    0.221399
0.131000    0.208087
0.132000    0.195272
0.133000    0.182806
0.134000    0.170527
0.135000    0.158592
0.136000    0.146953
0.137000    0.135457
0.138000    0.124212
0.139000    0.113271
0.140000    0.102700
0.141000    0.092462
0.142000    0.082336
0.143000    0.072567
0.144000    0.063019
0.145000    0.053683
0.146000    0.044590
0.147000    0.035926
0.148000    0.027374
0.149000    0.019088
0.150000    0.008236
0.151000    0.000370
0.152000    -0.007224
0.153000    -0.014664
0.154000    -0.021745
0.155000    -0.028633
0.156000    -0.035190
0.157000    -0.041575
0.158000    -0.047691
0.159000    -0.053668
0.160000    -0.059537
0.161000    -0.065010
0.162000    -0.070479
0.163000    -0.075722
0.164000    -0.080717
0.165000    -0.085620
0.166000    -0.090312
0.167000    -0.094547
0.168000    -0.099012
0.169000    -0.103116
0.170000    -0.107066
0.171000    -0.110912
0.172000    -0.114583
0.173000    -0.118061
0.174000    -0.121367
0.175000    -0.124704
0.176000    -0.127591
0.177000    -0.130513
0.178000    -0.133241
0.179000    -0.135744
0.180000    -0.138253
0.181000    -0.140622
0.182000    -0.142797
0.183000    -0.145023
0.184000    -0.146858
0.185000    -0.148724
0.186000    -0.150483
0.187000    -0.152080
0.188000    -0.153382
0.189000    -0.154663
0.190000    -0.155792
0.191000    -0.156933
0.192000    -0.157878
0.193000    -0.158726
0.194000    -0.159556
0.195000    -0.160019
0.196000    -0.160680
0.197000    -0.160959
0.198000    -0.161126
0.199000    -0.161397
0.200000    -0.163659
0.201000    -0.163969
0.202000    -0.163988
0.203000    -0.164003
0.204000    -0.163713
0.205000    -0.163506
0.206000    -0.163055
0.207000    -0.162609
0.208000    -0.162016
0.209000    -0.161379
0.210000    -0.160898
0.211000    -0.160096
0.212000    -0.159410
0.213000    -0.158714
0.214000    -0.157850
0.215000    -0.157005
0.216000    -0.156082
0.217000    -0.154906
0.218000    -0.154055
0.219000    -0.153012
0.220000    -0.151895
0.221000    -0.150726
0.222000    -0.149680
0.223000    -0.148501
0.224000    -0.147285
0.225000    -0.146160
0.226000    -0.144826
0.227000    -0.143599
0.228000    -0.142278
0.229000    -0.140753
0.230000    -0.139471
0.231000    -0.138096
0.232000    -0.136655
0.233000    -0.135387
0.234000    -0.133886
0.235000    -0.132514
0.236000    -0.131150
0.237000    -0.129684
0.238000    -0.128004
0.239000    -0.126485
0.240000    -0.124917
0.241000    -0.123393
0.242000    -0.121805
0.243000    -0.120195
0.244000    -0.118572
0.245000    -0.116798
0.246000    -0.115145
0.247000    -0.113417
0.248000    -0.111615
0.249000    -0.109900
0.250000    -0.107950
0.251000    -0.106394
0.252000    -0.104677
0.253000    -0.102984
0.254000    -0.101220
0.255000    -0.099345
0.256000    -0.097502
0.257000    -0.095756
0.258000    -0.094017
0.259000    -0.092207
0.260000    -0.090480
0.261000    -0.088663
0.262000    -0.086841
0.263000    -0.085205
0.264000    -0.083483
0.265000    -0.081682
0.266000    -0.079900
0.267000    -0.078064
0.268000    -0.076479
0.269000    -0.074794
0.270000    -0.073113
0.271000    -0.071386
0.272000    -0.069808
0.273000    -0.068200
0.274000    -0.066631
0.275000    -0.065024
0.276000    -0.063417
0.277000    -0.061775
0.278000    -0.060234
0.279000    -0.058502
0.280000    -0.056993
0.281000    -0.055455
0.282000    -0.053836
0.283000    -0.052371
0.284000    -0.050903
0.285000    -0.049483
0.286000    -0.048027
0.287000    -0.046653
0.288000    -0.045016
0.289000    -0.043640
0.290000    -0.042271
0.291000    -0.040837
0.292000    -0.039466
0.293000    -0.038093
0.294000    -0.036671
0.295000    -0.035275
0.296000    -0.033767
0.297000    -0.032448
0.298000    -0.031075
0.299000    -0.029652
0.300000    -0.026107
0.301000    -0.024850
0.302000    -0.023634
0.303000    -0.022374
0.304000    -0.021300
0.305000    -0.019874
0.306000    -0.018627
0.307000    -0.017447
0.308000    -0.016374
0.309000    -0.015216
0.310000    -0.014030
0.311000    -0.012901
0.312000    -0.011679
0.313000    -0.010660
0.314000    -0.009554
0.315000    -0.008336
0.316000    -0.007154
0.317000    -0.006127
0.318000    -0.005163
0.319000    -0.004182
0.320000    -0.003208
0.321000    -0.002184
0.322000    -0.001263
0.323000    -0.000481
0.324000    0.000411
0.325000    0.001302
0.326000    0.002121
0.327000    0.003146
0.328000    0.003893
0.329000    0.004706
0.330000    0.005504
0.331000    0.006314
0.332000    0.007186
0.333000    0.007995
0.334000    0.008709
0.335000    0.009418
0.336000    0.010177
0.337000    0.010865
0.338000    0.011682
0.339000    0.012385
0.340000    0.013079
0.341000    0.013766
0.342000    0.014381
0.343000    0.014949
0.344000    0.015583
0.345000    0.016115
0.346000    0.016756
0.347000    0.017288
0.348000    0.017764
0.349000    0.018376
0.350000    0.020603
0.351000    0.021204
0.352000    0.021646
0.353000    0.022142
0.354000    0.022363
0.355000    0.022809
0.356000    0.023230
0.357000    0.023564
0.358000    0.023807
0.359000    0.024194
0.360000    0.024570
0.361000    0.024830
0.362000    0.025239
0.363000    0.025504
0.364000    0.025851
0.365000    0.026201
0.366000    0.026514
0.367000    0.026686
0.368000    0.026902
0.369000    0.027062
0.370000    0.027261
0.371000    0.027493
0.372000    0.027695
0.373000    0.027693
0.374000    0.027965
0.375000    0.028126
0.376000    0.028270
0.377000    0.028473
0.378000    0.028569
0.379000    0.028503
0.380000    0.028553
0.381000    0.028627
0.382000    0.028694
0.383000    0.028786
0.384000    0.028834
0.385000    0.028805
0.386000    0.028876
0.387000    0.028989
0.388000    0.028993
0.389000    0.029047
0.390000    0.029139
0.391000    0.029088
0.392000    0.029039
0.393000    0.028953
0.394000    0.028873
0.395000    0.028704
0.396000    0.028607
0.397000    0.028526
0.398000    0.028371
0.399000    0.028282
0.400000    0.028154
0.401000    0.028223
0.402000    0.028087
0.403000    0.027974
0.404000    0.027723
0.405000    0.027491
0.406000    0.027358
0.407000    0.027126
0.408000    0.026860
0.409000    0.026791
0.410000    0.026673
0.411000    0.026467
0.412000    0.026400
0.413000    0.026239
0.414000    0.026159
0.415000    0.026010
0.416000    0.025812
0.417000    0.025586
0.418000    0.025427
0.419000    0.025198
0.420000    0.025102
0.421000    0.024983
0.422000    0.024913
0.423000    0.024661
0.424000    0.024664
0.425000    0.024561
0.426000    0.024504
0.427000    0.024343
0.428000    0.024305
0.429000    0.024003
0.430000    0.023834
0.431000    0.023727
0.432000    0.023642
0.433000    0.023485
0.434000    0.023433
0.435000    0.023329
0.436000    0.023267
0.437000    0.023274
0.438000    0.023179
0.439000    0.023181
0.440000    0.023206
0.441000    0.023070
0.442000    0.022970
0.443000    0.022871
0.444000    0.022750
0.445000    0.022644
0.446000    0.022596
0.447000    0.022568
0.448000    0.022538
0.449000    0.022482
0.450000    0.020529
0.451000    0.020631
0.452000    0.020604
0.453000    0.020620
0.454000    0.020642
0.455000    0.020469
0.456000    0.020474
0.457000    0.020436
0.458000    0.020319
0.459000    0.020379
0.460000    0.020375
0.461000    0.020399
0.462000    0.020507
0.463000    0.020544
0.464000    0.020603
0.465000    0.020567
0.466000    0.020500
0.467000    0.020470
0.468000    0.020561
0.469000    0.020517
0.470000    0.020664
0.471000    0.020732
0.472000    0.020902
0.473000    0.021012
0.474000    0.021189
0.475000    0.021300
0.476000    0.021485
0.477000    0.021603
0.478000    0.021837
0.479000    0.021889
0.480000    0.022071
0.481000    0.022221
0.482000    0.022453
0.483000    0.022551
0.484000    0.022794
0.485000    0.023041
0.486000    0.023245
0.487000    0.023499
0.488000    0.023777
0.489000    0.024069
0.490000    0.024400
0.491000    0.024576
0.492000    0.024790
0.493000    0.024992
0.494000    0.025189
0.495000    0.025475
0.496000    0.025801
0.497000    0.026132
0.498000    0.026462
0.499000    0.026763
0.500000    0.023673
0.501000    0.024099
0.502000    0.024444
0.503000    0.024791
0.504000    0.025204
0.505000    0.025359
0.506000    0.025671
0.507000    0.026038
0.508000    0.026232
0.509000    0.026519
0.510000    0.026886
0.511000    0.027227
0.512000    0.027666
0.513000    0.028057
0.514000    0.028437
0.515000    0.028663
0.516000    0.028897
0.517000    0.029166
0.518000    0.029602
0.519000    0.029843
0.520000    0.030250
0.521000    0.030577
0.522000    0.030931
0.523000    0.031357
0.524000    0.031753
0.525000    0.032104
0.526000    0.032489
0.527000    0.032834
0.528000    0.033211
0.529000    0.033508
0.530000    0.033945
0.531000    0.034171
0.532000    0.034527
0.533000    0.034838
0.534000    0.035172
0.535000    0.035522
0.536000    0.035838
0.537000    0.036171
0.538000    0.036490
0.539000    0.036758
0.540000    0.037075
0.541000    0.037287
0.542000    0.037504
0.543000    0.037673
0.544000    0.037870
0.545000    0.038092
0.546000    0.038326
0.547000    0.038575
0.548000    0.038696
0.549000    0.038907
0.550000    0.037504
0.551000    0.037794
0.552000    0.038025
0.553000    0.038199
0.554000    0.038324
0.555000    0.038325
0.556000    0.038376
0.557000    0.038534
0.558000    0.038533
0.559000    0.038481
0.560000    0.038666
0.561000    0.038739
0.562000    0.038918
0.563000    0.039146
0.564000    0.039277
0.565000    0.039249
0.566000    0.039264
0.567000    0.039277
0.568000    0.039384
0.569000    0.039380
0.570000    0.039457
0.571000    0.039475
0.572000    0.039545
0.573000    0.039710
0.574000    0.039755
0.575000    0.039818
0.576000    0.039919
0.577000    0.039934
0.578000    0.040029
0.579000    0.040030
0.580000    0.040128
0.581000    0.040057
0.582000    0.040062
0.583000    0.040090
0.584000    0.040055
0.585000    0.040032
0.586000    0.040071
0.587000    0.040143
0.588000    0.040027
0.589000    0.039994
0.590000    0.039979
0.591000    0.039877
0.592000    0.039820
0.593000    0.039678
0.594000    0.039500
0.595000    0.039348
0.596000    0.039217
0.597000    0.039116
0.598000    0.038897
0.599000    0.038727
0.600000    0.038533
0.601000    0.038470
0.602000    0.038325
0.603000    0.038125
0.604000    0.037859
0.605000    0.037571
0.606000    0.037297
0.607000    0.037148
0.608000    0.036957
0.609000    0.036633
0.610000    0.036465
0.611000    0.036253
0.612000    0.036114
0.613000    0.036080
0.614000    0.035968
0.615000    0.035753
0.616000    0.035503
0.617000    0.035366
0.618000    0.035249
0.619000    0.035035
0.620000    0.034879
0.621000    0.034685
0.622000    0.034639
0.623000    0.034589
0.624000    0.034376
0.625000    0.034229
0.626000    0.034202
0.627000    0.034039
0.628000    0.033971
0.629000    0.033815
0.630000    0.033757
0.631000    0.033591
0.632000    0.033424
0.633000    0.033295
0.634000    0.033160
0.635000    0.033082
0.636000    0.032995
0.637000    0.032937
0.638000    0.032652
0.639000    0.032480
0.640000    0.032362
0.641000    0.032271
0.642000    0.032121
0.643000    0.031994
0.644000    0.031803
0.645000    0.031631
0.646000    0.031461
0.647000    0.031377
0.648000    0.031217
0.649000    0.030977
0.650000    0.030066
0.651000    0.029853
0.652000    0.029579
0.653000    0.029277
0.654000    0.028991
0.655000    0.028754
0.656000    0.028488
0.657000    0.028256
0.658000    0.028078
0.659000    0.027819
0.660000    0.027649
0.661000    0.027393
0.662000    0.027222
0.663000    0.027121
0.664000    0.026959
0.665000    0.026713
0.666000    0.026436
0.667000    0.026331
0.668000    0.026169
0.669000    0.025926
0.670000    0.025767
0.671000    0.025560
0.672000    0.025485
0.673000    0.025336
0.674000    0.025129
0.675000    0.024933
0.676000    0.024828
0.677000    0.024690
0.678000    0.024615
0.679000    0.024452
0.680000    0.024321
0.681000    0.024173
0.682000    0.024042
0.683000    0.023847
0.684000    0.023720
0.685000    0.023618
0.686000    0.023494
0.687000    0.023353
0.688000    0.023157
0.689000    0.022955
0.690000    0.022841
0.691000    0.022830
0.692000    0.022671
0.693000    0.022588
0.694000    0.022506
0.695000    0.022403
0.696000    0.022356
0.697000    0.022315
0.698000    0.022326
0.699000    0.022174
0.700000    0.021970
0.701000    0.021873
0.702000    0.021745
0.703000    0.021581
0.704000    0.021351
0.705000    0.021249
0.706000    0.021161
0.707000    0.020860
0.708000    0.020773
0.709000    0.020705
0.710000    0.020627
0.711000    0.020410
0.712000    0.020367
0.713000    0.020281
0.714000    0.020184
0.715000    0.020096
0.716000    0.019973
0.717000    0.019813
0.718000    0.019699
0.719000    0.019536
0.720000    0.019542
0.721000    0.019476
0.722000    0.019512
0.723000    0.019317
0.724000    0.019276
0.725000    0.019223
0.726000    0.019059
0.727000    0.019016
0.728000    0.019004
0.729000    0.018914
0.730000    0.018850
0.731000    0.018855
0.732000    0.018881
0.733000    0.018845
0.734000    0.018785
0.735000    0.018794
0.736000    0.018754
0.737000    0.018791
0.738000    0.018743
0.739000    0.018687
0.740000    0.018723
0.741000    0.018850
0.742000    0.018896
0.743000    0.018990
0.744000    0.019050
0.745000    0.019056
0.746000    0.019129
0.747000    0.019155
0.748000    0.019330
0.749000    0.019415
0.750000    0.021503
0.751000    0.021619
0.752000    0.021681
0.753000    0.021662
0.754000    0.021673
0.755000    0.021688
0.756000    0.021706
0.757000    0.021517
0.758000    0.021600
0.759000    0.021726
0.760000    0.021706
0.761000    0.021652
0.762000    0.021676
0.763000    0.021687
0.764000    0.021669
0.765000    0.021694
0.766000    0.021575
0.767000    0.021507
0.768000    0.021487
0.769000    0.021408
0.770000    0.021536
0.771000    0.021529
0.772000    0.021547
0.773000    0.021453
0.774000    0.021547
0.775000    0.021626
0.776000    0.021527
0.777000    0.021451
0.778000    0.021435
0.779000    0.021359
0.780000    0.021284
0.781000    0.021306
0.782000    0.021268
0.783000    0.021280
0.784000    0.021133
0.785000    0.021113
0.786000    0.020997
0.787000    0.021001
0.788000    0.020945
0.789000    0.020874
0.790000    0.020868
0.791000    0.020867
0.792000    0.020862
0.793000    0.020869
0.794000    0.020794
0.795000    0.020694
0.796000    0.020604
0.797000    0.020445
0.798000    0.020391
0.799000    0.020354
0.800000    0.021570
0.801000    0.021488
0.802000    0.021386
0.803000    0.021146
0.804000    0.021091
0.805000    0.021000
0.806000    0.020844
0.807000    0.020577
0.808000    0.020574
0.809000    0.020569
0.810000    0.020403
0.811000    0.020291
0.812000    0.020113
0.813000    0.020054
0.814000    0.019940
0.815000    0.019834
0.816000    0.019576
0.817000    0.019504
0.818000    0.019410
0.819000    0.019312
0.820000    0.019296
0.821000    0.019162
0.822000    0.019068
0.823000    0.018956
0.824000    0.018995
0.825000    0.019013
0.826000    0.018820
0.827000    0.018549
0.828000    0.018457
0.829000    0.018313
0.830000    0.018181
0.831000    0.018100
0.832000    0.017848
0.833000    0.017806
0.834000    0.017537
0.835000    0.017406
0.836000    0.017252
0.837000    0.017160
0.838000    0.016947
0.839000    0.016770
0.840000    0.016645
0.841000    0.016457
0.842000    0.016384
0.843000    0.016230
0.844000    0.015931
0.845000    0.015726
0.846000    0.015411
0.847000    0.015107
0.848000    0.014816
0.849000    0.014598
0.850000    0.014928
0.851000    0.014681
0.852000    0.014413
0.853000    0.014021
0.854000    0.013871
0.855000    0.013660
0.856000    0.013378
0.857000    0.013088
0.858000    0.012978
0.859000    0.012854
0.860000    0.012626
0.861000    0.012430
0.862000    0.012099
0.863000    0.011962
0.864000    0.011801
0.865000    0.011594
0.866000    0.011288
0.867000    0.011223
0.868000    0.011137
0.869000    0.011033
0.870000    0.010896
0.871000    0.010796
0.872000    0.010682
0.873000    0.010609
0.874000    0.010626
0.875000    0.010628
0.876000    0.010495
0.877000    0.010150
0.878000    0.010001
0.879000    0.009857
0.880000    0.009716
0.881000    0.009616
0.882000    0.009287
0.883000    0.009273
0.884000    0.009067
0.885000    0.008935
0.886000    0.008820
0.887000    0.008702
0.888000    0.008575
0.889000    0.008390
0.890000    0.008263
0.891000    0.008117
0.892000    0.008039
0.893000    0.007887
0.894000    0.007659
0.895000    0.007516
0.896000    0.007253
0.897000    0.007005
0.898000    0.006734
0.899000    0.006551
0.900000    0.007409
0.901000    0.007128
0.902000    0.006913
0.903000    0.006555
0.904000    0.006493
0.905000    0.006333
0.906000    0.006028
0.907000    0.005878
0.908000    0.005776
0.909000    0.005659
0.910000    0.005431
0.911000    0.005249
0.912000    0.004983
0.913000    0.004819
0.914000    0.004634
0.915000    0.004400
0.916000    0.004223
0.917000    0.004138
0.918000    0.004030
0.919000    0.003942
0.920000    0.003740
0.921000    0.003682
0.922000    0.003491
0.923000    0.003414
0.924000    0.003319
0.925000    0.003234
0.926000    0.003081
0.927000    0.002764
0.928000    0.002555
0.929000    0.002364
0.930000    0.002140
0.931000    0.002000
0.932000    0.001685
0.933000    0.001612
0.934000    0.001436
0.935000    0.001206
0.936000    0.001088
0.937000    0.000904
0.938000    0.000805
0.939000    0.000620
0.940000    0.000476
0.941000    0.000276
0.942000    0.000138
0.943000    -0.000012
0.944000    -0.000235
0.945000    -0.000444
0.946000    -0.000638
0.947000    -0.000873
0.948000    -0.001128
0.949000    -0.001308
0.950000    -0.001847
0.951000    -0.002226
0.952000    -0.002470
0.953000    -0.002845
0.954000    -0.002958
0.955000    -0.003151
0.956000    -0.003497
0.957000    -0.003610
0.958000    -0.003795
0.959000    -0.003942
0.960000    -0.004242
0.961000    -0.004489
0.962000    -0.004795
0.963000    -0.005088
0.964000    -0.005329
0.965000    -0.005581
0.966000    -0.005724
0.967000    -0.005958
0.968000    -0.006206
0.969000    -0.006368
0.970000    -0.006624
0.971000    -0.006869
0.972000    -0.007232
0.973000    -0.007510
0.974000    -0.007809
0.975000    -0.008105
0.976000    -0.008483
0.977000    -0.008826
0.978000    -0.009186
0.979000    -0.009503
0.980000    -0.009868
0.981000    -0.010203
0.982000    -0.010628
0.983000    -0.010906
0.984000    -0.011235
0.985000    -0.011636
0.986000    -0.011920
0.987000    -0.012284
0.988000    -0.012562
0.989000    -0.012838
0.990000    -0.013186
0.991000    -0.013612
0.992000    -0.013924
0.993000    -0.014154
0.994000    -0.014500
0.995000    -0.014841
0.996000    -0.015135
0.997000    -0.015502
0.998000    -0.015892
0.999000    -0.016238
1.000000    -0.016895
1.001000    -0.017377
1.002000    -0.017743
1.003000    -0.018144
1.004000    -0.018424
1.005000    -0.018702
1.006000    -0.019079
1.007000    -0.019273
1.008000    -0.019580
1.009000    -0.019791
1.010000    -0.020067
1.011000    -0.020363
1.012000    -0.020706
1.013000    -0.021030
1.014000    -0.021250
1.015000    -0.021435
1.016000    -0.021567
1.017000    -0.021815
1.018000    -0.022084
1.019000    -0.022198
1.020000    -0.022342
1.021000    -0.022620
1.022000    -0.022961
1.023000    -0.023187
1.024000    -0.023420
1.025000    -0.023677
1.026000    -0.023988
1.027000    -0.024248
1.028000    -0.024467
1.029000    -0.024633
1.030000    -0.024848
1.031000    -0.025056
1.032000    -0.025279
1.033000    -0.025468
1.034000    -0.025666
1.035000    -0.025788
1.036000    -0.025920
1.037000    -0.026135
1.038000    -0.026264
1.039000    -0.026372
1.040000    -0.026587
1.041000    -0.026870
1.042000    -0.027002
1.043000    -0.027053
1.044000    -0.027176
1.045000    -0.027278
1.046000    -0.027365
1.047000    -0.027450
1.048000    -0.027628
1.049000    -0.027738
1.050000    -0.027085
1.051000    -0.027283
1.052000    -0.027418
1.053000    -0.027480
1.054000    -0.027546
1.055000    -0.027657
1.056000    -0.027701
1.057000    -0.027741
1.058000    -0.027821
1.059000    -0.027864
1.060000    -0.027821
1.061000    -0.027876
1.062000    -0.028000
1.063000    -0.028050
1.064000    -0.028040
1.065000    -0.028072
1.066000    -0.028052
1.067000    -0.028120
1.068000    -0.028185
1.069000    -0.028139
1.070000    -0.028063
1.071000    -0.028126
1.072000    -0.028232
1.073000    -0.028229
1.074000    -0.028266
1.075000    -0.028332
1.076000    -0.028395
1.077000    -0.028400
1.078000    -0.028372
1.079000    -0.028347
1.080000    -0.028291
1.081000    -0.028229
1.082000    -0.028142
1.083000    -0.028179
1.084000    -0.028122
1.085000    -0.027996
1.086000    -0.027888
1.087000    -0.027866
1.088000    -0.027715
1.089000    -0.027570
1.090000    -0.027590
1.091000    -0.027589
1.092000    -0.027467
1.093000    -0.027361
1.094000    -0.027212
1.095000    -0.027031
1.096000    -0.026900
1.097000    -0.026728
1.098000    -0.026523
1.099000    -0.026372
1.100000    -0.026242
1.101000    -0.026227
1.102000    -0.026169
1.103000    -0.025986
1.104000    -0.025828
1.105000    -0.025799
1.106000    -0.025636
1.107000    -0.025523
1.108000    -0.025324
1.109000    -0.025186
1.110000    -0.024952
1.111000    -0.024788
1.112000    -0.024682
1.113000    -0.024416
1.114000    -0.024103
1.115000    -0.024025
1.116000    -0.023807
1.117000    -0.023638
1.118000    -0.023435
1.119000    -0.023247
1.120000    -0.022921
1.121000    -0.022792
1.122000    -0.022673
1.123000    -0.022428
1.124000    -0.022176
1.125000    -0.022007
1.126000    -0.021810
1.127000    -0.021567
1.128000    -0.021280
1.129000    -0.021010
1.130000    -0.020779
1.131000    -0.020448
1.132000    -0.020080
1.133000    -0.019865
1.134000    -0.019473
1.135000    -0.019120
1.136000    -0.018730
1.137000    -0.018448
1.138000    -0.018104
1.139000    -0.017727
1.140000    -0.017526
1.141000    -0.017203
1.142000    -0.016829
1.143000    -0.016473
1.144000    -0.016160
1.145000    -0.015814
1.146000    -0.015522
1.147000    -0.015143
1.148000    -0.014776
1.149000    -0.014395
1.150000    -0.011449
1.151000    -0.011163
1.152000    -0.010936
1.153000    -0.010519
1.154000    -0.010102
1.155000    -0.009908
1.156000    -0.009524
1.157000    -0.009173
1.158000    -0.008762
1.159000    -0.008376
1.160000    -0.007976
1.161000    -0.007660
1.162000    -0.007430
1.163000    -0.007001
1.164000    -0.006466
1.165000    -0.006208
1.166000    -0.005864
1.167000    -0.005468
1.168000    -0.005105
1.169000    -0.004747
1.170000    -0.004258
1.171000    -0.003966
1.172000    -0.003560
1.173000    -0.003116
1.174000    -0.002653
1.175000    -0.002274
1.176000    -0.001827
1.177000    -0.001437
1.178000    -0.001018
1.179000    -0.000554
1.180000    -0.000202
1.181000    0.000310
1.182000    0.000762
1.183000    0.001241
1.184000    0.001754
1.185000    0.002276
1.186000    0.002851
1.187000    0.003379
1.188000    0.003802
1.189000    0.004289
1.190000    0.004634
1.191000    0.005178
1.192000    0.005761
1.193000    0.006320
1.194000    0.006725
1.195000    0.007159
1.196000    0.007502
1.197000    0.008036
1.198000    0.008439
1.199000    0.008955
1.200000    0.013579
1.201000    0.014108
1.202000    0.014498
1.203000    0.015026
1.204000    0.015656
1.205000    0.016086
1.206000    0.016669
1.207000    0.017339
1.208000    0.017917
1.209000    0.018495
1.210000    0.018992
1.211000    0.019446
1.212000    0.019763
1.213000    0.020189
1.214000    0.020765
1.215000    0.021183
1.216000    0.021544
1.217000    0.022156
1.218000    0.022649
1.219000    0.023169
1.220000    0.023669
1.221000    0.024183
1.222000    0.024775
1.223000    0.025395
1.224000    0.025975
1.225000    0.026444
1.226000    0.027070
1.227000    0.027466
1.228000    0.027944
1.229000    0.028517
1.230000    0.028892
1.231000    0.029365
1.232000    0.029785
1.233000    0.030377
1.234000    0.030782
1.235000    0.031268
1.236000    0.031856
1.237000    0.032367
1.238000    0.032798
1.239000    0.033140
1.240000    0.033486
1.241000    0.033893
1.242000    0.034427
1.243000    0.034916
1.244000    0.035275
1.245000    0.035596
1.246000    0.035811
1.247000    0.036275
1.248000    0.036464
1.249000    0.036814
1.250000    0.040326
1.251000    0.040776
1.252000    0.041064
1.253000    0.041419
1.254000    0.041984
1.255000    0.042335
1.256000    0.042788
1.257000    0.043388
1.258000    0.043817
1.259000    0.044275
1.260000    0.044601
1.261000    0.044952
1.262000    0.045108
1.263000    0.045277
1.264000    0.045551
1.265000    0.045852
1.266000    0.045978
1.267000    0.046424
1.268000    0.046725
1.269000    0.047131
1.270000    0.047312
1.271000    0.047708
1.272000    0.048116
1.273000    0.048613
1.274000    0.048871
1.275000    0.049194
1.276000    0.049504
1.277000    0.049681
1.278000    0.050035
1.279000    0.050377
1.280000    0.050669
1.281000    0.050899
1.282000    0.051018
1.283000    0.051366
1.284000    0.051476
1.285000    0.051522
1.286000    0.051910
1.287000    0.052115
1.288000    0.052391
1.289000    0.052394
1.290000    0.052554
1.291000    0.052587
1.292000    0.052831
1.293000    0.052940
1.294000    0.053072
1.295000    0.053172
1.296000    0.053190
1.297000    0.053459
1.298000    0.053492
1.299000    0.053579
1.300000    0.051811
1.301000    0.052037
1.302000    0.052114
1.303000    0.052224
1.304000    0.052470
1.305000    0.052578
1.306000    0.052780
1.307000    0.053026
1.308000    0.053151
1.309000    0.053285
1.310000    0.053412
1.311000    0.053487
1.312000    0.053498
1.313000    0.053431
1.314000    0.053501
1.315000    0.053639
1.316000    0.053741
1.317000    0.053837
1.318000    0.053948
1.319000    0.054177
1.320000    0.054041
1.321000    0.054274
1.322000    0.054450
1.323000    0.054727
1.324000    0.054694
1.325000    0.054825
1.326000    0.054770
1.327000    0.054698
1.328000    0.054755
1.329000    0.054735
1.330000    0.054796
1.331000    0.054784
1.332000    0.054587
1.333000    0.054735
1.334000    0.054638
1.335000    0.054385
1.336000    0.054535
1.337000    0.054556
1.338000    0.054604
1.339000    0.054387
1.340000    0.054364
1.341000    0.054237
1.342000    0.054248
1.343000    0.054126
1.344000    0.054062
1.345000    0.053948
1.346000    0.053787
1.347000    0.053847
1.348000    0.053764
1.349000    0.053708
1.350000    0.051609
1.351000    0.051569
1.352000    0.051535
1.353000    0.051418
1.354000    0.051421
1.355000    0.051371
1.356000    0.051336
1.357000    0.051292
1.358000    0.051284
1.359000    0.051215
1.360000    0.051126
1.361000    0.050983
1.362000    0.050946
1.363000    0.050743
1.364000    0.050724
1.365000    0.050717
1.366000    0.050785
1.367000    0.050688
1.368000    0.050695
1.369000    0.050803
1.370000    0.050625
1.371000    0.050730
1.372000    0.050700
1.373000    0.050695
1.374000    0.050571
1.375000    0.050557
1.376000    0.050323
1.377000    0.050049
1.378000    0.049892
1.379000    0.049561
1.380000    0.049324
1.381000    0.049132
1.382000    0.048770
1.383000    0.048725
1.384000    0.048542
1.385000    0.048129
1.386000    0.048037
1.387000    0.047873
1.388000    0.047582
1.389000    0.047183
1.390000    0.046957
1.391000    0.046686
1.392000    0.046468
1.393000    0.046234
1.394000    0.045899
1.395000    0.045560
1.396000    0.045175
1.397000    0.044923
1.398000    0.044590
1.399000    0.044349
1.400000    0.046902
1.401000    0.046548
1.402000    0.046278
1.403000    0.045897
1.404000    0.045675
1.405000    0.045347
1.406000    0.045034
1.407000    0.044658
1.408000    0.044460
1.409000    0.044228
1.410000    0.043876
1.411000    0.043517
1.412000    0.043235
1.413000    0.042894
1.414000    0.042690
1.415000    0.042406
1.416000    0.042203
1.417000    0.041904
1.418000    0.041703
1.419000    0.041522
1.420000    0.041322
1.421000    0.041110
1.422000    0.040880
1.423000    0.040590
1.424000    0.040311
1.425000    0.040142
1.426000    0.039754
1.427000    0.039273
1.428000    0.038948
1.429000    0.038379
1.430000    0.037901
1.431000    0.037533
1.432000    0.037003
1.433000    0.036667
1.434000    0.036368
1.435000    0.035908
1.436000    0.035612
1.437000    0.035283
1.438000    0.034661
1.439000    0.034136
1.440000    0.033657
1.441000    0.033320
1.442000    0.032969
1.443000    0.032679
1.444000    0.032204
1.445000    0.031789
1.446000    0.031318
1.447000    0.030897
1.448000    0.030454
1.449000    0.030122
1.450000    0.032581
1.451000    0.032106
1.452000    0.031622
1.453000    0.031134
1.454000    0.030795
1.455000    0.030365
1.456000    0.029933
1.457000    0.029448
1.458000    0.029183
1.459000    0.028896
1.460000    0.028525
1.461000    0.028119
1.462000    0.027672
1.463000    0.027358
1.464000    0.027067
1.465000    0.026719
1.466000    0.026323
1.467000    0.026045
1.468000    0.025870
1.469000    0.025547
1.470000    0.025336
1.471000    0.025046
1.472000    0.024826
1.473000    0.024520
1.474000    0.024247
1.475000    0.024075
1.476000    0.023711
1.477000    0.023242
1.478000    0.022933
1.479000    0.022500
1.480000    0.022097
1.481000    0.021769
1.482000    0.021234
1.483000    0.020875
1.484000    0.020590
1.485000    0.020258
1.486000    0.019910
1.487000    0.019567
1.488000    0.018952
1.489000    0.018546
1.490000    0.018152
1.491000    0.017874
1.492000    0.017604
1.493000    0.017255
1.494000    0.016895
1.495000    0.016593
1.496000    0.016211
1.497000    0.015838
1.498000    0.015425
1.499000    0.015150
1.500000    0.015126
1.501000    0.014789
1.502000    0.014430
1.503000    0.014003
1.504000    0.013669
1.505000    0.013270
1.506000    0.012918
1.507000    0.012583
1.508000    0.012322
1.509000    0.012040
1.510000    0.011809
1.511000    0.011545
1.512000    0.011191
1.513000    0.010933
1.514000    0.010723
1.515000    0.010522
1.516000    0.010213
1.517000    0.010158
1.518000    0.010175
1.519000    0.010016
1.520000    0.009838
1.521000    0.009851
1.522000    0.009850
1.523000    0.009840
1.524000    0.009833
1.525000    0.009867
1.526000    0.009819
1.527000    0.009605
1.528000    0.009526
1.529000    0.009534
1.530000    0.009519
1.531000    0.009539
1.532000    0.009413
1.533000    0.009419
1.534000    0.009451
1.535000    0.009479
1.536000    0.009465
1.537000    0.009477
1.538000    0.009397
1.539000    0.009423
1.540000    0.009467
1.541000    0.009511
1.542000    0.009546
1.543000    0.009531
1.544000    0.009584
1.545000    0.009673
1.546000    0.009649
1.547000    0.009689
1.548000    0.009692
1.549000    0.009786
1.550000    0.010149
1.551000    0.010235
1.552000    0.010402
1.553000    0.010503
1.554000    0.010593
1.555000    0.010594
1.556000    0.010695
1.557000    0.010851
1.558000    0.010989
1.559000    0.011026
1.560000    0.011155
1.561000    0.011308
1.562000    0.011406
1.563000    0.011429
1.564000    0.011506
1.565000    0.011566
1.566000    0.011642
1.567000    0.011822
1.568000    0.012177
1.569000    0.012322
1.570000    0.012448
1.571000    0.012853
1.572000    0.013097
1.573000    0.013465
1.574000    0.013768
1.575000    0.014077
1.576000    0.014384
1.577000    0.014536
1.578000    0.014715
1.579000    0.014984
1.580000    0.015201
1.581000    0.015500
1.582000    0.015777
1.583000    0.016014
1.584000    0.016239
1.585000    0.016493
1.586000    0.016700
1.587000    0.016923
1.588000    0.017373
1.589000    0.017679
1.590000    0.017998
1.591000    0.018262
1.592000    0.018458
1.593000    0.018615
1.594000    0.018829
1.595000    0.019100
1.596000    0.019325
1.597000    0.019513
1.598000    0.019732
1.599000    0.019898
1.600000    0.020454
1.601000    0.020607
1.602000    0.021019
1.603000    0.021224
1.604000    0.021636
1.605000    0.021860
1.606000    0.021966
1.607000    0.022297
1.608000    0.022643
1.609000    0.022738
1.610000    0.022751
1.611000    0.022968
1.612000    0.023137
1.613000    0.023176
1.614000    0.023250
1.615000    0.023323
1.616000    0.023427
1.617000    0.023477
1.618000    0.023796
1.619000    0.024000
1.620000    0.024144
1.621000    0.024330
1.622000    0.024464
1.623000    0.024663
1.624000    0.024879
1.625000    0.024977
1.626000    0.024969
1.627000    0.025018
1.628000    0.025122
1.629000    0.025159
1.630000    0.025231
1.631000    0.025331
1.632000    0.025370
1.633000    0.025556
1.634000    0.025648
1.635000    0.025694
1.636000    0.025763
1.637000    0.025833
1.638000    0.026000
1.639000    0.026108
1.640000    0.026294
1.641000    0.026395
1.642000    0.026492
1.643000    0.026580
1.644000    0.026597
1.645000    0.026825
1.646000    0.026930
1.647000    0.026877
1.648000    0.026968
1.649000    0.026913
1.650000    0.029208
1.651000    0.029202
1.652000    0.029536
1.653000    0.029570
1.654000    0.029937
1.655000    0.029989
1.656000    0.029954
1.657000    0.030133
1.658000    0.030302
1.659000    0.030384
1.660000    0.030316
1.661000    0.030373
1.662000    0.030467
1.663000    0.030494
1.664000    0.030610
1.665000    0.030633
1.666000    0.030659
1.667000    0.030633
1.668000    0.030860
1.669000    0.031088
1.670000    0.031273
1.671000    0.031367
1.672000    0.031533
1.673000    0.031640
1.674000    0.031881
1.675000    0.032059
1.676000    0.032006
1.677000    0.031818
1.678000    0.031924
1.679000    0.031954
1.680000    0.032026
1.681000    0.032167
1.682000    0.032093
1.683000    0.032332
1.684000    0.032427
1.685000    0.032620
1.686000    0.032798
1.687000    0.032894
1.688000    0.032927
1.689000    0.033053
1.690000    0.033146
1.691000    0.033320
1.692000    0.033443
1.693000    0.033643
1.694000    0.033745
1.695000    0.034111
1.696000    0.034380
1.697000    0.034470
1.698000    0.034729
1.699000    0.034950
1.700000    0.041001
1.701000    0.041129
1.702000    0.041480
1.703000    0.041667
1.704000    0.042114
1.705000    0.042286
1.706000    0.042559
1.707000    0.042961
1.708000    0.043357
1.709000    0.043623
1.710000    0.043844
1.711000    0.044089
1.712000    0.044428
1.713000    0.044723
1.714000    0.045115
1.715000    0.045299
1.716000    0.045651
1.717000    0.045901
1.718000    0.046397
1.719000    0.046849
1.720000    0.047170
1.721000    0.047552
1.722000    0.048031
1.723000    0.048507
1.724000    0.048940
1.725000    0.049327
1.726000    0.049510
1.727000    0.049586
1.728000    0.049991
1.729000    0.050190
1.730000    0.050401
1.731000    0.050838
1.732000    0.051048
1.733000    0.051425
1.734000    0.051769
1.735000    0.052153
1.736000    0.052618
1.737000    0.052909
1.738000    0.053227
1.739000    0.053589
1.740000    0.053785
1.741000    0.054221
1.742000    0.054484
1.743000    0.054912
1.744000    0.055235
1.745000    0.055775
1.746000    0.056297
1.747000    0.056581
1.748000    0.057117
1.749000    0.057533
1.750000    0.062750
1.751000    0.063083
1.752000    0.063505
1.753000    0.063872
1.754000    0.064487
1.755000    0.064717
1.756000    0.065183
1.757000    0.065769
1.758000    0.066149
1.759000    0.066600
1.760000    0.066909
1.761000    0.067165
1.762000    0.067684
1.763000    0.067928
1.764000    0.068341
1.765000    0.068656
1.766000    0.069198
1.767000    0.069319
1.768000    0.069918
1.769000    0.070382
1.770000    0.070774
1.771000    0.071244
1.772000    0.071678
1.773000    0.072028
1.774000    0.072269
1.775000    0.072736
1.776000    0.072818
1.777000    0.073185
1.778000    0.073553
1.779000    0.073626
1.780000    0.073817
1.781000    0.074235
1.782000    0.074388
1.783000    0.074611
1.784000    0.074909
1.785000    0.075089
1.786000    0.075447
1.787000    0.075695
1.788000    0.075950
1.789000    0.076029
1.790000    0.076147
1.791000    0.076519
1.792000    0.076545
1.793000    0.076723
1.794000    0.076950
1.795000    0.077163
1.796000    0.077544
1.797000    0.077576
1.798000    0.077811
1.799000    0.077993
1.800000    0.082531
1.801000    0.082681
1.802000    0.082765
1.803000    0.082835
1.804000    0.083113
1.805000    0.083145
1.806000    0.083217
1.807000    0.083231
1.808000    0.083087
1.809000    0.083079
1.810000    0.082925
1.811000    0.082776
1.812000    0.082771
1.813000    0.082490
1.814000    0.082369
1.815000    0.082266
1.816000    0.082356
1.817000    0.081967
1.818000    0.081899
1.819000    0.081783
1.820000    0.081530
1.821000    0.081374
1.822000    0.081292
1.823000    0.081167
1.824000    0.080779
1.825000    0.080660
1.826000    0.080282
1.827000    0.080189
1.828000    0.079863
1.829000    0.079356
1.830000    0.078940
1.831000    0.078892
1.832000    0.078448
1.833000    0.078200
1.834000    0.077947
1.835000    0.077480
1.836000    0.077226
1.837000    0.077019
1.838000    0.076669
1.839000    0.076146
1.840000    0.075736
1.841000    0.075551
1.842000    0.075186
1.843000    0.074849
1.844000    0.074529
1.845000    0.074194
1.846000    0.073993
1.847000    0.073535
1.848000    0.073135
1.849000    0.072773
1.850000    0.079159
1.851000    0.078750
1.852000    0.078290
1.853000    0.077771
1.854000    0.077422
1.855000    0.077021
1.856000    0.076447
1.857000    0.075882
1.858000    0.075123
1.859000    0.074424
1.860000    0.073738
1.861000    0.073125
1.862000    0.072606
1.863000    0.071895
1.864000    0.071259
1.865000    0.070729
1.866000    0.070387
1.867000    0.069712
1.868000    0.069162
1.869000    0.068602
1.870000    0.067790
1.871000    0.067224
1.872000    0.066682
1.873000    0.066276
1.874000    0.065432
1.875000    0.064919
1.876000    0.064349
1.877000    0.063949
1.878000    0.063314
1.879000    0.062540
1.880000    0.061883
1.881000    0.061502
1.882000    0.060898
1.883000    0.060368
1.884000    0.059971
1.885000    0.059244
1.886000    0.058891
1.887000    0.058471
1.888000    0.057858
1.889000    0.057151
1.890000    0.056696
1.891000    0.056220
1.892000    0.055814
1.893000    0.055315
1.894000    0.054920
1.895000    0.054424
1.896000    0.054027
1.897000    0.053624
1.898000    0.053072
1.899000    0.052763
1.900000    0.055157
1.901000    0.054760
1.902000    0.054350
1.903000    0.053871
1.904000    0.053471
1.905000    0.053108
1.906000    0.052686
1.907000    0.052298
1.908000    0.051680
1.909000    0.051103
1.910000    0.050659
1.911000    0.050269
1.912000    0.050007
1.913000    0.049558
1.914000    0.049184
1.915000    0.048838
1.916000    0.048679
1.917000    0.048320
1.918000    0.048006
1.919000    0.047655
1.920000    0.047205
1.921000    0.047077
1.922000    0.046840
1.923000    0.046666
1.924000    0.046193
1.925000    0.046036
1.926000    0.046034
1.927000    0.045958
1.928000    0.045663
1.929000    0.045342
1.930000    0.045047
1.931000    0.044890
1.932000    0.044790
1.933000    0.044619
1.934000    0.044666
1.935000    0.044382
1.936000    0.044403
1.937000    0.044355
1.938000    0.044246
1.939000    0.044088
1.940000    0.044151
1.941000    0.044072
1.942000    0.043951
1.943000    0.043939
1.944000    0.043932
1.945000    0.043798
1.946000    0.043704
1.947000    0.043650
1.948000    0.043456
1.949000    0.043545
1.950000    0.043138
1.951000    0.043107
1.952000    0.042955
1.953000    0.042982
1.954000    0.042970
1.955000    0.043085
1.956000    0.043120
1.957000    0.043209
1.958000    0.043092
1.959000    0.043118
1.960000    0.043174
1.961000    0.043313
1.962000    0.043501
1.963000    0.043619
1.964000    0.043603
1.965000    0.043611
1.966000    0.043711
1.967000    0.043861
1.968000    0.043912
1.969000    0.043915
1.970000    0.043935
1.971000    0.044049
1.972000    0.044198
1.973000    0.044203
1.974000    0.044249
1.975000    0.044494
1.976000    0.044855
1.977000    0.045144
1.978000    0.045196
1.979000    0.045192
1.980000    0.045136
1.981000    0.045129
1.982000    0.045230
1.983000    0.045177
1.984000    0.045396
1.985000    0.045397
1.986000    0.045528
1.987000    0.045648
1.988000    0.045791
1.989000    0.045810
1.990000    0.045994
1.991000    0.046263
1.992000    0.046208
1.993000    0.046281
1.994000    0.046321
1.995000    0.046290
1.996000    0.046297
1.997000    0.046272
1.998000    0.046286
1.999000    0.046286
2.000000    0.042648
2.001000    0.042669
2.002000    0.042551
2.003000    0.042592
2.004000    0.042659
2.005000    0.042888
2.006000    0.042891
2.007000    0.042966
2.008000    0.042938
2.009000    0.043092
2.010000    0.043104
2.011000    0.043207
2.012000    0.043351
2.013000    0.043515
2.014000    0.043514
2.015000    0.043551
2.016000    0.043450
2.017000    0.043726
2.018000    0.043741
2.019000    0.043724
2.020000    0.043640
2.021000    0.043510
2.022000    0.043772
2.023000    0.043611
2.024000    0.043771
2.025000    0.043824
2.026000    0.044065
2.027000    0.044154
2.028000    0.044216
2.029000    0.044091
2.030000    0.044001
2.031000    0.043894
2.032000    0.043854
2.033000    0.043737
2.034000    0.043862
2.035000    0.043928
2.036000    0.043995
2.037000    0.044033
2.038000    0.043990
2.039000    0.043941
2.040000    0.043973
2.041000    0.044262
2.042000    0.044115
2.043000    0.044069
2.044000    0.043946
2.045000    0.043964
2.046000    0.043979
2.047000    0.043950
2.048000    0.044106
2.049000    0.044045
2.050000    0.038998
2.051000    0.039041
2.052000    0.038972
2.053000    0.038899
2.054000    0.038972
2.055000    0.039073
2.056000    0.039087
2.057000    0.039162
2.058000    0.039180
2.059000    0.039328
2.060000    0.039304
2.061000    0.039304
2.062000    0.039466
2.063000    0.039614
2.064000    0.039683
2.065000    0.039708
2.066000    0.039614
2.067000    0.039851
2.068000    0.039960
2.069000    0.039913
2.070000    0.039850
2.071000    0.039833
2.072000    0.040169
2.073000    0.040047
2.074000    0.040198
2.075000    0.040203
2.076000    0.040384
2.077000    0.040413
2.078000    0.040438
2.079000    0.040286
2.080000    0.040210
2.081000    0.040152
2.082000    0.040127
2.083000    0.040103
2.084000    0.040231
2.085000    0.040313
2.086000    0.040365
2.087000    0.040362
2.088000    0.040291
2.089000    0.040307
2.090000    0.040365
2.091000    0.040540
2.092000    0.040348
2.093000    0.040275
2.094000    0.040069
2.095000    0.040038
2.096000    0.040009
2.097000    0.039933
2.098000    0.040052
2.099000    0.040002
2.100000    0.036450
2.101000    0.036443
2.102000    0.036438
2.103000    0.036406
2.104000    0.036459
2.105000    0.036451
2.106000    0.036484
2.107000    0.036599
2.108000    0.036598
2.109000    0.036679
2.110000    0.036587
2.111000    0.036576
2.112000    0.036735
2.113000    0.036803
2.114000    0.036850
2.115000    0.036862
2.116000    0.036878
2.117000    0.037009
2.118000    0.037088
2.119000    0.037123
2.120000    0.037095
2.121000    0.037142
2.122000    0.037353
2.123000    0.037289
2.124000    0.037365
2.125000    0.037396
2.126000    0.037536
2.127000    0.037652
2.128000    0.037680
2.129000    0.037461
2.130000    0.037431
2.131000    0.037344
2.132000    0.037355
2.133000    0.037336
2.134000    0.037474
2.135000    0.037485
2.136000    0.037589
2.137000    0.037549
2.138000    0.037459
2.139000    0.037438
2.140000    0.037504
2.141000    0.037544
2.142000    0.037371
2.143000    0.037240
2.144000    0.037067
2.145000    0.036901
2.146000    0.036784
2.147000    0.036699
2.148000    0.036682
2.149000    0.036577
2.150000    0.027926
2.151000    0.027648
2.152000    0.027463
2.153000    0.027287
2.154000    0.027040
2.155000    0.026836
2.156000    0.026687
2.157000    0.026495
2.158000    0.026223
2.159000    0.026019
2.160000    0.025704
2.161000    0.025550
2.162000    0.025477
2.163000    0.025319
2.164000    0.025148
2.165000    0.024983
2.166000    0.024912
2.167000    0.024883
2.168000    0.024818
2.169000    0.024717
2.170000    0.024517
2.171000    0.024352
2.172000    0.024416
2.173000    0.024175
2.174000    0.024052
2.175000    0.024017
2.176000    0.024008
2.177000    0.023987
2.178000    0.023939
2.179000    0.023665
2.180000    0.023579
2.181000    0.023452
2.182000    0.023365
2.183000    0.023298
2.184000    0.023400
2.185000    0.023327
2.186000    0.023468
2.187000    0.023496
2.188000    0.023380
2.189000    0.023300
2.190000    0.023321
2.191000    0.023416
2.192000    0.023328
2.193000    0.023324
2.194000    0.023340
2.195000    0.023208
2.196000    0.023198
2.197000    0.023249
2.198000    0.023365
2.199000    0.023381
2.200000    0.014695
2.201000    0.014403
2.202000    0.014225
2.203000    0.014152
2.204000    0.013896
2.205000    0.013801
2.206000    0.013736
2.207000    0.013487
2.208000    0.013173
2.209000    0.013020
2.210000    0.012723
2.211000    0.012549
2.212000    0.012560
2.213000    0.012417
2.214000    0.012281
2.215000    0.012144
2.216000    0.012069
2.217000    0.012026
2.218000    0.011965
2.219000    0.011829
2.220000    0.011609
2.221000    0.011446
2.222000    0.011468
2.223000    0.011145
2.224000    0.011047
2.225000    0.010985
2.226000    0.011013
2.227000    0.011001
2.228000    0.010967
2.229000    0.010803
2.230000    0.010725
2.231000    0.010692
2.232000    0.010691
2.233000    0.010709
2.234000    0.010914
2.235000    0.010984
2.236000    0.011148
2.237000    0.011313
2.238000    0.011371
2.239000    0.011441
2.240000    0.011583
2.241000    0.011830
2.242000    0.011806
2.243000    0.012054
2.244000    0.012191
2.245000    0.012223
2.246000    0.012387
2.247000    0.012619
2.248000    0.012873
2.249000    0.013136
2.250000    0.011732
2.251000    0.011892
2.252000    0.011998
2.253000    0.012269
2.254000    0.012405
2.255000    0.012659
2.256000    0.012976
2.257000    0.013116
2.258000    0.013221
2.259000    0.013487
2.260000    0.013593
2.261000    0.013703
2.262000    0.013942
2.263000    0.013997
2.264000    0.014129
2.265000    0.014237
2.266000    0.014268
2.267000    0.014299
2.268000    0.014287
2.269000    0.014374
2.270000    0.014420
2.271000    0.014520
2.272000    0.014651
2.273000    0.014495
2.274000    0.014495
2.275000    0.014453
2.276000    0.014495
2.277000    0.014676
2.278000    0.014680
2.279000    0.014580
2.280000    0.014569
2.281000    0.014625
2.282000    0.014693
2.283000    0.014684
2.284000    0.014778
2.285000    0.014870
2.286000    0.014865
2.287000    0.014914
2.288000    0.014991
2.289000    0.015138
2.290000    0.015305
2.291000    0.015367
2.292000    0.015330
2.293000    0.015417
2.294000    0.015385
2.295000    0.015473
2.296000    0.015513
2.297000    0.015552
2.298000    0.015676
2.299000    0.015798
2.300000    0.018588
2.301000    0.018782
2.302000    0.019038
2.303000    0.019351
2.304000    0.019717
2.305000    0.019916
2.306000    0.020291
2.307000    0.020591
2.308000    0.020826
2.309000    0.021102
2.310000    0.021298
2.311000    0.021616
2.312000    0.021874
2.313000    0.022100
2.314000    0.022215
2.315000    0.022414
2.316000    0.022603
2.317000    0.022599
2.318000    0.022749
2.319000    0.022980
2.320000    0.023164
2.321000    0.023290
2.322000    0.023398
2.323000    0.023523
2.324000    0.023639
2.325000    0.023762
2.326000    0.023738
2.327000    0.024010
2.328000    0.024071
2.329000    0.023992
2.330000    0.024019
2.331000    0.024099
2.332000    0.024175
2.333000    0.024099
2.334000    0.024106
2.335000    0.024190
2.336000    0.024123
2.337000    0.024123
2.338000    0.024102
2.339000    0.024174
2.340000    0.024199
2.341000    0.024178
2.342000    0.024071
2.343000    0.023968
2.344000    0.023810
2.345000    0.023777
2.346000    0.023714
2.347000    0.023556
2.348000    0.023546
2.349000    0.023549
2.350000    0.025957
2.351000    0.026073
2.352000    0.026220
2.353000    0.026284
2.354000    0.026526
2.355000    0.026661
2.356000    0.026877
2.357000    0.027039
2.358000    0.027241
2.359000    0.027394
2.360000    0.027471
2.361000    0.027697
2.362000    0.027798
2.363000    0.027920
2.364000    0.028026
2.365000    0.028080
2.366000    0.028033
2.367000    0.028073
2.368000    0.028164
2.369000    0.028238
2.370000    0.028317
2.371000    0.028329
2.372000    0.028392
2.373000    0.028453
2.374000    0.028648
2.375000    0.028675
2.376000    0.028675
2.377000    0.028869
2.378000    0.028839
2.379000    0.028741
2.380000    0.028693
2.381000    0.028800
2.382000    0.028751
2.383000    0.028699
2.384000    0.028723
2.385000    0.028794
2.386000    0.028680
2.387000    0.028659
2.388000    0.028682
2.389000    0.028711
2.390000    0.028768
2.391000    0.028914
2.392000    0.028911
2.393000    0.028843
2.394000    0.028621
2.395000    0.028675
2.396000    0.028562
2.397000    0.028446
2.398000    0.028501
2.399000    0.028555
2.400000    0.035932
2.401000    0.035948
2.402000    0.036047
2.403000    0.035835
2.404000    0.035897
2.405000    0.035832
2.406000    0.035900
2.407000    0.035855
2.408000    0.035819
2.409000    0.035658
2.410000    0.035552
2.411000    0.035414
2.412000    0.035339
2.413000    0.035089
2.414000    0.035074
2.415000    0.034762
2.416000    0.034507
2.417000    0.034187
2.418000    0.034018
2.419000    0.033821
2.420000    0.033759
2.421000    0.033484
2.422000    0.033169
2.423000    0.032800
2.424000    0.032765
2.425000    0.032382
2.426000    0.032027
2.427000    0.031768
2.428000    0.031298
2.429000    0.030742
2.430000    0.030189
2.431000    0.029916
2.432000    0.029450
2.433000    0.029109
2.434000    0.028794
2.435000    0.028516
2.436000    0.027967
2.437000    0.027582
2.438000    0.027173
2.439000    0.026700
2.440000    0.026254
2.441000    0.026117
2.442000    0.025794
2.443000    0.025435
2.444000    0.024855
2.445000    0.024519
2.446000    0.024008
2.447000    0.023527
2.448000    0.023184
2.449000    0.022800
2.450000    0.036493
2.451000    0.035874
2.452000    0.035485
2.453000    0.034741
2.454000    0.034201
2.455000    0.033553
2.456000    0.033020
2.457000    0.032301
2.458000    0.031690
2.459000    0.030918
2.460000    0.030187
2.461000    0.029455
2.462000    0.028766
2.463000    0.027882
2.464000    0.027311
2.465000    0.026469
2.466000    0.025697
2.467000    0.024838
2.468000    0.024256
2.469000    0.023486
2.470000    0.022985
2.471000    0.022216
2.472000    0.021393
2.473000    0.020481
2.474000    0.019910
2.475000    0.019038
2.476000    0.018222
2.477000    0.017305
2.478000    0.016358
2.479000    0.015433
2.480000    0.014363
2.481000    0.013586
2.482000    0.012650
2.483000    0.011886
2.484000    0.011105
2.485000    0.010356
2.486000    0.009364
2.487000    0.008546
2.488000    0.007684
2.489000    0.006786
2.490000    0.005894
2.491000    0.005319
2.492000    0.004593
2.493000    0.003936
2.494000    0.003108
2.495000    0.002353
2.496000    0.001502
2.497000    0.000651
2.498000    -0.000207
2.499000    -0.000943
2.500000    0.013245
2.501000    0.012260
2.502000    0.011335
2.503000    0.010282
2.504000    0.009276
2.505000    0.008366
2.506000    0.007462
2.507000    0.006493
2.508000    0.005553
2.509000    0.004619
2.510000    0.003747
2.511000    0.002788
2.512000    0.001935
2.513000    0.000947
2.514000    0.000245
2.515000    -0.000793
2.516000    -0.001794
2.517000    -0.002570
2.518000    -0.003493
2.519000    -0.004345
2.520000    -0.005001
2.521000    -0.005989
2.522000    -0.006860
2.523000    -0.007905
2.524000    -0.008593
2.525000    -0.009503
2.526000    -0.010158
2.527000    -0.011049
2.528000    -0.011941
2.529000    -0.012543
2.530000    -0.013449
2.531000    -0.014202
2.532000    -0.014994
2.533000    -0.015612
2.534000    -0.016364
2.535000    -0.016907
2.536000    -0.017633
2.537000    -0.018320
2.538000    -0.018780
2.539000    -0.019384
2.540000    -0.020098
2.541000    -0.020417
2.542000    -0.020723
2.543000    -0.021218
2.544000    -0.021674
2.545000    -0.022036
2.546000    -0.022508
2.547000    -0.022836
2.548000    -0.023211
2.549000    -0.023642
2.550000    -0.008818
2.551000    -0.009136
2.552000    -0.009533
2.553000    -0.009880
2.554000    -0.010378
2.555000    -0.010609
2.556000    -0.010736
2.557000    -0.010838
2.558000    -0.010873
2.559000    -0.011040
2.560000    -0.011104
2.561000    -0.011190
2.562000    -0.011208
2.563000    -0.011241
2.564000    -0.010992
2.565000    -0.011030
2.566000    -0.011003
2.567000    -0.010638
2.568000    -0.010577
2.569000    -0.010422
2.570000    -0.010327
2.571000    -0.010328
2.572000    -0.010129
2.573000    -0.010083
2.574000    -0.009751
2.575000    -0.009672
2.576000    -0.009323
2.577000    -0.009269
2.578000    -0.009147
2.579000    -0.008732
2.580000    -0.008522
2.581000    -0.008359
2.582000    -0.008105
2.583000    -0.007622
2.584000    -0.007326
2.585000    -0.006944
2.586000    -0.006522
2.587000    -0.006263
2.588000    -0.005793
2.589000    -0.005624
2.590000    -0.005577
2.591000    -0.005009
2.592000    -0.004596
2.593000    -0.004289
2.594000    -0.003956
2.595000    -0.003638
2.596000    -0.003294
2.597000    -0.002761
2.598000    -0.002290
2.599000    -0.002132
2.600000    0.007494
2.601000    0.008042
2.602000    0.008455
2.603000    0.009089
2.604000    0.009375
2.605000    0.009918
2.606000    0.010450
2.607000    0.010974
2.608000    0.011512
2.609000    0.011936
2.610000    0.012233
2.611000    0.012609
2.612000    0.012909
2.613000    0.013272
2.614000    0.013743
2.615000    0.014140
2.616000    0.014387
2.617000    0.014848
2.618000    0.015145
2.619000    0.015381
2.620000    0.015447
2.621000    0.015654
2.622000    0.016048
2.623000    0.016059
2.624000    0.016286
2.625000    0.016187
2.626000    0.016349
2.627000    0.016307
2.628000    0.016215
2.629000    0.016278
2.630000    0.016283
2.631000    0.016187
2.632000    0.016193
2.633000    0.016353
2.634000    0.016350
2.635000    0.016308
2.636000    0.016239
2.637000    0.016004
2.638000    0.015909
2.639000    0.015615
2.640000    0.015200
2.641000    0.015050
2.642000    0.014639
2.643000    0.014322
2.644000    0.013865
2.645000    0.013429
2.646000    0.013044
2.647000    0.012777
2.648000    0.012361
2.649000    0.011765
2.650000    0.023268
2.651000    0.023315
2.652000    0.023183
2.653000    0.023234
2.654000    0.023039
2.655000    0.022899
2.656000    0.022737
2.657000    0.022541
2.658000    0.022299
2.659000    0.022011
2.660000    0.021624
2.661000    0.021270
2.662000    0.020640
2.663000    0.020186
2.664000    0.019724
2.665000    0.019288
2.666000    0.018668
2.667000    0.018040
2.668000    0.017429
2.669000    0.016788
2.670000    0.016104
2.671000    0.015451
2.672000    0.015024
2.673000    0.014059
2.674000    0.013246
2.675000    0.012201
2.676000    0.011333
2.677000    0.010418
2.678000    0.009413
2.679000    0.008583
2.680000    0.007704
2.681000    0.006762
2.682000    0.005862
2.683000    0.005115
2.684000    0.004166
2.685000    0.003250
2.686000    0.002234
2.687000    0.001251
2.688000    0.000281
2.689000    -0.000690
2.690000    -0.001876
2.691000    -0.002873
2.692000    -0.004003
2.693000    -0.005111
2.694000    -0.006292
2.695000    -0.007417
2.696000    -0.008549
2.697000    -0.009526
2.698000    -0.010676
2.699000    -0.012014
2.700000    0.003026
2.701000    0.002340
2.702000    0.001399
2.703000    0.000801
2.704000    -0.000140
2.705000    -0.000976
2.706000    -0.001830
2.707000    -0.002602
2.708000    -0.003401
2.709000    -0.004166
2.710000    -0.005097
2.711000    -0.006014
2.712000    -0.007007
2.713000    -0.007857
2.714000    -0.008827
2.715000    -0.009517
2.716000    -0.010381
2.717000    -0.011156
2.718000    -0.012216
2.719000    -0.013088
2.720000    -0.014259
2.721000    -0.015020
2.722000    -0.015577
2.723000    -0.016601
2.724000    -0.017634
2.725000    -0.018667
2.726000    -0.019385
2.727000    -0.020101
2.728000    -0.020805
2.729000    -0.021570
2.730000    -0.022024
2.731000    -0.022887
2.732000    -0.023472
2.733000    -0.024014
2.734000    -0.024551
2.735000    -0.025177
2.736000    -0.025605
2.737000    -0.026041
2.738000    -0.026469
2.739000    -0.026827
2.740000    -0.027196
2.741000    -0.027736
2.742000    -0.028295
2.743000    -0.028953
2.744000    -0.029461
2.745000    -0.029852
2.746000    -0.030254
2.747000    -0.030243
2.748000    -0.030395
2.749000    -0.030956
2.750000    -0.042612
2.751000    -0.042428
2.752000    -0.042610
2.753000    -0.042366
2.754000    -0.042535
2.755000    -0.042590
2.756000    -0.042435
2.757000    -0.042291
2.758000    -0.041968
2.759000    -0.041610
2.760000    -0.041500
2.761000    -0.041409
2.762000    -0.041013
2.763000    -0.040760
2.764000    -0.040674
2.765000    -0.039957
2.766000    -0.039255
2.767000    -0.038624
2.768000    -0.038389
2.769000    -0.037846
2.770000    -0.037951
2.771000    -0.037133
2.772000    -0.036398
2.773000    -0.035619
2.774000    -0.035350
2.775000    -0.034590
2.776000    -0.033985
2.777000    -0.033176
2.778000    -0.032135
2.779000    -0.031656
2.780000    -0.030475
2.781000    -0.029818
2.782000    -0.028960
2.783000    -0.028249
2.784000    -0.027310
2.785000    -0.026776
2.786000    -0.025611
2.787000    -0.024632
2.788000    -0.023826
2.789000    -0.023166
2.790000    -0.022116
2.791000    -0.021481
2.792000    -0.020796
2.793000    -0.020017
2.794000    -0.019062
2.795000    -0.018287
2.796000    -0.017344
2.797000    -0.016181
2.798000    -0.015042
2.799000    -0.014132
2.800000    -0.053410
2.801000    -0.051912
2.802000    -0.050450
2.803000    -0.048910
2.804000    -0.047507
2.805000    -0.046008
2.806000    -0.044516
2.807000    -0.043355
2.808000    -0.041985
2.809000    -0.040501
2.810000    -0.039001
2.811000    -0.037672
2.812000    -0.036115
2.813000    -0.034793
2.814000    -0.033327
2.815000    -0.031735
2.816000    -0.030134
2.817000    -0.028725
2.818000    -0.027238
2.819000    -0.025710
2.820000    -0.024216
2.821000    -0.022598
2.822000    -0.021022
2.823000    -0.019563
2.824000    -0.018100
2.825000    -0.016582
2.826000    -0.015079
2.827000    -0.013558
2.828000    -0.012022
2.829000    -0.010502
2.830000    -0.008967
2.831000    -0.007426
2.832000    -0.005924
2.833000    -0.004428
2.834000    -0.002938
2.835000    -0.001469
2.836000    0.000004
2.837000    0.001455
2.838000    0.002891
2.839000    0.004308
2.840000    0.005694
2.841000    0.007093
2.842000    0.008452
2.843000    0.009767
2.844000    0.011087
2.845000    0.012355
2.846000    0.013634
2.847000    0.014872
2.848000    0.016120
2.849000    0.017275
2.850000    0.021012
2.851000    0.022472
2.852000    0.023980
2.853000    0.025547
2.854000    0.026964
2.855000    0.028492
2.856000    0.029931
2.857000    0.031469
2.858000    0.032928
2.859000    0.034241
2.860000    0.035489
2.861000    0.036951
2.862000    0.037980
2.863000    0.039359
2.864000    0.040715
2.865000    0.041963
2.866000    0.042965
2.867000    0.044149
2.868000    0.045444
2.869000    0.046452
2.870000    0.047487
2.871000    0.048462
2.872000    0.049782
2.873000    0.050480
2.874000    0.051425
2.875000    0.051894
2.876000    0.052716
2.877000    0.053407
2.878000    0.053884
2.879000    0.054643
2.880000    0.055332
2.881000    0.055801
2.882000    0.056544
2.883000    0.057343
2.884000    0.057969
2.885000    0.058603
2.886000    0.059021
2.887000    0.059364
2.888000    0.059664
2.889000    0.060301
2.890000    0.060450
2.891000    0.060513
2.892000    0.060064
2.893000    0.059815
2.894000    0.059317
2.895000    0.059005
2.896000    0.058696
2.897000    0.058361
2.898000    0.057777
2.899000    0.056900
2.900000    0.130513
2.901000    0.131508
2.902000    0.131464
2.903000    0.132564
2.904000    0.133203
2.905000    0.133128
2.906000    0.132854
2.907000    0.133835
2.908000    0.133881
2.909000    0.134293
2.910000    0.133356
2.911000    0.132992
2.912000    0.132054
2.913000    0.132084
2.914000    0.129839
2.915000    0.129386
2.916000    0.128085
2.917000    0.126940
2.918000    0.124803
2.919000    0.123048
2.920000    0.119970
2.921000    0.118558
2.922000    0.116861
2.923000    0.115766
2.924000    0.113059
2.925000    0.111239
2.926000    0.109208
2.927000    0.107998
2.928000    0.106491
2.929000    0.102990
2.930000    0.101284
2.931000    0.097824
2.932000    0.095422
2.933000    0.091709
2.934000    0.089050
2.935000    0.085833
2.936000    0.083301
2.937000    0.080011
2.938000    0.076429
2.939000    0.073092
2.940000    0.069960
2.941000    0.065862
2.942000    0.061595
2.943000    0.057238
2.944000    0.053159
2.945000    0.048952
2.946000    0.044865
2.947000    0.040758
2.948000    0.036747
2.949000    0.032570
2.950000    0.000000
2.951000    0.000000
2.952000    0.000000
2.953000    0.000000
2.954000    0.000000
2.955000    0.000000
2.956000    0.000000
2.957000    0.000000
2.958000    0.000000
2.959000    0.000000
2.960000    0.000000
2.961000    0.000000
2.962000    0.000000
2.963000    0.000000
2.964000    0.000000
2.965000    0.000000
2.966000    0.000000
2.967000    0.000000
2.968000    0.000000
2.969000    0.000000
2.970000    0.000000
2.971000    0.000000
2.972000    0.000000
2.973000    0.000000
2.974000    0.000000
2.975000    0.000000
2.976000    0.000000
2.977000    0.000000
2.978000    0.000000
2.979000    0.000000
2.980000    0.000000
2.981000    0.000000
2.982000    0.000000
2.983000    0.000000
2.984000    0.000000
2.985000    0.000000
2.986000    0.000000
2.987000    0.000000
2.988000    0.000000
2.989000    0.000000
2.990000    0.000000
2.991000    0.000000
2.992000    0.000000
2.993000    0.000000
2.994000    0.000000
2.995000    0.000000
2.996000    0.000000
2.997000    0.000000
2.998000    0.000000
2.999000    0.000000
