  -2.0000000000000000        0.0000000000000000     
  -1.9930000000000001        0.0000000000000000     
  -1.9860000000000000        0.0000000000000000     
  -1.9790000000000001        0.0000000000000000     
  -1.9720000000000000        0.0000000000000000     
  -1.9650000000000001        0.0000000000000000     
  -1.9580000000000000        0.0000000000000000     
  -1.9510000000000001        0.0000000000000000     
  -1.9440000000000000        0.0000000000000000     
  -1.9370000000000001        0.0000000000000000     
  -1.9299999999999999        0.0000000000000000     
  -1.9230000000000000        0.0000000000000000     
  -1.9159999999999999        0.0000000000000000     
  -1.9090000000000000        0.0000000000000000     
  -1.9019999999999999        0.0000000000000000     
  -1.8950000000000000        0.0000000000000000     
  -1.8879999999999999        0.0000000000000000     
  -1.8810000000000000        0.0000000000000000     
  -1.8740000000000001        0.0000000000000000     
  -1.8670000000000000        0.0000000000000000     
  -1.8599999999999999        0.0000000000000000     
  -1.8530000000000000        0.0000000000000000     
  -1.8460000000000001        0.0000000000000000     
  -1.8390000000000000        0.0000000000000000     
  -1.8320000000000001        0.0000000000000000     
  -1.8250000000000000        0.0000000000000000     
  -1.8180000000000001        0.0000000000000000     
  -1.8109999999999999        0.0000000000000000     
  -1.8040000000000000        0.0000000000000000     
  -1.7969999999999999        0.0000000000000000     
  -1.7900000000000000        0.0000000000000000     
  -1.7829999999999999        0.0000000000000000     
  -1.7760000000000000        0.0000000000000000     
  -1.7689999999999999        0.0000000000000000     
  -1.7620000000000000        0.0000000000000000     
  -1.7549999999999999        0.0000000000000000     
  -1.7480000000000000        0.0000000000000000     
  -1.7410000000000001        0.0000000000000000     
  -1.7340000000000000        0.0000000000000000     
  -1.7269999999999999        0.0000000000000000     
  -1.7200000000000000        0.0000000000000000     
  -1.7130000000000001        0.0000000000000000     
  -1.7060000000000000        0.0000000000000000     
  -1.6990000000000001        0.0000000000000000     
  -1.6919999999999999        0.0000000000000000     
  -1.6850000000000001        0.0000000000000000     
  -1.6779999999999999        0.0000000000000000     
  -1.6710000000000000        0.0000000000000000     
  -1.6639999999999999        0.0000000000000000     
  -1.6570000000000000        0.0000000000000000     
  -1.6499999999999999        0.0000000000000000     
  -1.6430000000000000        0.0000000000000000     
  -1.6360000000000001        0.0000000000000000     
  -1.6290000000000000        0.0000000000000000     
  -1.6219999999999999        0.0000000000000000     
  -1.6150000000000000        0.0000000000000000     
  -1.6080000000000001        0.0000000000000000     
  -1.6010000000000000        0.0000000000000000     
  -1.5939999999999999        0.0000000000000000     
  -1.5870000000000000        0.0000000000000000     
  -1.5800000000000001        0.0000000000000000     
  -1.5730000000000000        0.0000000000000000     
  -1.5660000000000001        0.0000000000000000     
  -1.5589999999999999        0.0000000000000000     
  -1.5520000000000000        0.0000000000000000     
  -1.5449999999999999        0.0000000000000000     
  -1.5380000000000000        0.0000000000000000     
  -1.5309999999999999        0.0000000000000000     
  -1.5240000000000000        0.0000000000000000     
  -1.5169999999999999        0.0000000000000000     
  -1.5100000000000000        0.0000000000000000     
  -1.5030000000000001        0.0000000000000000     
  -1.4960000000000000        0.0000000000000000     
  -1.4889999999999999        0.0000000000000000     
  -1.4820000000000000        0.0000000000000000     
  -1.4750000000000001        0.0000000000000000     
  -1.4680000000000000        0.0000000000000000     
  -1.4609999999999999        0.0000000000000000     
  -1.4540000000000000        0.0000000000000000     
  -1.4470000000000001        0.0000000000000000     
  -1.4399999999999999        0.0000000000000000     
  -1.4329999999999998        0.0000000000000000     
  -1.4259999999999999        0.0000000000000000     
  -1.4190000000000000        0.0000000000000000     
  -1.4119999999999999        0.0000000000000000     
  -1.4050000000000000        0.0000000000000000     
  -1.3980000000000001        0.0000000000000000     
  -1.3910000000000000        0.0000000000000000     
  -1.3839999999999999        0.0000000000000000     
  -1.3770000000000000        0.0000000000000000     
  -1.3700000000000001        0.0000000000000000     
  -1.3630000000000000        0.0000000000000000     
  -1.3559999999999999        0.0000000000000000     
  -1.3490000000000000        0.0000000000000000     
  -1.3420000000000001        0.0000000000000000     
  -1.3350000000000000        0.0000000000000000     
  -1.3279999999999998        0.0000000000000000     
  -1.3210000000000000        0.0000000000000000     
  -1.3140000000000001        0.0000000000000000     
  -1.3069999999999999        0.0000000000000000     
  -1.2999999999999998        0.0000000000000000     
  -1.2930000000000001        0.0000000000000000     
  -1.2860000000000000        0.0000000000000000     
  -1.2789999999999999        0.0000000000000000     
  -1.2720000000000000        0.0000000000000000     
  -1.2650000000000001        0.0000000000000000     
  -1.2580000000000000        0.0000000000000000     
  -1.2509999999999999        0.0000000000000000     
  -1.2440000000000000        0.0000000000000000     
  -1.2370000000000001        0.0000000000000000     
  -1.2300000000000000        0.0000000000000000     
  -1.2229999999999999        0.0000000000000000     
  -1.2160000000000000        0.0000000000000000     
  -1.2090000000000001        0.0000000000000000     
  -1.2020000000000000        0.0000000000000000     
  -1.1949999999999998        0.0000000000000000     
  -1.1879999999999999        0.0000000000000000     
  -1.1810000000000000        0.0000000000000000     
  -1.1739999999999999        0.0000000000000000     
  -1.1670000000000000        0.0000000000000000     
  -1.1600000000000001        0.0000000000000000     
  -1.1530000000000000        0.0000000000000000     
  -1.1459999999999999        0.0000000000000000     
  -1.1390000000000000        0.0000000000000000     
  -1.1320000000000001        0.0000000000000000     
  -1.1250000000000000        0.0000000000000000     
  -1.1179999999999999        0.0000000000000000     
  -1.1110000000000000        0.0000000000000000     
  -1.1040000000000001        0.0000000000000000     
  -1.0970000000000000        0.0000000000000000     
  -1.0899999999999999        0.0000000000000000     
  -1.0830000000000000        0.0000000000000000     
  -1.0760000000000001        0.0000000000000000     
  -1.0690000000000000        0.0000000000000000     
  -1.0619999999999998        0.0000000000000000     
  -1.0549999999999999        0.0000000000000000     
  -1.0480000000000000        0.0000000000000000     
  -1.0409999999999999        0.0000000000000000     
  -1.0340000000000000        0.0000000000000000     
  -1.0270000000000001        0.0000000000000000     
  -1.0200000000000000        0.0000000000000000     
  -1.0129999999999999        0.0000000000000000     
  -1.0060000000000000        0.0000000000000000     
 -0.99899999999999989        49.648809539270594     
 -0.99199999999999999        51.460047926301769     
 -0.98499999999999988        53.319792155008159     
 -0.97799999999999998        55.228410412182249     
 -0.97100000000000009        57.186271491462008     
 -0.96399999999999997        59.193744407979125     
 -0.95700000000000007        61.251197697079689     
 -0.94999999999999996        63.359000000000002     
 -0.94300000000000006        65.517477169337724     
 -0.93599999999999994        67.726783297926659     
 -0.92900000000000005        69.987029308125955     
 -0.92199999999999993        72.298326700600782     
 -0.91500000000000004        74.660787245588367     
 -0.90799999999999992        77.074522111808434     
 -0.90100000000000002        79.539641683831320     
 -0.89399999999999991        82.056296526442836     
 -0.88700000000000001        84.624775806909454     
 -0.87999999999999989        87.245460775861815     
 -0.87300000000000000        89.918716663342323     
 -0.86599999999999988        92.644914385291827     
 -0.85899999999999999        95.424423882430645     
 -0.85199999999999987        98.257608092720659     
 -0.84499999999999997        101.14495934044952     
 -0.83800000000000008        104.08792387590717     
 -0.83099999999999996        107.08855964563026     
 -0.82400000000000007        110.14890832369085     
 -0.81699999999999995        113.27101859166957     
 -0.81000000000000005        116.45693788359596     
 -0.80299999999999994        119.70871386867948     
 -0.79600000000000004        123.02846317380691     
 -0.78899999999999992        126.41945168128510     
 -0.78200000000000003        129.88589848468456     
 -0.77499999999999991        133.43205499934774     
 -0.76800000000000002        137.06216865318123     
 -0.76099999999999990        140.78048896007797     
 -0.75400000000000000        144.59126861182978     
 -0.74699999999999989        148.49875998298219     
 -0.73999999999999999        152.50753583473281     
 -0.73299999999999987        156.62253108717587     
 -0.72599999999999998        160.84870402494465     
 -0.71900000000000008        165.19101612331596     
 -0.71199999999999997        169.65442482885916     
 -0.70500000000000007        174.24389541755360     
 -0.69799999999999995        178.96437638390802     
 -0.69100000000000006        183.82097687906915     
 -0.68399999999999994        188.81901299423379     
 -0.67700000000000005        193.96383651434965     
 -0.66999999999999993        199.26079753180369     
 -0.66300000000000003        204.71524367090672     
 -0.65599999999999992        210.33252703028361     
 -0.64900000000000002        216.11799583397908     
 -0.64199999999999990        222.07724645657436     
 -0.63500000000000001        228.21651363198703     
 -0.62799999999999989        234.54213848998188     
 -0.62100000000000000        241.06046008828648     
 -0.61399999999999988        247.77782067223018     
 -0.60699999999999998        254.70055676310898     
 -0.59999999999999987        261.83500000000015     
 -0.59299999999999997        269.18783011119802     
 -0.58600000000000008        276.76684387456061     
 -0.57899999999999996        284.58021199174317     
 -0.57200000000000006        292.63606809028704     
 -0.56499999999999995        300.94255776197826     
 -0.55800000000000005        309.50781872897403     
 -0.55099999999999993        318.33999671029989     
 -0.54400000000000004        327.44754585428439     
 -0.53699999999999992        336.84086634284171     
 -0.53000000000000003        346.53109683089838     
 -0.52299999999999991        356.52937936773708     
 -0.51600000000000001        366.84685261383555     
 -0.50899999999999990        377.49466428513182     
 -0.50200000000000000        388.48391973820122     
 -0.49499999999999988        399.82616383213849     
 -0.48799999999999999        411.53587023168780     
 -0.48099999999999987        423.62943269812678     
 -0.47399999999999998        436.12319895840818     
 -0.46699999999999986        449.03353081953634     
 -0.45999999999999996        462.37678447907626     
 -0.45300000000000007        476.16934548587585     
 -0.44599999999999995        490.42779046659888     
 -0.43900000000000006        505.17344752941506     
 -0.43199999999999994        520.43137989939714     
 -0.42500000000000004        536.22681281334781     
 -0.41799999999999993        552.58496592138863     
 -0.41100000000000003        569.53103448095328     
 -0.40399999999999991        587.09031387875791     
 -0.39700000000000002        605.28810135677134     
 -0.38999999999999990        624.15776592366728     
 -0.38300000000000001        643.74187348258317     
 -0.37599999999999989        664.08356669953162     
 -0.36899999999999999        685.22603025679064     
 -0.36199999999999988        707.21240278351854     
 -0.35499999999999998        730.08589361616089     
 -0.34799999999999986        753.88978004521323     
 -0.34099999999999997        778.67877335582261     
 -0.33400000000000007        804.52816429551319     
 -0.32699999999999996        831.51501802101336     
 -0.32000000000000006        859.71655308463551     
 -0.31299999999999994        889.20995438351588     
 -0.30600000000000005        920.07240745535614     
 -0.29899999999999993        952.38096822915372     
 -0.29200000000000004        986.23288946869377     
 -0.28499999999999992        1021.7757640966090     
 -0.27800000000000002        1059.1662963343547     
 -0.27099999999999991        1098.5608481590534     
 -0.26400000000000001        1140.1158604670659     
 -0.25699999999999990        1183.9877715108030     
 -0.25000000000000000        1230.3330000000001     
 -0.24299999999999988        1279.3079603887957     
 -0.23599999999999999        1331.0689078185867     
 -0.22899999999999987        1385.7720681188302     
 -0.22199999999999998        1443.5736825395516     
 -0.21499999999999986        1504.6299524603364     
 -0.20799999999999996        1569.0971269116701     
 -0.20100000000000007        1637.1314271807689     
 -0.19399999999999995        1708.8890791499459     
 -0.18700000000000006        1784.5263031149129     
 -0.17999999999999994        1864.1993501559195     
 -0.17300000000000004        1948.0644341888578     
 -0.16599999999999993        2036.2777828717908     
 -0.15900000000000003        2128.9956317447045     
 -0.15199999999999991        2226.3742046908947     
 -0.14500000000000002        2328.5697255919808     
 -0.13799999999999990        2435.7384314729020     
 -0.13100000000000001        2548.0365494707166     
 -0.12399999999999989        2665.6203083659038     
 -0.11699999999999999        2788.6459352572842     
 -0.10999999999999988        2917.2696460827019     
 -0.10299999999999998        3051.6476800461301     
  -9.5999999999999863E-002   3191.9362418679657     
  -8.8999999999999968E-002   3338.2915572109500     
  -8.1999999999999851E-002   3490.8698667168646     
  -7.4999999999999956E-002   3649.8273732370162     
  -6.8000000000000060E-002   3815.3203055980671     
  -6.0999999999999943E-002   3987.5048911012868     
  -5.4000000000000048E-002   4166.5373435491101     
  -4.6999999999999931E-002   4352.5738997610906     
  -4.0000000000000036E-002   4545.7707702661501     
  -3.2999999999999918E-002   4746.2841751334054     
  -2.6000000000000023E-002   4954.2703543993885     
  -1.8999999999999906E-002   5169.8855111609028     
  -1.2000000000000011E-002   5393.2858747289938     
  -4.9999999999998934E-003   5624.6276745513560     
   2.0000000000002238E-003   5726.2662735124613     
   8.9999999999998970E-003   5491.5501737470731     
   1.6000000000000014E-002   5264.8404448464680     
   2.3000000000000131E-002   5045.9807735566792     
   3.0000000000000249E-002   4834.8148168896450     
   3.6999999999999922E-002   4631.1862729502636     
   4.4000000000000039E-002   4434.9388132206077     
   5.1000000000000156E-002   4245.9161032442980     
   5.7999999999999829E-002   4063.9618360544323     
   6.4999999999999947E-002   3888.9196804879766     
   7.2000000000000064E-002   3720.6333176495382     
   7.9000000000000181E-002   3558.9464292065513     
   8.5999999999999854E-002   3403.7026914310268     
   9.2999999999999972E-002   3254.7457934337749     
  0.10000000000000009        3111.9194233139938     
  0.10700000000000021        2975.0672411156165     
  0.11399999999999988        2844.0329492640180     
  0.12100000000000000        2718.6602250980300     
  0.12800000000000011        2598.7927428392732     
  0.13500000000000023        2484.2741969923845     
  0.14199999999999990        2374.9482618565412     
  0.14900000000000002        2270.6586268335923     
  0.15600000000000014        2171.2489665032335     
  0.16300000000000026        2076.5629641048558     
  0.16999999999999993        1986.4443071108831     
  0.17700000000000005        1900.7366784384324     
  0.18400000000000016        1819.2837519359355     
  0.19099999999999984        1741.9292283645216     
  0.19799999999999995        1668.5167759888514     
  0.20500000000000007        1598.8900746855500     
  0.21200000000000019        1532.8928120943469     
  0.21899999999999986        1470.3686775787046     
  0.22599999999999998        1411.1613426318936     
  0.23300000000000010        1355.1144957849585     
  0.24000000000000021        1302.0718287570105     
  0.24699999999999989        1251.8770089028894     
  0.25400000000000000        1204.3737317069699     
  0.26100000000000012        1159.4056638056941     
  0.26800000000000024        1116.8164873402320     
  0.27499999999999991        1076.4498861055388     
  0.28200000000000003        1038.1495402792341     
  0.28900000000000015        1001.7591338347590     
  0.29600000000000026        967.12227277145496     
  0.30299999999999994        934.08398597750102     
  0.31000000000000005        902.52298709850459     
  0.31700000000000017        872.36055681663220     
  0.32399999999999984        843.51982146209014     
  0.33099999999999996        815.92413181379106     
  0.33800000000000008        789.49678556712001     
  0.34500000000000020        764.16118059880444     
  0.35199999999999987        739.84044197026049     
  0.35899999999999999        716.47008318489850     
  0.36600000000000010        694.00483228152484     
  0.37300000000000022        672.40216278635307     
  0.37999999999999989        651.61932605725440     
  0.38700000000000001        631.61359246288748     
  0.39400000000000013        612.34231004781032     
  0.40100000000000025        593.76252705021682     
  0.40799999999999992        575.83627824026075     
  0.41500000000000004        558.53617837158060     
  0.42200000000000015        541.83716334661096     
  0.42900000000000027        525.71403240729069     
  0.43599999999999994        510.14158899837781     
  0.44300000000000006        495.09465489550212     
  0.45000000000000018        480.54799999999966     
  0.45699999999999985        466.47781693717161     
  0.46399999999999997        452.86549142974337     
  0.47100000000000009        439.69378371021065     
  0.47800000000000020        426.94545062752928     
  0.48499999999999988        414.60324367580108     
  0.49199999999999999        402.64990925552218     
  0.49900000000000011        391.06821196919168     
  0.50600000000000023        379.84169124695364     
  0.51299999999999990        368.95877039440330     
  0.52000000000000002        358.40976674258826     
  0.52700000000000014        348.18497038440296     
  0.53400000000000025        338.27468783249867     
  0.54099999999999993        328.66922071767522     
  0.54800000000000004        319.35887061851037     
  0.55500000000000016        310.33394105722903     
  0.56199999999999983        301.58473331367657     
  0.56899999999999995        293.10154744576477     
  0.57600000000000007        284.87468435229988     
  0.58300000000000018        276.89444417635417     
  0.58999999999999986        269.15113019339555     
  0.59699999999999998        261.63502782753278     
  0.60400000000000009        254.33661525159187     
  0.61100000000000021        247.24851091763421     
  0.61799999999999988        240.36529654581923     
  0.62500000000000000        233.68155441780826     
  0.63200000000000012        227.19188370746207     
  0.63900000000000023        220.89088108583834     
  0.64599999999999991        214.77314293490247     
  0.65300000000000002        208.83326623815174     
  0.66000000000000014        203.06584685764545     
  0.66700000000000026        197.46548306939610     
  0.67399999999999993        192.02677020915417     
  0.68100000000000005        186.74430548835841     
  0.68800000000000017        181.61268608913963     
  0.69499999999999984        176.62651409177013     
  0.70199999999999996        171.78037320273015     
  0.70900000000000007        167.06935308892028     
  0.71600000000000019        162.48930779168955     
  0.72299999999999986        158.03619690630731     
  0.72999999999999998        153.70597880367407     
  0.73700000000000010        149.49460646706771     
  0.74400000000000022        145.39803848175831     
  0.75099999999999989        141.41222770160513     
  0.75800000000000001        137.53324570900668     
  0.76500000000000012        133.75745970312676     
  0.77200000000000024        130.08128472462502     
  0.77899999999999991        126.50113499615789     
  0.78600000000000003        123.01342820455825     
  0.79300000000000015        119.61457725378000     
  0.80000000000000027        116.30099999999990     
  0.80699999999999994        113.06919138182077     
  0.81400000000000006        109.91596712919562     
  0.82100000000000017        106.83822564835026     
  0.82799999999999985        103.83286272325644     
  0.83499999999999996        100.89677596470497     
  0.84200000000000008        98.026862129086098     
  0.84900000000000020        95.220012827550775     
  0.85599999999999987        92.473274359272708     
  0.86299999999999999        89.784462857069741     
  0.87000000000000011        87.151741922999364     
  0.87700000000000022        84.573256641476988     
  0.88399999999999990        82.047157611652906     
  0.89100000000000001        79.571595421789866     
  0.89800000000000013        77.144711007343844     
  0.90500000000000025        74.764764515626780     
  0.91199999999999992        72.430811838894769     
  0.91900000000000004        70.142437147473785     
  0.92600000000000016        67.899207516277755     
  0.93300000000000027        65.700696220083117     
  0.93999999999999995        63.546475686252876     
  0.94700000000000006        61.436117780665825     
  0.95400000000000018        59.369207335018302     
  0.96099999999999985        57.345538339727206     
  0.96799999999999997        55.365077134823714     
  0.97500000000000009        53.427795722836180     
  0.98200000000000021        51.533666265318836     
  0.98899999999999988        49.682660837291962     
  0.99600000000000000        47.874749985749816     
   1.0030000000000001        46.109906580545598     
   1.0100000000000002        44.387958980489344     
   1.0169999999999999        42.708588297751660     
   1.0240000000000000        41.071462865305278     
   1.0310000000000001        39.476246511367968     
   1.0380000000000003        37.922608213416169     
   1.0449999999999999        36.410212149167315     
   1.0520000000000000        34.938730378545692     
   1.0590000000000002        33.507766887284376     
   1.0660000000000003        32.116834990973224     
   1.0730000000000000        30.765429957384942     
   1.0800000000000001        29.453055478042302     
   1.0870000000000002        28.179207727773719     
   1.0939999999999999        26.943388278235997     
   1.1010000000000000        25.745093260906220     
   1.1080000000000001        24.583760635706106     
   1.1150000000000002        23.458657711814709     
   1.1219999999999999        22.369024507928021     
   1.1290000000000000        21.314101259589322     
   1.1360000000000001        20.293129956038939     
   1.1430000000000002        19.305348783071118     
   1.1499999999999999        18.350000000000001     
   1.1570000000000000        17.426336399472319     
   1.1640000000000001        16.533651982664150     
   1.1710000000000003        15.671254474829068     
   1.1779999999999999        14.838450427959199     
   1.1850000000000001        14.034548881948499     
   1.1920000000000002        13.258854490908639     
   1.1990000000000003        12.510676967668331     
   1.2060000000000000        11.789311960994572     
   1.2130000000000001        11.094015865810846     
   1.2200000000000002        10.424019737092669     
   1.2269999999999999        9.7785592041181388     
   1.2340000000000000        9.1568663185349202     
   1.2410000000000001        8.5581767871834185     
   1.2480000000000002        7.9817237611109828     
   1.2549999999999999        7.4267486697392702     
   1.2620000000000000        6.8925569345264917     
   1.2690000000000001        6.3784934265010325     
   1.2760000000000002        5.8839036413159107     
   1.2829999999999999        5.4081311714017906     
   1.2900000000000000        4.9505214810649179     
   1.2970000000000002        4.5104188453078136     
   1.3040000000000003        4.0871718387948004     
   1.3109999999999999        3.6801843233220737     
   1.3180000000000001        3.2889077756642884     
   1.3250000000000002        2.9127931274640586     
   1.3319999999999999        2.5512939572230366     
   1.3390000000000000        2.2038616105493847     
   1.3460000000000001        1.8699492753753517     
   1.3530000000000002        1.5490096253919199     
   1.3599999999999999        1.2405555333284273     
   1.3670000000000000       0.94416980466602718     
   1.3740000000000001       0.65943804517219085     
   1.3810000000000002       0.38594694909736926     
   1.3879999999999999       0.12328310295645317     
   1.3950000000000000      -0.12896746609500243     
   1.4020000000000001      -0.37121753167262606     
   1.4090000000000003      -0.60385335826844777     
   1.4159999999999999      -0.82721321818569704     
   1.4230000000000000       -1.0416305911227488     
   1.4300000000000002       -1.2474391497169561     
   1.4370000000000003       -1.4449717249001928     
   1.4440000000000000       -1.6345622318713464     
   1.4510000000000001       -1.8165442488189201     
   1.4580000000000002       -1.9912158568437444     
   1.4649999999999999       -2.1587882777975653     
   1.4720000000000000       -2.3194566271689228     
   1.4790000000000001       -2.4734162759266765     
   1.4860000000000002       -2.6208631712815600     
   1.4929999999999999       -2.7619925113674704     
   1.5000000000000000       -2.8970000000000002     
   1.5070000000000001       -3.0260792278731978     
   1.5140000000000002       -3.1494173630420481     
   1.5209999999999999       -3.2671993760101028     
   1.5280000000000000       -3.3796101211226572     
   1.5350000000000001       -3.4868349862407957     
   1.5420000000000003       -3.5890587039423094     
   1.5489999999999999       -3.6864669953547349     
   1.5560000000000000       -3.7792365969364656     
   1.5630000000000002       -3.8675030950279421     
   1.5700000000000003       -3.9513837776421745     
   1.5770000000000000       -4.0309969034639055     
   1.5840000000000001       -4.1064603957319417     
   1.5910000000000002       -4.1778924705025178     
   1.5979999999999999       -4.2454111187991854     
   1.6050000000000000       -4.3091330361537850     
   1.6120000000000001       -4.3691581281920069     
   1.6190000000000002       -4.4255772286942685     
   1.6259999999999999       -4.4784812137661962     
   1.6330000000000000       -4.5279607313712757     
   1.6400000000000001       -4.5741065299323402     
   1.6470000000000002       -4.6170093559761529     
   1.6539999999999999       -4.6567598519773270     
   1.6610000000000000       -4.6934486695134847     
   1.6680000000000001       -4.7271665684921746     
   1.6750000000000003       -4.7580041514679161     
   1.6819999999999999       -4.7860521185514244     
   1.6890000000000001       -4.8114010202326112     
   1.6960000000000002       -4.8341415924831690     
   1.7030000000000003       -4.8543640444912688     
   1.7100000000000000       -4.8721503030736191     
   1.7170000000000001       -4.8875713975080508     
   1.7240000000000002       -4.9006980550516914     
   1.7309999999999999       -4.9116008688183044     
   1.7380000000000000       -4.9203504544118601     
   1.7450000000000001       -4.9270173714437853     
   1.7520000000000002       -4.9316722396621682     
   1.7589999999999999       -4.9343856043323715     
   1.7660000000000000       -4.9352280316547255     
   1.7730000000000001       -4.9342700374278712     
   1.7800000000000002       -4.9315821831012085     
   1.7869999999999999       -4.9272349932024913     
   1.7940000000000000       -4.9212988932185819     
   1.8010000000000002       -4.9138447744786351     
   1.8080000000000003       -4.9049339325844770     
   1.8149999999999999       -4.8946073784040083     
   1.8220000000000001       -4.8829015071138784     
   1.8290000000000002       -4.8698529870193710     
   1.8360000000000003       -4.8554984946849453     
   1.8430000000000000       -4.8398746883050636     
   1.8500000000000001       -4.8230181848063234     
   1.8570000000000002       -4.8049650033637716     
   1.8639999999999999       -4.7857515327166356     
   1.8710000000000000       -4.7654144241144136     
   1.8780000000000001       -4.7439903794594107     
   1.8850000000000002       -4.7215167720129489     
   1.8919999999999999       -4.6980312819030114     
   1.8990000000000000       -4.6735715774471824     
   1.9060000000000001       -4.6481750684330505     
   1.9130000000000003       -4.6218776895235383     
   1.9199999999999999       -4.5947146119860145     
   1.9270000000000000       -4.5667211235030427     
   1.9340000000000002       -4.5379324368185898     
   1.9410000000000003       -4.5083838560182219     
   1.9480000000000000       -4.4781105324019688     
   1.9550000000000001       -4.4471477623556890     
   1.9620000000000002       -4.4155306696444043     
   1.9689999999999999       -4.3832945697469432     
   1.9760000000000000       -4.3504745944993601     
   1.9830000000000001       -4.3171059688863966     
   1.9900000000000002       -4.2832238428406466     
   1.9969999999999999       -4.2488634826987148     
   2.0040000000000004       -4.2140591521303374     
   2.0110000000000001       -4.1788331050473309     
   2.0179999999999998       -4.1431966394305899     
   2.0250000000000004       -4.1071610450080973     
   2.0320000000000000       -4.0707376302496563     
   2.0389999999999997       -4.0339374885669184     
   2.0460000000000003       -3.9967719256313852     
   2.0529999999999999       -3.9592520319514408     
   2.0600000000000005       -3.9213891335593418     
   2.0670000000000002       -3.8831943308755501     
   2.0739999999999998       -3.8446788763503443     
   2.0810000000000004       -3.8058538666019350     
   2.0880000000000001       -3.7667305406871865     
   2.0949999999999998       -3.7273201441385635     
   2.1020000000000003       -3.6876336172665662     
   2.1090000000000000       -3.6476908700018233     
   2.1159999999999997       -3.6075252813056284     
   2.1230000000000002       -3.5671723466522707     
   2.1299999999999999       -3.5266672196512050     
   2.1370000000000005       -3.4860452195481639     
   2.1440000000000001       -3.4453415477410654     
   2.1509999999999998       -3.4045914340288457     
   2.1580000000000004       -3.3638301193320643     
   2.1650000000000000       -3.3230929121053752     
   2.1719999999999997       -3.2824149261798015     
   2.1790000000000003       -3.2418314621218882     
   2.1859999999999999       -3.2013776267253031     
   2.1930000000000005       -3.1610887781130290     
   2.2000000000000002       -3.1210000000000000     
   2.2069999999999999       -3.0811444939206218     
   2.2140000000000004       -3.0415470837506127     
   2.2210000000000001       -3.0022306785592794     
   2.2279999999999998       -2.9632180786985929     
   2.2350000000000003       -2.9245321101678177     
   2.2420000000000000       -2.8861955501249357     
   2.2489999999999997       -2.8482312235428502     
   2.2560000000000002       -2.8106620040352639     
   2.2629999999999999       -2.7735106067604076     
   2.2700000000000005       -2.7367998726230147     
   2.2770000000000001       -2.7005525085671405     
   2.2839999999999998       -2.6647914384190470     
   2.2910000000000004       -2.6295392987897541     
   2.2980000000000000       -2.5948191323664447     
   2.3049999999999997       -2.5606504325693815     
   2.3120000000000003       -2.5270292083105583     
   2.3190000000000000       -2.4939356011803451     
   2.3260000000000005       -2.4613504749609914     
   2.3330000000000002       -2.4292543043589192     
   2.3399999999999999       -2.3976277556564449     
   2.3470000000000004       -2.3664514438532112     
   2.3540000000000001       -2.3357059014316834     
   2.3609999999999998       -2.3053717361373947     
   2.3680000000000003       -2.2754295044043165     
   2.3750000000000000       -2.2458598245374102     
   2.3819999999999997       -2.2166431958408737     
   2.3890000000000002       -2.1877602461508121     
   2.3959999999999999       -2.1591915265879651     
   2.4030000000000005       -2.1309177030001454     
   2.4100000000000001       -2.1029297610196922     
   2.4169999999999998       -2.0752301963958191     
   2.4240000000000004       -2.0478222836445568     
   2.4310000000000000       -2.0207094072310965     
   2.4379999999999997       -1.9938948318811864     
   2.4450000000000003       -1.9673822040704203     
   2.4520000000000000       -1.9411751787555560     
   2.4590000000000005       -1.9152775665700279     
   2.4660000000000002       -1.8896930042696414     
   2.4729999999999999       -1.8644252876024430     
   2.4800000000000004       -1.8394781167611673     
   2.4870000000000001       -1.8148552309853407     
   2.4939999999999998       -1.7905603103480967     
   2.5010000000000003       -1.7665971079942122     
   2.5080000000000000       -1.7429661470699582     
   2.5149999999999997       -1.7196593683261243     
   2.5220000000000002       -1.6966674788103306     
   2.5289999999999999       -1.6739810672457724     
   2.5360000000000005       -1.6515908477824821     
   2.5430000000000001       -1.6294874011092602     
   2.5499999999999998       -1.6076614148392658     
   2.5570000000000004       -1.5861034685773854     
   2.5640000000000001       -1.5648042747481243     
   2.5709999999999997       -1.5437544225810156     
   2.5780000000000003       -1.5229445745822414     
   2.5850000000000000       -1.5023653528750580     
   2.5920000000000005       -1.4820073884425176     
   2.5990000000000002       -1.4618612773897248     
   2.6059999999999999       -1.4419191409004217     
   2.6130000000000004       -1.4221805433048531     
   2.6200000000000001       -1.4026484637710941     
   2.6269999999999998       -1.3833257957597569     
   2.6340000000000003       -1.3642153295443114     
   2.6410000000000000       -1.3453199802932168     
   2.6479999999999997       -1.3266425648700766     
   2.6550000000000002       -1.3081859550720782     
   2.6619999999999999       -1.2899529723432972     
   2.6690000000000005       -1.2719465421342193     
   2.6760000000000002       -1.2541694647614527     
   2.6829999999999998       -1.2366246188846921     
   2.6900000000000004       -1.2193148228188537     
   2.6970000000000001       -1.2022429533037835     
   2.7039999999999997       -1.1854116562747541     
   2.7110000000000003       -1.1688199084502382     
   2.7180000000000000       -1.1524636746840069     
   2.7250000000000005       -1.1363388532374490     
   2.7320000000000002       -1.1204413461381706     
   2.7389999999999999       -1.1047670127416427     
   2.7460000000000004       -1.0893117446636664     
   2.7530000000000001       -1.0740713898243825     
   2.7599999999999998       -1.0590418951267795     
   2.7670000000000003       -1.0442190808868212     
   2.7740000000000000       -1.0295988625225676     
   2.7809999999999997       -1.0151770771736448     
   2.7880000000000003       -1.0009496524391805     
   2.7949999999999999      -0.98691242831907455     
   2.8020000000000005      -0.97306131105036009     
   2.8090000000000002      -0.95939328892761955     
   2.8159999999999998      -0.94590743108259412     
   2.8230000000000004      -0.93260292657320298     
   2.8300000000000001      -0.91947901430930612     
   2.8369999999999997      -0.90653489710654700     
   2.8440000000000003      -0.89376979353489161     
   2.8510000000000000      -0.88118295243246103     
   2.8580000000000005      -0.86877356072519218     
   2.8650000000000002      -0.85654085672614211     
   2.8719999999999999      -0.84448402256774457     
   2.8790000000000004      -0.83260232534398759     
   2.8860000000000001      -0.82089493154552717     
   2.8929999999999998      -0.80936108686180130     
   2.9000000000000004      -0.79799999999999971     
   2.9070000000000000      -0.78681047859400532     
   2.9139999999999997      -0.77578988564249229     
   2.9210000000000003      -0.76493520033094631     
   2.9279999999999999      -0.75424335841677559     
   2.9350000000000005      -0.74371134408086947     
   2.9420000000000002      -0.73333609153057355     
   2.9489999999999998      -0.72311459596017946     
   2.9560000000000004      -0.71304379408148977     
   2.9630000000000001      -0.70312066131335993     
   2.9699999999999998      -0.69334213650499277     
   2.9770000000000003      -0.68370518661935575     
   2.9840000000000000      -0.67420677833864784     
   2.9910000000000005      -0.66484385620930442     
   2.9980000000000002      -0.65561338281502335     
   3.0049999999999999      -0.64651238964245650     
   3.0120000000000005      -0.63753891386342443     
   3.0190000000000001      -0.62869144969776203     
   3.0259999999999998      -0.61996857312366327     
   3.0330000000000004      -0.61136879415416456     
   3.0400000000000000      -0.60289067799419649     
   3.0469999999999997      -0.59453274929281008     
   3.0540000000000003      -0.58629356265800914     
   3.0609999999999999      -0.57817163101938551     
   3.0680000000000005      -0.57016550932152288     
   3.0750000000000002      -0.56227373602691144     
   3.0819999999999999      -0.55449483548531475     
   3.0890000000000004      -0.54682734187901083     
   3.0960000000000001      -0.53926979360713423     
   3.1029999999999998      -0.53182073386757345     
   3.1100000000000003      -0.52447870874147362     
   3.1170000000000000      -0.51724233789275120     
   3.1239999999999997      -0.51011021016539815     
   3.1310000000000002      -0.50308093412553434     
   3.1379999999999999      -0.49615310983089955     
   3.1450000000000005      -0.48932535173119468     
   3.1520000000000001      -0.48259623953960440     
   3.1589999999999998      -0.47596439274008406     
   3.1660000000000004      -0.46942838864763992     
   3.1730000000000000      -0.46298684587181993     
   3.1799999999999997      -0.45663835102188532     
   3.1870000000000003      -0.45038151093788581     
   3.1940000000000000      -0.44421490117310430     
   3.2010000000000005      -0.43813713485305539     
   3.2080000000000002      -0.43214694120429525     
   3.2149999999999999      -0.42624339699377323     
   3.2220000000000004      -0.42042564597932086     
   3.2290000000000001      -0.41469283070355406     
   3.2359999999999998      -0.40904409379956164     
   3.2430000000000003      -0.40347857116204006     
   3.2500000000000000      -0.39799540105881759     
   3.2569999999999997      -0.39259371411586336     
   3.2640000000000002      -0.38727266663269977     
   3.2709999999999999      -0.38203137493965278     
   3.2780000000000005      -0.37686898984710759     
   3.2850000000000001      -0.37178463121267602     
   3.2919999999999998      -0.36677744715144556     
   3.2990000000000004      -0.36184655861211845     
   3.3060000000000000      -0.35699111119829069     
   3.3129999999999997      -0.35221022435650412     
   3.3200000000000003      -0.34750303283387718     
   3.3270000000000000      -0.34286867561170120     
   3.3340000000000005      -0.33830627039925643     
   3.3410000000000002      -0.33381495007123618     
   3.3479999999999999      -0.32939384187513887     
   3.3550000000000004      -0.32504208245116656     
   3.3620000000000001      -0.32075878327176510     
   3.3689999999999998      -0.31654308529617881     
   3.3760000000000003      -0.31239410073612989     
   3.3830000000000000      -0.30831096196567376     
   3.3899999999999997      -0.30429278695080664     
   3.3970000000000002      -0.30033870618383451     
   3.4039999999999999      -0.29644783401562808     
   3.4110000000000005      -0.29261930486472276     
   3.4180000000000001      -0.28885222036361496     
   3.4249999999999998      -0.28514572100942348     
   3.4320000000000004      -0.28149891121214582     
   3.4390000000000001      -0.27791091755928488     
   3.4459999999999997      -0.27438085388501909     
   3.4530000000000003      -0.27090784202351370     
   3.4600000000000000      -0.26749099687805733     
   3.4670000000000005      -0.26412943614107987     
   3.4740000000000002      -0.26082227045052464     
   3.4809999999999999      -0.25756861362527472     
   3.4880000000000004      -0.25436759074750398     
   3.4950000000000001      -0.25121830439139287     
   3.5019999999999998      -0.24811987082368844     
   3.5090000000000003      -0.24507144883742801     
   3.5160000000000000      -0.24207227845961246     
   3.5229999999999997      -0.23912160291015988     
   3.5300000000000002      -0.23621867643712791     
   3.5369999999999999      -0.23336273341580901     
   3.5440000000000005      -0.23055302695464536     
   3.5510000000000002      -0.22778879759177939     
   3.5579999999999998      -0.22506928979394503     
   3.5650000000000004      -0.22239374381638810     
   3.5720000000000001      -0.21976140570555761     
   3.5789999999999997      -0.21717151464932455     
   3.5860000000000003      -0.21462331292166928     
   3.5930000000000000      -0.21211603843357765     
   3.6000000000000005      -0.20964892669615007     
   3.6070000000000002      -0.20722122871632187     
   3.6139999999999999      -0.20483217084016608     
   3.6210000000000004      -0.20248099629849942     
   3.6280000000000001      -0.20016694076317110     
   3.6349999999999998      -0.19788923951659620     
   3.6420000000000003      -0.19564712406498108     
   3.6490000000000000      -0.19343983979734247     
   3.6559999999999997      -0.19126661260453667     
   3.6630000000000003      -0.18912667902979763     
   3.6699999999999999      -0.18701926950879039     
   3.6770000000000005      -0.18494361802672904     
   3.6840000000000002      -0.18289895524006589     
   3.6909999999999998      -0.18088451782810794     
   3.6980000000000004      -0.17889952556602301     
   3.7050000000000001      -0.17694321751297484     
   3.7119999999999997      -0.17501481859577200     
   3.7190000000000003      -0.17311355783890572     
   3.7260000000000000      -0.17123866422144904     
   3.7330000000000005      -0.16938936028716625     
   3.7400000000000002      -0.16756487964165412     
   3.7469999999999999      -0.16576444496964013     
   3.7540000000000004      -0.16398730262867039     
   3.7610000000000001      -0.16223302440554560     
   3.7679999999999998      -0.16050146839567214     
   3.7750000000000004      -0.15879248859382386     
   3.7820000000000000      -0.15710594927422830     
   3.7889999999999997      -0.15544170165463564     
   3.7960000000000003      -0.15379960822928829     
   3.8029999999999999      -0.15217952534764442     
   3.8100000000000005      -0.15058130751888990     
   3.8170000000000002      -0.14900480953273398     
   3.8239999999999998      -0.14744988927370034     
   3.8310000000000004      -0.14591640102260744     
   3.8380000000000001      -0.14440419629281387     
   3.8449999999999998      -0.14291313067700817     
   3.8520000000000003      -0.14144305193211443     
   3.8590000000000000      -0.13999381891255469     
   3.8660000000000005      -0.13856527915814776     
   3.8730000000000002      -0.13715728524736862     
   3.8799999999999999      -0.13576968738656345     
   3.8870000000000005      -0.13440233239366239     
   3.8940000000000001      -0.13305506946972323     
   3.9009999999999998      -0.13172775388062757     
   3.9080000000000004      -0.13042022561607042     
   3.9150000000000000      -0.12913233847316735     
   3.9219999999999997      -0.12786393263954737     
   3.9290000000000003      -0.12661485818472457     
   3.9359999999999999      -0.12538496184812398     
   3.9430000000000005      -0.12417408778085293     
   3.9500000000000002      -0.12298207804092601     
   3.9569999999999999      -0.12180878007108992     
   3.9640000000000004      -0.12065403588798386     
   3.9710000000000001      -0.11951768669229004     
   3.9779999999999998      -0.11839957798258739     
   3.9850000000000003      -0.11729939234583565     
   3.9920000000000000      -0.11621653697034995     
   3.9990000000000006      -0.11515084820617813     
   4.0060000000000002      -0.11410218625967002     
   4.0129999999999999      -0.11307030782300465     
   4.0200000000000005      -0.11205495419527167     
   4.0270000000000001      -0.11105584870658014     
   4.0339999999999998      -0.11007272724531922     
   4.0410000000000004      -0.10910531551928095     
   4.0480000000000000      -0.10815334607258648     
   4.0549999999999997      -0.10721654775351819     
   4.0620000000000003      -0.10629464845109320     
   4.0690000000000000      -0.10538737928505551     
   4.0760000000000005      -0.10449446715687238     
   4.0830000000000002      -0.10361564229114253     
   4.0899999999999999      -0.10275062900371369     
   4.0970000000000004      -0.10189915670759933     
   4.1040000000000001      -0.10106095068330592     
   4.1109999999999998      -0.10023574166826567     
   4.1180000000000003       -9.9423250762040088E-002
   4.1250000000000000       -9.8623208712940919E-002
   4.1320000000000006       -9.7834889819902598E-002
   4.1390000000000002       -9.7057298209554055E-002
   4.1459999999999999       -9.6290225250984934E-002
   4.1530000000000005       -9.5533479407443014E-002
   4.1600000000000001       -9.4786864047331554E-002
   4.1669999999999998       -9.4050187872393026E-002
   4.1740000000000004       -9.3323251885112452E-002
   4.1810000000000000       -9.2605865715970737E-002
   4.1879999999999997       -9.1897833533230722E-002
   4.1950000000000003       -9.1198958900783778E-002
   4.2020000000000000       -9.0509047079663341E-002
   4.2090000000000005       -8.9827901020395076E-002
   4.2160000000000002       -8.9155326917518860E-002
   4.2229999999999999       -8.8491127890881219E-002
   4.2300000000000004       -8.7835106877852953E-002
   4.2370000000000001       -8.7187066766599056E-002
   4.2439999999999998       -8.6546812795536915E-002
   4.2510000000000003       -8.5914144417075095E-002
   4.2580000000000000       -8.5288868265821688E-002
   4.2650000000000006       -8.4670782787689317E-002
   4.2720000000000002       -8.4059692887665474E-002
   4.2789999999999999       -8.3455399457478499E-002
   4.2860000000000005       -8.2857704022664888E-002
   4.2930000000000001       -8.2266407248858087E-002
   4.2999999999999998       -8.1681311954017663E-002
   4.3070000000000004       -8.1102218063441478E-002
   4.3140000000000001       -8.0528926955075075E-002
   4.3209999999999997       -7.9961237974365162E-002
   4.3280000000000003       -7.9398950958312384E-002
   4.3350000000000000       -7.8841869189916744E-002
   4.3420000000000005       -7.8289788496306995E-002
   4.3490000000000002       -7.7742511518831783E-002
   4.3559999999999999       -7.7199834433092529E-002
   4.3630000000000004       -7.6661559559724174E-002
   4.3700000000000001       -7.6127483432766235E-002
   4.3769999999999998       -7.5597405993276134E-002
   4.3840000000000003       -7.5071124705730186E-002
   4.3910000000000000       -7.4548439274658165E-002
   4.3980000000000006       -7.4029144916661099E-002
   4.4050000000000002       -7.3513042900356512E-002
   4.4119999999999999       -7.2999927587169861E-002
   4.4190000000000005       -7.2489598709065586E-002
   4.4260000000000002       -7.1981851665935348E-002
   4.4329999999999998       -7.1476483786469522E-002
   4.4400000000000004       -7.0973292809921540E-002
   4.4470000000000001       -7.0472073863633175E-002
   4.4539999999999997       -6.9972623114834501E-002
   4.4610000000000003       -6.9474737190918928E-002
   4.4680000000000000       -6.8978212371602787E-002
   4.4750000000000005       -6.8482843057858719E-002
   4.4820000000000002       -6.7988425638784114E-002
   4.4889999999999999       -6.7494753337040442E-002
   4.4960000000000004       -6.7001624304298762E-002
   4.5030000000000001       -6.6508834463145525E-002
   4.5099999999999998       -6.6016316256078927E-002
   4.5170000000000003       -6.5524157500476035E-002
   4.5240000000000000       -6.5032458012566199E-002
   4.5309999999999997       -6.4541316439960472E-002
   4.5380000000000003       -6.4050831496602734E-002
   4.5449999999999999       -6.3561099805555688E-002
   4.5520000000000005       -6.3072220699866996E-002
   4.5590000000000002       -6.2584291710862661E-002
   4.5659999999999998       -6.2097409987917185E-002
   4.5730000000000004       -6.1611673761286914E-002
   4.5800000000000001       -6.1127178387686942E-002
   4.5869999999999997       -6.0644023483750135E-002
   4.5940000000000003       -6.0162303216550764E-002
   4.6010000000000000       -5.9682116006215181E-002
   4.6080000000000005       -5.9203556752579295E-002
   4.6150000000000002       -5.8726722945627682E-002
   4.6219999999999999       -5.8251709545447956E-002
   4.6290000000000004       -5.7778613414144961E-002
   4.6360000000000001       -5.7307528285390812E-002
   4.6429999999999998       -5.6838551837592212E-002
   4.6500000000000004       -5.6371776913849696E-002
   4.6570000000000000       -5.5907300607832409E-002
   4.6639999999999997       -5.5445216375564654E-002
   4.6710000000000003       -5.4985619740810662E-002
   4.6779999999999999       -5.4528603984167229E-002
   4.6850000000000005       -5.4074263921392515E-002
   4.6920000000000002       -5.3622694147237693E-002
   4.6989999999999998       -5.3173987911707854E-002
   4.7060000000000004       -5.2728238877280481E-002
   4.7130000000000001       -5.2285540257713412E-002
   4.7199999999999998       -5.1845986384121523E-002
   4.7270000000000003       -5.1409669022227940E-002
   4.7340000000000000       -5.0976682545372749E-002
   4.7410000000000005       -5.0547117845212652E-002
   4.7480000000000002       -5.0121069550275850E-002
   4.7549999999999999       -4.9698621300522092E-002
   4.7620000000000005       -4.9279791552412029E-002
   4.7690000000000001       -4.8864557149650198E-002
   4.7759999999999998       -4.8452896596049233E-002
   4.7830000000000004       -4.8044787102109882E-002
   4.7900000000000000       -4.7640205802110855E-002
   4.7969999999999997       -4.7239129097799086E-002
   4.8040000000000003       -4.6841534442016539E-002
   4.8109999999999999       -4.6447398785431603E-002
   4.8180000000000005       -4.6056697792399862E-002
   4.8250000000000002       -4.5669408452884142E-002
   4.8319999999999999       -4.5285505765609205E-002
   4.8390000000000004       -4.4904967470822191E-002
   4.8460000000000001       -4.4527767693616771E-002
   4.8529999999999998       -4.4153883274128378E-002
   4.8600000000000003       -4.3783288286642089E-002
   4.8670000000000000       -4.3415959166902690E-002
   4.8740000000000006       -4.3051870470809231E-002
   4.8810000000000002       -4.2690997641618503E-002
   4.8879999999999999       -4.2333314410560791E-002
   4.8950000000000005       -4.1978796612240646E-002
   4.9020000000000001       -4.1627417110358458E-002
   4.9089999999999998       -4.1279151688197513E-002
   4.9160000000000004       -4.0933973525946174E-002
   4.9230000000000000       -4.0591857037154178E-002
   4.9299999999999997       -4.0252775365916225E-002
   4.9370000000000003       -3.9916702402691323E-002
   4.9440000000000000       -3.9583611934177060E-002
   4.9510000000000005       -3.9253476656939873E-002
   4.9580000000000002       -3.8926269883735390E-002
   4.9649999999999999       -3.8601964234680639E-002
   4.9720000000000004       -3.8280533366612413E-002
   4.9790000000000001       -3.7961948795990727E-002
   4.9859999999999998       -3.7646183891303434E-002
   4.9930000000000003       -3.7333209899375427E-002
