  -2.0000000000000000        0.0000000000000000     
  -1.9930000000000001        0.0000000000000000     
  -1.9860000000000000        0.0000000000000000     
  -1.9790000000000001        0.0000000000000000     
  -1.9720000000000000        0.0000000000000000     
  -1.9650000000000001        0.0000000000000000     
  -1.9580000000000000        0.0000000000000000     
  -1.9510000000000001        0.0000000000000000     
  -1.9440000000000000        0.0000000000000000     
  -1.9370000000000001        0.0000000000000000     
  -1.9299999999999999        0.0000000000000000     
  -1.9230000000000000        0.0000000000000000     
  -1.9159999999999999        0.0000000000000000     
  -1.9090000000000000        0.0000000000000000     
  -1.9019999999999999        0.0000000000000000     
  -1.8950000000000000        0.0000000000000000     
  -1.8879999999999999        0.0000000000000000     
  -1.8810000000000000        0.0000000000000000     
  -1.8740000000000001        0.0000000000000000     
  -1.8670000000000000        0.0000000000000000     
  -1.8599999999999999        0.0000000000000000     
  -1.8530000000000000        0.0000000000000000     
  -1.8460000000000001        0.0000000000000000     
  -1.8390000000000000        0.0000000000000000     
  -1.8320000000000001        0.0000000000000000     
  -1.8250000000000000        0.0000000000000000     
  -1.8180000000000001        0.0000000000000000     
  -1.8109999999999999        0.0000000000000000     
  -1.8040000000000000        0.0000000000000000     
  -1.7969999999999999        0.0000000000000000     
  -1.7900000000000000        0.0000000000000000     
  -1.7829999999999999        0.0000000000000000     
  -1.7760000000000000        0.0000000000000000     
  -1.7689999999999999        0.0000000000000000     
  -1.7620000000000000        0.0000000000000000     
  -1.7549999999999999        0.0000000000000000     
  -1.7480000000000000        0.0000000000000000     
  -1.7410000000000001        0.0000000000000000     
  -1.7340000000000000        0.0000000000000000     
  -1.7269999999999999        0.0000000000000000     
  -1.7200000000000000        0.0000000000000000     
  -1.7130000000000001        0.0000000000000000     
  -1.7060000000000000        0.0000000000000000     
  -1.6990000000000001        0.0000000000000000     
  -1.6919999999999999        0.0000000000000000     
  -1.6850000000000001        0.0000000000000000     
  -1.6779999999999999        0.0000000000000000     
  -1.6710000000000000        0.0000000000000000     
  -1.6639999999999999        0.0000000000000000     
  -1.6570000000000000        0.0000000000000000     
  -1.6499999999999999        0.0000000000000000     
  -1.6430000000000000        0.0000000000000000     
  -1.6360000000000001        0.0000000000000000     
  -1.6290000000000000        0.0000000000000000     
  -1.6219999999999999        0.0000000000000000     
  -1.6150000000000000        0.0000000000000000     
  -1.6080000000000001        0.0000000000000000     
  -1.6010000000000000        0.0000000000000000     
  -1.5939999999999999        0.0000000000000000     
  -1.5870000000000000        0.0000000000000000     
  -1.5800000000000001        0.0000000000000000     
  -1.5730000000000000        0.0000000000000000     
  -1.5660000000000001        0.0000000000000000     
  -1.5589999999999999        0.0000000000000000     
  -1.5520000000000000        0.0000000000000000     
  -1.5449999999999999        0.0000000000000000     
  -1.5380000000000000        0.0000000000000000     
  -1.5309999999999999        0.0000000000000000     
  -1.5240000000000000        0.0000000000000000     
  -1.5169999999999999        0.0000000000000000     
  -1.5100000000000000        0.0000000000000000     
  -1.5030000000000001        0.0000000000000000     
  -1.4960000000000000        0.0000000000000000     
  -1.4889999999999999        0.0000000000000000     
  -1.4820000000000000        0.0000000000000000     
  -1.4750000000000001        0.0000000000000000     
  -1.4680000000000000        0.0000000000000000     
  -1.4609999999999999        0.0000000000000000     
  -1.4540000000000000        0.0000000000000000     
  -1.4470000000000001        0.0000000000000000     
  -1.4399999999999999        0.0000000000000000     
  -1.4329999999999998        0.0000000000000000     
  -1.4259999999999999        0.0000000000000000     
  -1.4190000000000000        0.0000000000000000     
  -1.4119999999999999        0.0000000000000000     
  -1.4050000000000000        0.0000000000000000     
  -1.3980000000000001        0.0000000000000000     
  -1.3910000000000000        0.0000000000000000     
  -1.3839999999999999        0.0000000000000000     
  -1.3770000000000000        0.0000000000000000     
  -1.3700000000000001        0.0000000000000000     
  -1.3630000000000000        0.0000000000000000     
  -1.3559999999999999        0.0000000000000000     
  -1.3490000000000000        0.0000000000000000     
  -1.3420000000000001        0.0000000000000000     
  -1.3350000000000000        0.0000000000000000     
  -1.3279999999999998        0.0000000000000000     
  -1.3210000000000000        0.0000000000000000     
  -1.3140000000000001        0.0000000000000000     
  -1.3069999999999999        0.0000000000000000     
  -1.2999999999999998        0.0000000000000000     
  -1.2930000000000001        0.0000000000000000     
  -1.2860000000000000        0.0000000000000000     
  -1.2789999999999999        0.0000000000000000     
  -1.2720000000000000        0.0000000000000000     
  -1.2650000000000001        0.0000000000000000     
  -1.2580000000000000        0.0000000000000000     
  -1.2509999999999999        0.0000000000000000     
  -1.2440000000000000        0.0000000000000000     
  -1.2370000000000001        0.0000000000000000     
  -1.2300000000000000        0.0000000000000000     
  -1.2229999999999999        0.0000000000000000     
  -1.2160000000000000        0.0000000000000000     
  -1.2090000000000001        0.0000000000000000     
  -1.2020000000000000        0.0000000000000000     
  -1.1949999999999998        0.0000000000000000     
  -1.1879999999999999        0.0000000000000000     
  -1.1810000000000000        0.0000000000000000     
  -1.1739999999999999        0.0000000000000000     
  -1.1670000000000000        0.0000000000000000     
  -1.1600000000000001        0.0000000000000000     
  -1.1530000000000000        0.0000000000000000     
  -1.1459999999999999        0.0000000000000000     
  -1.1390000000000000        0.0000000000000000     
  -1.1320000000000001        0.0000000000000000     
  -1.1250000000000000        0.0000000000000000     
  -1.1179999999999999        0.0000000000000000     
  -1.1110000000000000        0.0000000000000000     
  -1.1040000000000001        0.0000000000000000     
  -1.0970000000000000        0.0000000000000000     
  -1.0899999999999999        0.0000000000000000     
  -1.0830000000000000        0.0000000000000000     
  -1.0760000000000001        0.0000000000000000     
  -1.0690000000000000        0.0000000000000000     
  -1.0619999999999998        0.0000000000000000     
  -1.0549999999999999        0.0000000000000000     
  -1.0480000000000000        0.0000000000000000     
  -1.0409999999999999        0.0000000000000000     
  -1.0340000000000000        0.0000000000000000     
  -1.0270000000000001        0.0000000000000000     
  -1.0200000000000000        0.0000000000000000     
  -1.0129999999999999        0.0000000000000000     
  -1.0060000000000000        0.0000000000000000     
 -0.99899999999999989        10.640613337842511     
 -0.99199999999999999        11.000508399280836     
 -0.98499999999999988        11.370987379542107     
 -0.97799999999999998        11.751796930137740     
 -0.97100000000000009        12.142116911033817     
 -0.96399999999999997        12.543444252971604     
 -0.95700000000000007        12.956634660114933     
 -0.94999999999999996        13.381096820434506     
 -0.94300000000000006        13.816728517096671     
 -0.93599999999999994        14.263701984025447     
 -0.92900000000000005        14.722283367575091     
 -0.92199999999999993        15.192777518481348     
 -0.91500000000000004        15.675529628550628     
 -0.90799999999999992        16.170953490347262     
 -0.90100000000000002        16.679285888864101     
 -0.89399999999999991        17.200553033707287     
 -0.88700000000000001        17.734632371295938     
 -0.87999999999999989        18.281693408344164     
 -0.87300000000000000        18.842206687598122     
 -0.86599999999999988        19.415736939625262     
 -0.85899999999999999        20.002156557867796     
 -0.85199999999999987        20.602607106425356     
 -0.84499999999999997        21.217189883507320     
 -0.83800000000000008        21.845396328859721     
 -0.83099999999999996        22.487172319179741     
 -0.82400000000000007        23.142841226346178     
 -0.81699999999999995        23.812784075963908     
 -0.81000000000000005        24.496400392915387     
 -0.80299999999999994        25.193758761244759     
 -0.79600000000000004        25.906091889033867     
 -0.78899999999999992        26.633467454561732     
 -0.78200000000000003        27.375236163118203     
 -0.77499999999999991        28.130532315068514     
 -0.76800000000000002        28.899883877212858     
 -0.76099999999999990        29.684065798787664     
 -0.75400000000000000        30.481646634743214     
 -0.74699999999999989        31.292380523153348     
 -0.73999999999999999        32.117436061107327     
 -0.73299999999999987        32.956767810611645     
 -0.72599999999999998        33.810135873268280     
 -0.71900000000000008        34.677485743253129     
 -0.71199999999999997        35.557831647575433     
 -0.70500000000000007        36.450768366089974     
 -0.69799999999999995        37.358011107335244     
 -0.69100000000000006        38.279347393049036     
 -0.68399999999999994        39.213360433530738     
 -0.67700000000000005        40.159921675235083     
 -0.66999999999999993        41.118946384213373     
 -0.66300000000000003        42.090106574918821     
 -0.65599999999999992        43.073067744624666     
 -0.64900000000000002        44.067421902389832     
 -0.64199999999999990        45.072727429179302     
 -0.63500000000000001        46.089303439251367     
 -0.62799999999999989        47.117285819917903     
 -0.62100000000000000        48.155513798246020     
 -0.61399999999999988        49.203597044213247     
 -0.60699999999999998        50.261525553470889     
 -0.59999999999999987        51.328094579841263     
 -0.59299999999999997        52.403383409436060     
 -0.58600000000000008        53.488671732576471     
 -0.57899999999999996        54.582099937429973     
 -0.57200000000000006        55.682334174517834     
 -0.56499999999999995        56.790561634952461     
 -0.55800000000000005        57.905822734556899     
 -0.55099999999999993        59.026362465247921     
 -0.54400000000000004        60.151712046931692     
 -0.53699999999999992        61.282335783139658     
 -0.53000000000000003        62.418746909873470     
 -0.52299999999999991        63.559400598778481     
 -0.51600000000000001        64.703238651001982     
 -0.50899999999999990        65.850357438659842     
 -0.50200000000000000        67.000568637880534     
 -0.49499999999999988        68.152962836710131     
 -0.48799999999999999        69.305808102655106     
 -0.48099999999999987        70.459273129920518     
 -0.47399999999999998        71.614035010319412     
 -0.46699999999999986        72.769124770995063     
 -0.45999999999999996        73.923807179078750     
 -0.45300000000000007        75.077722300155685     
 -0.44599999999999995        76.230271466625368     
 -0.43900000000000006        77.380333650087749     
 -0.43199999999999994        78.526575581501135     
 -0.42500000000000004        79.670033771456119     
 -0.41799999999999993        80.811128955176471     
 -0.41100000000000003        81.947485882949181     
 -0.40399999999999991        83.078656057842650     
 -0.39700000000000002        84.205149756607483     
 -0.38999999999999990        85.326288787208242     
 -0.38300000000000001        86.440530606312407     
 -0.37599999999999989        87.546435822716234     
 -0.36899999999999999        88.645540815986024     
 -0.36199999999999988        89.738114712805483     
 -0.35499999999999998        90.821863997950658     
 -0.34799999999999986        91.895956661034845     
 -0.34099999999999997        92.960349361943884     
 -0.33400000000000007        94.015061229864585     
 -0.32699999999999996        95.058901859628577     
 -0.32000000000000006        96.090536625464267     
 -0.31299999999999994        97.110542001959899     
 -0.30600000000000005        98.119149892516475     
 -0.29899999999999993        99.115576450848209     
 -0.29200000000000004        100.09742612713232     
 -0.28499999999999992        101.06414114873927     
 -0.27800000000000002        102.01780684601306     
 -0.27099999999999991        102.95629571004119     
 -0.26400000000000001        103.87745044920852     
 -0.25699999999999990        104.78310014112157     
 -0.25000000000000000        105.67299948010283     
 -0.24299999999999988        106.54628611540657     
 -0.23599999999999999        107.40548761779597     
 -0.22899999999999987        108.24624961084331     
 -0.22199999999999998        109.05990672826107     
 -0.21499999999999986        109.85438678618955     
 -0.20799999999999996        110.63516813662761     
 -0.20100000000000007        111.39644221398966     
 -0.19399999999999995        112.13466039628477     
 -0.18700000000000006        112.84831248085834     
 -0.17999999999999994        113.53711824603282     
 -0.17300000000000004        114.20277989564612     
 -0.16599999999999993        114.84812941323352     
 -0.15900000000000003        115.47516712846345     
 -0.15199999999999991        116.08090740352934     
 -0.14500000000000002        116.65814069817924     
 -0.13799999999999990        117.20462076789791     
 -0.13100000000000001        117.72396121471380     
 -0.12399999999999989        118.22472994026774     
 -0.11699999999999999        118.70244809165146     
 -0.10999999999999988        119.14975092896640     
 -0.10299999999999998        119.56879994549885     
  -9.5999999999999863E-002   119.96036138484698     
  -8.8999999999999968E-002   120.32339354831771     
  -8.1999999999999851E-002   120.65808253568362     
  -7.4999999999999956E-002   120.96461858806843     
  -6.8000000000000060E-002   121.24289407993288     
  -6.0999999999999943E-002   121.49298282447107     
  -5.4000000000000048E-002   121.71482567709441     
  -4.6999999999999931E-002   121.90814718582382     
  -4.0000000000000036E-002   122.07387479068494     
  -3.2999999999999918E-002   122.21167335906740     
  -2.6000000000000023E-002   122.31671407524304     
  -1.8999999999999906E-002   122.39032710600679     
  -1.2000000000000011E-002   122.43706412616439     
  -4.9999999999998934E-003   122.45235823943979     
   2.0000000000002238E-003   122.43489579954760     
   8.9999999999998970E-003   122.38937697019655     
   1.6000000000000014E-002   122.31676020575341     
   2.3000000000000131E-002   122.21551769771028     
   3.0000000000000249E-002   122.08260554289666     
   3.6999999999999922E-002   121.91590841920120     
   4.4000000000000039E-002   121.71652369052548     
   5.1000000000000156E-002   121.49210791785406     
   5.7999999999999829E-002   121.24432768393685     
   6.4999999999999947E-002   120.96851484106152     
   7.2000000000000064E-002   120.65922123410793     
   7.9000000000000181E-002   120.31863374223794     
   8.5999999999999854E-002   119.95624932712323     
   9.2999999999999972E-002   119.56478095011953     
  0.10000000000000009        119.13903323399575     
  0.10700000000000021        118.68993049879454     
  0.11399999999999988        118.21643114376334     
  0.12100000000000000        117.71277941419433     
  0.12800000000000011        117.18385017910528     
  0.13500000000000023        116.63178548943264     
  0.14199999999999990        116.05509587268932     
  0.14900000000000002        115.45499193153880     
  0.15600000000000014        114.83014729222876     
  0.16300000000000026        114.17604403432892     
  0.16999999999999993        113.49723575425705     
  0.17700000000000005        112.79947947414078     
  0.18400000000000016        112.08259348589993     
  0.19099999999999984        111.34353156732665     
  0.19799999999999995        110.57949445155754     
  0.20500000000000007        109.79284223404906     
  0.21200000000000019        108.98866112721257     
  0.21899999999999986        108.17092287020614     
  0.22599999999999998        107.33046634559460     
  0.23300000000000010        106.46418380669678     
  0.24000000000000021        105.58202763425415     
  0.24699999999999989        104.68510212293708     
  0.25400000000000000        103.77145451717054     
  0.26100000000000012        102.84225066088817     
  0.26800000000000024        101.89740579750200     
  0.27499999999999991        100.93577560895072     
  0.28200000000000003        99.956615881018877     
  0.28900000000000015        98.961961282365962     
  0.29600000000000026        97.955725083131341     
  0.30299999999999994        96.937374007869934     
  0.31000000000000005        95.906289198236138     
  0.31700000000000017        94.863752505820003     
  0.32399999999999984        93.809830499784667     
  0.33099999999999996        92.744323862169566     
  0.33800000000000008        91.667956506145472     
  0.34500000000000020        90.581699647450819     
  0.35199999999999987        89.486321355181857     
  0.35899999999999999        88.381616883054477     
  0.36600000000000010        87.268477722612644     
  0.37300000000000022        86.148698394033886     
  0.37999999999999989        85.021291546917666     
  0.38700000000000001        83.885800608238299     
  0.39400000000000013        82.744066618849473     
  0.40100000000000025        81.596991951629207     
  0.40799999999999992        80.444720086032277     
  0.41500000000000004        79.287108675194645     
  0.42200000000000015        78.125419212991531     
  0.42900000000000027        76.961223878878997     
  0.43599999999999994        75.793072587934077     
  0.44300000000000006        74.621135599353522     
  0.45000000000000018        73.447786310493584     
  0.45699999999999985        72.273075210754229     
  0.46399999999999997        71.096621056760441     
  0.47100000000000009        69.918924142993319     
  0.47800000000000020        68.741475508044758     
  0.48499999999999988        67.565441714024900     
  0.49199999999999999        66.389935562100774     
  0.49900000000000011        65.214999999999989     
  0.50600000000000023        64.041694416392062     
  0.51299999999999990        62.870980980629284     
  0.52000000000000002        61.703251839074099     
  0.52700000000000014        60.538457399927324     
  0.53400000000000025        59.377871023234185     
  0.54099999999999993        58.222241340789950     
  0.54800000000000004        57.070574859132513     
  0.55500000000000016        55.923461505014004     
  0.56199999999999983        54.782238067367317     
  0.56899999999999995        53.647412942988545     
  0.57600000000000007        52.519107294078317     
  0.58300000000000018        51.397486817679464     
  0.58999999999999986        50.283791370054630     
  0.59699999999999998        49.178636304146636     
  0.60400000000000009        48.081593267571463     
  0.61100000000000021        46.993039896251148     
  0.61799999999999988        45.913511004346717     
  0.62500000000000000        44.843195537574886     
  0.63200000000000012        43.782301466203641     
  0.63900000000000023        42.731458785272686     
  0.64599999999999991        41.692282447585491     
  0.65300000000000002        40.664305544090269     
  0.66000000000000014        39.645725492541544     
  0.66700000000000026        38.638108243165888     
  0.67399999999999993        37.642639457346881     
  0.68100000000000005        36.658765466986537     
  0.68800000000000017        35.686756843905023     
  0.69499999999999984        34.727436687481351     
  0.70199999999999996        33.781779924909394     
  0.70900000000000007        32.849184208562875     
  0.71600000000000019        31.928653812805830     
  0.72299999999999986        31.021210335633302     
  0.72999999999999998        30.127283245893278     
  0.73700000000000010        29.246523697396505     
  0.74400000000000022        28.379503009503853     
  0.75099999999999989        27.526323344100913     
  0.75800000000000001        26.686163595472976     
  0.76500000000000012        25.859615388338465     
  0.77200000000000024        25.047401486193102     
  0.77899999999999991        24.249057758140591     
  0.78600000000000003        23.464168228374568     
  0.79300000000000015        22.692856915920419     
  0.80000000000000027        21.936485889839055     
  0.80699999999999994        21.195013372224906     
  0.81400000000000006        20.467014407053590     
  0.82100000000000017        19.752801644975804     
  0.82799999999999985        19.052889610801053     
  0.83499999999999996        18.367170336705897     
  0.84200000000000008        17.695366382074138     
  0.84900000000000020        17.037222991732420     
  0.85599999999999987        16.392675610254784     
  0.86299999999999999        15.761932052490808     
  0.87000000000000011        15.145079872703352     
  0.87700000000000022        14.541147607079136     
  0.88399999999999990        13.950159798574736     
  0.89100000000000001        13.373161113587932     
  0.89800000000000013        12.809329926275941     
  0.90500000000000025        12.258256110801444     
  0.91199999999999992        11.721065528716931     
  0.91900000000000004        11.196980372750573     
  0.92600000000000016        10.684781266611498     
  0.93300000000000027        10.184793939925251     
  0.93999999999999995        9.6971430003080865     
  0.94700000000000006        9.2215981675415222     
  0.95400000000000018        8.7578850405489508     
  0.96099999999999985        8.3059199068955749     
  0.96799999999999997        7.8657472114112705     
  0.97500000000000009        7.4367966880671688     
  0.98200000000000021        7.0186245181536506     
  0.98899999999999988        6.6113465949149761     
  0.99600000000000000        6.2148444780910568     
   1.0030000000000001        5.8286256871985840     
   1.0100000000000002        5.4518038126858110     
   1.0169999999999999        5.0859000000000005     
   1.0240000000000000        4.7329039675793938     
   1.0310000000000001        4.3885642860309479     
   1.0380000000000003        4.0510253918779364     
   1.0449999999999999        3.7229903506541957     
   1.0520000000000000        3.4045580001672753     
   1.0590000000000002        3.0948198758426537     
   1.0660000000000003        2.7933338263209020     
   1.0730000000000000        2.5015041890737244     
   1.0800000000000001        2.2200928889743770     
   1.0870000000000002        1.9453957303608731     
   1.0939999999999999        1.6767589897060260     
   1.1010000000000000        1.4162794497056512     
   1.1080000000000001        1.1631340147513649     
   1.1150000000000002       0.91740384232415373     
   1.1219999999999999       0.68082800310604208     
   1.1290000000000000       0.45116734383146051     
   1.1360000000000001       0.22639571961298044     
   1.1430000000000002        8.1526821987503162E-003
   1.1499999999999999      -0.20314544354913355     
   1.1570000000000000      -0.40811454509588518     
   1.1640000000000001      -0.60722680239780047     
   1.1710000000000003      -0.79984465835595442     
   1.1779999999999999      -0.98504093340277077     
   1.1850000000000001       -1.1650162583417010     
   1.1920000000000002       -1.3408689747461273     
   1.1990000000000003       -1.5111395090428026     
   1.2060000000000000       -1.6760886491431974     
   1.2130000000000001       -1.8360395865515295     
   1.2200000000000002       -1.9898403566794300     
   1.2269999999999999       -2.1383869595424598     
   1.2340000000000000       -2.2833159015298685     
   1.2410000000000001       -2.4238456608175518     
   1.2480000000000002       -2.5594902115995843     
   1.2549999999999999       -2.6905680746995406     
   1.2620000000000000       -2.8174537989658881     
   1.2690000000000001       -2.9399308760410383     
   1.2760000000000002       -3.0571698595194330     
   1.2829999999999999       -3.1702905991328225     
   1.2900000000000000       -3.2804262462334650     
   1.2970000000000002       -3.3867174685344335     
   1.3040000000000003       -3.4890517314203602     
   1.3109999999999999       -3.5877544050568213     
   1.3180000000000001       -3.6822120563956573     
   1.3250000000000002       -3.7727128789374613     
   1.3319999999999999       -3.8604156176357494     
   1.3390000000000000       -3.9449978992017618     
   1.3460000000000001       -4.0260306513726682     
   1.3530000000000002       -4.1037469674480063     
   1.3599999999999999       -4.1783146142885155     
   1.3670000000000000       -4.2496953266366768     
   1.3740000000000001       -4.3175708177346763     
   1.3810000000000002       -4.3823146941861317     
   1.3879999999999999       -4.4445953670409928     
   1.3950000000000000       -4.5041769336360060     
   1.4020000000000001       -4.5608936950679970     
   1.4090000000000003       -4.6148923585282748     
   1.4159999999999999       -4.6662665773858789     
   1.4230000000000000       -4.7149502697131043     
   1.4300000000000002       -4.7607242947547679     
   1.4370000000000003       -4.8039512014391974     
   1.4440000000000000       -4.8450485069870926     
   1.4510000000000001       -4.8837921431910214     
   1.4580000000000002       -4.9201021112513788     
   1.4649999999999999       -4.9540483952620988     
   1.4720000000000000       -4.9855351367013796     
   1.4790000000000001       -5.0146976376400003     
   1.4860000000000002       -5.0419083978629367     
   1.4929999999999999       -5.0670595644925980     
   1.5000000000000000       -5.0900204126988893     
   1.5070000000000001       -5.1109425582833250     
   1.5140000000000002       -5.1298841212947233     
   1.5209999999999999       -5.1468384551273703     
   1.5280000000000000       -5.1618250333677080     
   1.5350000000000001       -5.1749258736057451     
   1.5420000000000003       -5.1862582328303022     
   1.5489999999999999       -5.1958824910292014     
   1.5560000000000000       -5.2038103485867282     
   1.5630000000000002       -5.2100232819362544     
   1.5700000000000003       -5.2145768494420581     
   1.5770000000000000       -5.2175660167901725     
   1.5840000000000001       -5.2190903648353535     
   1.5910000000000002       -5.2191254947314540     
   1.5979999999999999       -5.2176407030221323     
   1.6050000000000000       -5.2147979852324386     
   1.6120000000000001       -5.2106390972378422     
   1.6190000000000002       -5.2051143045709640     
   1.6259999999999999       -5.1983621885996554     
   1.6330000000000000       -5.1904186561236010     
   1.6400000000000001       -5.1811555858812719     
   1.6470000000000002       -5.1706387692002824     
   1.6539999999999999       -5.1589775614983751     
   1.6610000000000000       -5.1461966534140720     
   1.6680000000000001       -5.1323742447764049     
   1.6750000000000003       -5.1175725831456056     
   1.6819999999999999       -5.1016903058849579     
   1.6890000000000001       -5.0847025296710884     
   1.6960000000000002       -5.0666931099927766     
   1.7030000000000003       -5.0477727453409829     
   1.7100000000000000       -5.0279730417887318     
   1.7170000000000001       -5.0072363784677973     
   1.7240000000000002       -4.9857296835968548     
   1.7309999999999999       -4.9635418537563263     
   1.7380000000000000       -4.9404101945919052     
   1.7450000000000001       -4.9163565682300110     
   1.7520000000000002       -4.8915689789999917     
   1.7589999999999999       -4.8660456987546432     
   1.7660000000000000       -4.8398865326539227     
   1.7730000000000001       -4.8132550858577581     
   1.7800000000000002       -4.7859381133919747     
   1.7869999999999999       -4.7578189713855163     
   1.7940000000000000       -4.7290871865894264     
   1.8010000000000002       -4.6997957228626461     
   1.8080000000000003       -4.6699331227476755     
   1.8149999999999999       -4.6395297812495571     
   1.8220000000000001       -4.6087335824382007     
   1.8290000000000002       -4.5776484358203806     
   1.8360000000000003       -4.5459739398201187     
   1.8430000000000000       -4.5136558904907353     
   1.8500000000000001       -4.4809323655205064     
   1.8570000000000002       -4.4477267525423123     
   1.8639999999999999       -4.4140882882935735     
   1.8710000000000000       -4.3803655485077115     
   1.8780000000000001       -4.3463162739738799     
   1.8850000000000002       -4.3116153181990065     
   1.8919999999999999       -4.2764857699578078     
   1.8990000000000000       -4.2410851988338916     
   1.9060000000000001       -4.2054189553222550     
   1.9130000000000003       -4.1693619267507538     
   1.9199999999999999       -4.1330466296272377     
   1.9270000000000000       -4.0968039291782485     
   1.9340000000000002       -4.0602797600827643     
   1.9410000000000003       -4.0232145119126983     
   1.9480000000000000       -3.9858975930199088     
   1.9550000000000001       -3.9483897240560699     
   1.9620000000000002       -3.9107031519453059     
   1.9689999999999999       -3.8730848789455994     
   1.9760000000000000       -3.8354000000000008     
   1.9830000000000001       -3.7973033515370531     
   1.9900000000000002       -3.7589455743873432     
   1.9969999999999999       -3.7204973946527331     
   2.0040000000000004       -3.6819853988482940     
   2.0110000000000001       -3.6433397094452187     
   2.0179999999999998       -3.6046247464249337     
   2.0250000000000004       -3.5661420516650177     
   2.0320000000000000       -3.5276251158299190     
   2.0389999999999997       -3.4887399462921387     
   2.0460000000000003       -3.4498673206196564     
   2.0529999999999999       -3.4110556648819186     
   2.0600000000000005       -3.3721107743131995     
   2.0670000000000002       -3.3334478246852144     
   2.0739999999999998       -3.2950920589617620     
   2.0810000000000004       -3.2564816280287854     
   2.0880000000000001       -3.2177541699107786     
   2.0949999999999998       -3.1791900869892444     
   2.1020000000000003       -3.1407585371642184     
   2.1090000000000000       -3.1024231522284551     
   2.1159999999999997       -3.0642376407171019     
   2.1230000000000002       -3.0264407877154156     
   2.1299999999999999       -2.9889097275674859     
   2.1370000000000005       -2.9512873243942868     
   2.1440000000000001       -2.9137525570122378     
   2.1509999999999998       -2.8764908618890805     
   2.1580000000000004       -2.8394836903387537     
   2.1650000000000000       -2.8026757670826292     
   2.1719999999999997       -2.7661125213489335     
   2.1790000000000003       -2.7300476342306101     
   2.1859999999999999       -2.6943437666492112     
   2.1930000000000005       -2.6587290670506691     
   2.2000000000000002       -2.6233403186906754     
   2.2069999999999999       -2.5882921141948301     
   2.2140000000000004       -2.5536256149093104     
   2.2210000000000001       -2.5194958363746895     
   2.2279999999999998       -2.4858715477610613     
   2.2350000000000003       -2.4524607708567805     
   2.2420000000000000       -2.4193395431369762     
   2.2489999999999997       -2.3866678626380926     
   2.2560000000000002       -2.3544002628264082     
   2.2629999999999999       -2.3225387586033595     
   2.2700000000000005       -2.2911597131837911     
   2.2770000000000001       -2.2604113551556368     
   2.2839999999999998       -2.2301798812030267     
   2.2910000000000004       -2.2001573154653453     
   2.2980000000000000       -2.1704797261633502     
   2.3049999999999997       -2.1412408921661759     
   2.3120000000000003       -2.1122965782925394     
   2.3190000000000000       -2.0838777473627177     
   2.3260000000000005       -2.0561257916649738     
   2.3330000000000002       -2.0285861690274545     
   2.3399999999999999       -2.0012365387503026     
   2.3470000000000004       -1.9743441777229356     
   2.3540000000000001       -1.9478553759587915     
   2.3609999999999998       -1.9216980681891638     
   2.3680000000000003       -1.8958808640058995     
   2.3750000000000000       -1.8705313244748227     
   2.3819999999999997       -1.8456516078621146     
   2.3890000000000002       -1.8210180943961076     
   2.3959999999999999       -1.7966472906723203     
   2.4030000000000005       -1.7726260298945147     
   2.4100000000000001       -1.7488917226504519     
   2.4169999999999998       -1.7255402676740410     
   2.4240000000000004       -1.7026989041171290     
   2.4310000000000000       -1.6801052143538313     
   2.4379999999999997       -1.6576640031121235     
   2.4450000000000003       -1.6355544737541454     
   2.4520000000000000       -1.6138160850812311     
   2.4590000000000005       -1.5923834729579402     
   2.4660000000000002       -1.5711410610556855     
   2.4729999999999999       -1.5502540042768462     
   2.4800000000000004       -1.5298620138563537     
   2.4870000000000001       -1.5096675180613879     
   2.4939999999999998       -1.4896000000000016     
   2.5010000000000003       -1.4697964649751925     
   2.5080000000000000       -1.4502564335089021     
   2.5149999999999997       -1.4310167704615626     
   2.5220000000000002       -1.4121655793360723     
   2.5289999999999999       -1.3935628985496051     
   2.5360000000000005       -1.3750978545318628     
   2.5430000000000001       -1.3568679932397349     
   2.5499999999999998       -1.3389046014296713     
   2.5570000000000004       -1.3211817321148427     
   2.5640000000000001       -1.3036674117614413     
   2.5709999999999997       -1.2864430877738213     
   2.5780000000000003       -1.2696080051380720     
   2.5850000000000000       -1.2529289783983526     
   2.5920000000000005       -1.2363231980027103     
   2.5990000000000002       -1.2199834040579094     
   2.6059999999999999       -1.2038712146517412     
   2.6130000000000004       -1.1879444617511083     
   2.6200000000000001       -1.1723325847076105     
   2.6269999999999998       -1.1569692294260880     
   2.6340000000000003       -1.1417251200788738     
   2.6410000000000000       -1.1266739111426411     
   2.6479999999999997       -1.1118324431088107     
   2.6550000000000002       -1.0971441861632325     
   2.6619999999999999       -1.0826189574784868     
   2.6690000000000005       -1.0683213280194992     
   2.6760000000000002       -1.0543361503203410     
   2.6829999999999998       -1.0405603105669770     
   2.6900000000000004       -1.0268720078103684     
   2.6970000000000001       -1.0132840948634900     
   2.7039999999999997      -0.99985748524182561     
   2.7110000000000003      -0.98665964801240058     
   2.7180000000000000      -0.97371249703982532     
   2.7250000000000005      -0.96094851643719303     
   2.7320000000000002      -0.94825476438427692     
   2.7389999999999999      -0.93567677813054340     
   2.7460000000000004      -0.92326775691033336     
   2.7530000000000001      -0.91101794761579891     
   2.7599999999999998      -0.89890457159043646     
   2.7670000000000003      -0.88693968562775938     
   2.7740000000000000      -0.87520587030846153     
   2.7809999999999997      -0.86364075444127253     
   2.7880000000000003      -0.85212960222818479     
   2.7949999999999999      -0.84073680100270787     
   2.8020000000000005      -0.82950568248426393     
   2.8090000000000002      -0.81841823265228331     
   2.8159999999999998      -0.80745368094029979     
   2.8230000000000004      -0.79664006220137895     
   2.8300000000000001      -0.78605737010308940     
   2.8369999999999997      -0.77561274279212744     
   2.8440000000000003      -0.76521087210740146     
   2.8510000000000000      -0.75494480684251863     
   2.8580000000000005      -0.74482866981663198     
   2.8650000000000002      -0.73483048944433127     
   2.8719999999999999      -0.72502858565289685     
   2.8790000000000004      -0.71540504693620655     
   2.8860000000000001      -0.70583971683339564     
   2.8929999999999998      -0.69636909956011483     
   2.9000000000000004      -0.68704539864876790     
   2.9070000000000000      -0.67785418602431524     
   2.9139999999999997      -0.66878322234482035     
   2.9210000000000003      -0.65984487038705475     
   2.9279999999999999      -0.65109358491330815     
   2.9350000000000005      -0.64248751653431224     
   2.9420000000000002      -0.63394053899865876     
   2.9489999999999998      -0.62549910697545896     
   2.9560000000000004      -0.61719029363703781     
   2.9630000000000001      -0.60899386848824155     
   2.9699999999999998      -0.60096195123522134     
   2.9770000000000003      -0.59310079416719730     
   2.9840000000000000      -0.58530463102289598     
   2.9910000000000005      -0.57758506373096108     
   2.9980000000000002      -0.57000079573260110     
   3.0049999999999999      -0.56254201251744207     
   3.0120000000000005      -0.55518999999999952     
   3.0190000000000001      -0.54794281760710528     
   3.0259999999999998      -0.54085589747501028     
   3.0330000000000004      -0.53391491018462789     
   3.0400000000000000      -0.52702409282522045     
   3.0469999999999997      -0.52021405257479225     
   3.0540000000000003      -0.51352685309417345     
   3.0609999999999999      -0.50693516190766141     
   3.0680000000000005      -0.50046769765919086     
   3.0750000000000002      -0.49415020995224235     
   3.0819999999999999      -0.48790167740099177     
   3.0890000000000004      -0.48170569023559706     
   3.0960000000000001      -0.47560917356975851     
   3.1029999999999998      -0.46961249832499352     
   3.1100000000000003      -0.46370452237642801     
   3.1170000000000000      -0.45788187320540397     
   3.1239999999999997      -0.45217643906989458     
   3.1310000000000002      -0.44659160059418446     
   3.1379999999999999      -0.44105611386766991     
   3.1450000000000005      -0.43557624107006254     
   3.1520000000000001      -0.43019164738848542     
   3.1589999999999998      -0.42488010529537368     
   3.1660000000000004      -0.41965147077331666     
   3.1730000000000000      -0.41453761150800378     
   3.1799999999999997      -0.40948724440130801     
   3.1870000000000003      -0.40447438947273773     
   3.1940000000000000      -0.39953683923033978     
   3.2010000000000005      -0.39467411424623333     
   3.2080000000000002      -0.38987250635381421     
   3.2149999999999999      -0.38513232731770852     
   3.2220000000000004      -0.38047487499247684     
   3.2290000000000001      -0.37591233788360884     
   3.2359999999999998      -0.37139111981634276     
   3.2430000000000003      -0.36689870944780278     
   3.2500000000000000      -0.36246818388005542     
   3.2569999999999997      -0.35809246438111775     
   3.2640000000000002      -0.35377437632840009     
   3.2709999999999999      -0.34954257744152922     
   3.2780000000000005      -0.34536646269089910     
   3.2850000000000001      -0.34121262891735182     
   3.2919999999999998      -0.33710410794149714     
   3.2990000000000004      -0.33304965305952755     
   3.3060000000000000      -0.32904306804064742     
   3.3129999999999997      -0.32508157900066914     
   3.3200000000000003      -0.32118049833446188     
   3.3270000000000000      -0.31736046176110255     
   3.3340000000000005      -0.31357738242246713     
   3.3410000000000002      -0.30980842523318614     
   3.3479999999999999      -0.30609172988494676     
   3.3550000000000004      -0.30242008653129271     
   3.3620000000000001      -0.29878392957592997     
   3.3689999999999998      -0.29522339920896118     
   3.3760000000000003      -0.29172008942903016     
   3.3830000000000000      -0.28822598324680571     
   3.3899999999999997      -0.28476290022221895     
   3.3970000000000002      -0.28134758654538888     
   3.4039999999999999      -0.27797315696711605     
   3.4110000000000005      -0.27463429346952167     
   3.4180000000000001      -0.27133782408425600     
   3.4249999999999998      -0.26810378182272393     
   3.4320000000000004      -0.26490858159505476     
   3.4390000000000001      -0.26172319643463005     
   3.4459999999999997      -0.25856402282743318     
   3.4530000000000003      -0.25544577789262124     
   3.4600000000000000      -0.25237080805358686     
   3.4670000000000005      -0.24932189887439227     
   3.4740000000000002      -0.24630395051100806     
   3.4809999999999999      -0.24334359124442617     
   3.4880000000000004      -0.24041312334589293     
   3.4950000000000001      -0.23749044926462792     
   3.5019999999999998      -0.23459694646875953     
   3.5090000000000003      -0.23173185895390394     
   3.5160000000000000      -0.22889207311048881     
   3.5229999999999997      -0.22610533883136752     
   3.5300000000000002      -0.22335917934889915     
   3.5369999999999999      -0.22061706689130300     
   3.5440000000000005      -0.21789870845568110     
   3.5510000000000002      -0.21521842436653077     
   3.5579999999999998      -0.21256627934663069     
   3.5650000000000004      -0.20993969694989506     
   3.5720000000000001      -0.20734752435895207     
   3.5789999999999997      -0.20480908899482841     
   3.5860000000000003      -0.20230398674244024     
   3.5930000000000000      -0.19980491534236261     
   3.6000000000000005      -0.19733300598673947     
   3.6070000000000002      -0.19489904447418246     
   3.6139999999999999      -0.19249962310921498     
   3.6210000000000004      -0.19014320048444036     
   3.6280000000000001      -0.18782729672553111     
   3.6349999999999998      -0.18553337186217342     
   3.6420000000000003      -0.18326024876748392     
   3.6490000000000000      -0.18101762828744142     
   3.6559999999999997      -0.17881884446306343     
   3.6630000000000003      -0.17665442003559273     
   3.6699999999999999      -0.17451340808881699     
   3.6770000000000005      -0.17242272900875769     
   3.6840000000000002      -0.17037647119334648     
   3.6909999999999998      -0.16834291328032186     
   3.6980000000000004      -0.16634344110722060     
   3.7050000000000001      -0.16438816987226687     
   3.7119999999999997      -0.16245473679949474     
   3.7190000000000003      -0.16056342148453873     
   3.7260000000000000      -0.15872871665313329     
   3.7330000000000005      -0.15691462158408157     
   3.7400000000000002      -0.15512352932497195     
   3.7469999999999999      -0.15337829126854274     
   3.7540000000000004      -0.15166882398444292     
   3.7610000000000001      -0.14998877251250792     
   3.7679999999999998      -0.14834361162560242     
   3.7750000000000004      -0.14674525504794494     
   3.7820000000000000      -0.14519148718990937     
   3.7889999999999997      -0.14365978863759626     
   3.7960000000000003      -0.14215051727702344     
   3.8029999999999999      -0.14067172938011419     
   3.8100000000000005      -0.13922264270063567     
   3.8170000000000002      -0.13781054654527392     
   3.8239999999999998      -0.13644190100098302     
   3.8310000000000004      -0.13509856348413840     
   3.8380000000000001      -0.13377157064861678     
   3.8449999999999998      -0.13246765497831151     
   3.8520000000000003      -0.13119650952463263     
   3.8590000000000000      -0.12995781765289544     
   3.8660000000000005      -0.12873697493755537     
   3.8730000000000002      -0.12754040468648462     
   3.8799999999999999      -0.12637764145609898     
   3.8870000000000005      -0.12523937322142609     
   3.8940000000000001      -0.12411816624172203     
   3.9009999999999998      -0.12301214393522884     
   3.9080000000000004      -0.12192695677023418     
   3.9150000000000000      -0.12086894998979088     
   3.9219999999999997      -0.11984027716295312     
   3.9290000000000003      -0.11882616473879751     
   3.9359999999999999      -0.11781977578851992     
   3.9430000000000005      -0.11683533981823535     
   3.9500000000000002      -0.11586865439115594     
   3.9569999999999999      -0.11491152238852473     
   3.9640000000000004      -0.11397338870748450     
   3.9710000000000001      -0.11305704072073069     
   3.9779999999999998      -0.11215781015479831     
   3.9850000000000003      -0.11127145752213632     
   3.9920000000000000      -0.11039462822298796     
   3.9990000000000006      -0.10952541961438061     
   4.0060000000000002      -0.10866538467980011     
   4.0129999999999999      -0.10781861949716509     
   4.0200000000000005      -0.10699038021176877     
   4.0270000000000001      -0.10617562061100065     
   4.0339999999999998      -0.10536646844556689     
   4.0410000000000004      -0.10456366117074589     
   4.0480000000000000      -0.10377121848478651     
   4.0549999999999997      -0.10299235899233106     
   4.0620000000000003      -0.10222077243138107     
   4.0690000000000000      -0.10145809295796043     
   4.0760000000000005      -0.10071540549203110     
   4.0830000000000002       -9.9980712827681673E-002
   4.0899999999999999       -9.9244598328466882E-002
   4.0970000000000004       -9.8519367422218923E-002
   4.1040000000000001       -9.7805793254134285E-002
   4.1109999999999998       -9.7099696669483745E-002
   4.1180000000000003       -9.6406844700267919E-002
   4.1250000000000000       -9.5725130162685801E-002
   4.1320000000000006       -9.5046322834623706E-002
   4.1390000000000002       -9.4373655043870741E-002
   4.1459999999999999       -9.3710282801793388E-002
   4.1530000000000005       -9.3054801908264928E-002
   4.1600000000000001       -9.2406007476889193E-002
   4.1669999999999998       -9.1765027765133511E-002
   4.1740000000000004       -9.1136364988562590E-002
   4.1810000000000000       -9.0515891572779436E-002
   4.1879999999999997       -8.9897022595066003E-002
   4.1950000000000003       -8.9283349574663190E-002
   4.2020000000000000       -8.8677400313365407E-002
   4.2090000000000005       -8.8078540930364352E-002
   4.2160000000000002       -8.7485134660627434E-002
   4.2229999999999999       -8.6898178830410663E-002
   4.2300000000000004       -8.6321574310734658E-002
   4.2370000000000001       -8.5750760178625943E-002
   4.2439999999999998       -8.5181301489552080E-002
   4.2510000000000003       -8.4617055031959362E-002
   4.2580000000000000       -8.4058194421473983E-002
   4.2650000000000006       -8.3503444792282083E-002
   4.2720000000000002       -8.2957193233300433E-002
   4.2789999999999999       -8.2418132319483209E-002
   4.2860000000000005       -8.1879725222507652E-002
   4.2930000000000001       -8.1343810088890578E-002
   4.2999999999999998       -8.0812766333869149E-002
   4.3070000000000004       -8.0285942806424135E-002
   4.3140000000000001       -7.9762560098077473E-002
   4.3209999999999997       -7.9243164629868940E-002
   4.3280000000000003       -7.8731040520539725E-002
   4.3350000000000000       -7.8223221886377328E-002
   4.3420000000000005       -7.7714399115026853E-002
   4.3490000000000002       -7.7207596852446866E-002
   4.3559999999999999       -7.6704233792621868E-002
   4.3630000000000004       -7.6202897801820477E-002
   4.3700000000000001       -7.5706869461706600E-002
   4.3769999999999998       -7.5216205213787829E-002
   4.3840000000000003       -7.4724201713483915E-002
   4.3910000000000000       -7.4231777505964047E-002
   4.3980000000000006       -7.3742258206567698E-002
   4.4050000000000002       -7.3254358875175743E-002
   4.4119999999999999       -7.2767084259264633E-002
   4.4190000000000005       -7.2281044963405067E-002
   4.4260000000000002       -7.1799788327639072E-002
   4.4329999999999998       -7.1321663552464415E-002
   4.4400000000000004       -7.0840038007035477E-002
   4.4470000000000001       -7.0357465538071762E-002
   4.4539999999999997       -6.9876605338290446E-002
   4.4610000000000003       -6.9394942518066424E-002
   4.4680000000000000       -6.8914880174621149E-002
   4.4750000000000005       -6.8438501545211597E-002
   4.4820000000000002       -6.7959938426774863E-002
   4.4889999999999999       -6.7477999999999996E-002
   4.4960000000000004       -6.6995687331094761E-002
   4.5030000000000001       -6.6513054989017634E-002
   4.5099999999999998       -6.6029230742878448E-002
   4.5170000000000003       -6.5544403530408982E-002
   4.5240000000000000       -6.5061373266501438E-002
   4.5309999999999997       -6.4580583305335046E-002
   4.5380000000000003       -6.4097180900817910E-002
   4.5449999999999999       -6.3611573708356767E-002
   4.5520000000000005       -6.3126201355578726E-002
   4.5590000000000002       -6.2639891214388829E-002
   4.5659999999999998       -6.2154891314797345E-002
   4.5730000000000004       -6.1674791862198930E-002
   4.5800000000000001       -6.1194345849424632E-002
   4.5869999999999997       -6.0710909737066401E-002
   4.5940000000000003       -6.0227882044888451E-002
   4.6010000000000000       -5.9746292479028858E-002
   4.6080000000000005       -5.9265852433318181E-002
   4.6150000000000002       -5.8786220875710796E-002
   4.6219999999999999       -5.8309853762545237E-002
   4.6290000000000004       -5.7838284051011643E-002
   4.6360000000000001       -5.7365831451034341E-002
   4.6429999999999998       -5.6892232860524555E-002
   4.6500000000000004       -5.6421992820066026E-002
   4.6570000000000000       -5.5953086267942778E-002
   4.6639999999999997       -5.5486023925438180E-002
   4.6710000000000003       -5.5025915074406517E-002
   4.6779999999999999       -5.4568111758364873E-002
   4.6850000000000005       -5.4108251774278429E-002
   4.6920000000000002       -5.3651213345013181E-002
   4.6989999999999998       -5.3198294048529493E-002
   4.7060000000000004       -5.2747967257725376E-002
   4.7130000000000001       -5.2299813734492592E-002
   4.7199999999999998       -5.1856122394771581E-002
   4.7270000000000003       -5.1419847957325432E-002
   4.7340000000000000       -5.0985810328504057E-002
   4.7410000000000005       -5.0551592127813468E-002
   4.7480000000000002       -5.0121704861572539E-002
   4.7549999999999999       -4.9696011397329175E-002
   4.7620000000000005       -4.9274048741367364E-002
   4.7690000000000001       -4.8859387109301794E-002
   4.7759999999999998       -4.8449593996240797E-002
   4.7830000000000004       -4.8039908317495356E-002
   4.7900000000000000       -4.7632829474370038E-002
   4.7969999999999997       -4.7230298089035748E-002
   4.8040000000000003       -4.6831952994578596E-002
   4.8109999999999999       -4.6436844140454001E-002
   4.8180000000000005       -4.6045570962889359E-002
   4.8250000000000002       -4.5660631345557687E-002
   4.8319999999999999       -4.5279174538525882E-002
   4.8390000000000004       -4.4898217852455319E-002
   4.8460000000000001       -4.4520555049767783E-002
   4.8529999999999998       -4.4147063525143936E-002
   4.8600000000000003       -4.3776709270509043E-002
   4.8670000000000000       -4.3408937697190064E-002
   4.8740000000000006       -4.3045053168169339E-002
   4.8810000000000002       -4.2687266820478548E-002
   4.8879999999999999       -4.2332598029495676E-002
   4.8950000000000005       -4.1978698393796060E-002
   4.9020000000000001       -4.1627052296272282E-002
   4.9089999999999998       -4.1278474202833260E-002
   4.9160000000000004       -4.0933591470345032E-002
   4.9230000000000000       -4.0593694407094358E-002
   4.9299999999999997       -4.0257198872443445E-002
   4.9370000000000003       -3.9921344666905403E-002
   4.9440000000000000       -3.9587611496549963E-002
   4.9510000000000005       -3.9257242608458962E-002
   4.9580000000000002       -3.8929892672819683E-002
   4.9649999999999999       -3.8604543822791618E-002
   4.9720000000000004       -3.8281731241278295E-002
   4.9790000000000001       -3.7964396678185131E-002
   4.9859999999999998       -3.7650073602677345E-002
   4.9930000000000003       -3.7335407916667625E-002
