  0.1000000E+00  0.0000000E+00
  0.1500000E+00  0.1035317E-03
  0.2000000E+00  0.2070743E-03
  0.2500000E+00  0.3104873E-03
  0.3000000E+00  0.4135086E-03
  0.3500000E+00  0.5157808E-03
  0.4000000E+00  0.6168743E-03
  0.4500000E+00  0.7163077E-03
  0.5000000E+00  0.8135659E-03
  0.5500000E+00  0.9081159E-03
  0.6000000E+00  0.9994209E-03
  0.6500000E+00  0.1086952E-02
  0.7000000E+00  0.1170199E-02
  0.7500000E+00  0.1248677E-02
  0.8000000E+00  0.1321937E-02
  0.8500000E+00  0.1389567E-02
  0.9000000E+00  0.1451201E-02
  0.9500000E+00  0.1506518E-02
  0.1000000E+01  0.1555245E-02
  0.1050000E+01  0.1597158E-02
  0.1100000E+01  0.1632085E-02
  0.1150000E+01  0.1659898E-02
  0.1200000E+01  0.1680520E-02
  0.1250000E+01  0.1693918E-02
  0.1300000E+01  0.1700102E-02
  0.1350000E+01  0.1699125E-02
  0.1400000E+01  0.1691074E-02
  0.1450000E+01  0.1676074E-02
  0.1500000E+01  0.1654281E-02
  0.1550000E+01  0.1625882E-02
  0.1600000E+01  0.1591088E-02
  0.1650000E+01  0.1550133E-02
  0.1700000E+01  0.1503273E-02
  0.1750000E+01  0.1450779E-02
  0.1800000E+01  0.1392940E-02
  0.1850000E+01  0.1330054E-02
  0.1900000E+01  0.1262432E-02
  0.1950000E+01  0.1190390E-02
  0.2000000E+01  0.1114253E-02
  0.2050000E+01  0.1034348E-02
  0.2100000E+01  0.9510039E-03
  0.2150000E+01  0.8645520E-03
  0.2200000E+01  0.7753219E-03
  0.2250000E+01  0.6836418E-03
  0.2300000E+01  0.5898368E-03
  0.2350000E+01  0.4942282E-03
  0.2400000E+01  0.3971325E-03
  0.2450000E+01  0.2988605E-03
  0.2500000E+01  0.1997171E-03
  0.2550000E+01  0.1000000E-03
  0.2600000E+01  0.0000000E+00
