  0.91188409999999998      ,  0.91184044119912677      ,   2280.0000000000000      ,  0.91380321742406045     
  0.94869510000000001      ,  0.91666251180668901      ,   2280.0100097656250      ,  0.91863235084873329     
  0.88559810000000005      ,  0.92152127556987729      ,   2280.0200195312500      ,  0.92349820021817375     
  0.89786840000000001      ,  0.92641708723821437      ,   2280.0300292968750      ,  0.92840112013115861     
  0.94863399999999998      ,  0.93135030559733945      ,   2280.0400390625000      ,  0.93334146921543382     
  0.89552710000000002      ,  0.93632129351969573      ,   2280.0500488281250      ,  0.93831961017821797     
  0.94824180000000002      ,  0.94133041801586681      ,   2280.0600585937500      ,  0.94333590985734994     
  0.89901719999999996      ,  0.94637805028657107      ,   2280.0700683593750      ,  0.94839073927308770     
  0.98085990000000001      ,  0.95146456577531491      ,   2280.0800781250000      ,  0.95348447368056577     
  0.98240039999999995      ,  0.95659034422171896      ,   2280.0900878906250      ,  0.95861749262291718     
  0.99776310000000001      ,  0.96175576971551968      ,   2280.1000976562500      ,  0.96379017998506911     
  0.98310120000000001      ,  0.96696123075125551      ,   2280.1101074218750      ,  0.96900292404821509     
  0.95951830000000005      ,  0.97220712028364398      ,   2280.1201171875000      ,  0.97425611754497521     
  0.98593830000000005      ,  0.97736440262807767      ,   2280.1298828125000      ,  0.97942054566468806     
   1.0056790000000000      ,  0.98269133575890388      ,   2280.1398925781250      ,  0.98475482343516196     
  0.99373940000000005      ,  0.98805989360145130      ,   2280.1499023437500      ,  0.99013074613946717     
  0.99356770000000005      ,  0.99347048740392963      ,   2280.1599121093750      ,  0.99554872476666845     
  0.99331349999999996      ,  0.99892353316077620      ,   2280.1699218750000      ,   1.0010091750421461     
  0.95838420000000002      ,   1.0044194516723077      ,   2280.1799316406250      ,   1.0065125174869982     
   1.0088999999999999      ,   1.0099586686051110      ,   2280.1899414062500      ,   1.0120591774781758     
   1.0545949999999999      ,   1.0155416145531806      ,   2280.1999511718750      ,   1.0176495853093586     
   1.0061869999999999      ,   1.0211687250998087      ,   2280.2099609375000      ,   1.0232841762525788     
   1.0324130000000000      ,   1.0268404408802361      ,   2280.2199707031250      ,   1.0289633906205959     
  0.98741069999999997      ,   1.0325572076450660      ,   2280.2299804687500      ,   1.0346876738300330     
   1.0003400000000000      ,   1.0383194763244543      ,   2280.2399902343750      ,   1.0404574764652783     
   1.0218050000000001      ,   1.0441277030930769      ,   2280.2500000000000      ,   1.0462732543431594     
   1.0133950000000000      ,   1.0499823494358815      ,   2280.2600097656250      ,   1.0521354685783952     
   1.0949930000000001      ,   1.0558838822146319      ,   2280.2700195312500      ,   1.0580445856498346     
   1.0588100000000000      ,   1.0618327737352511      ,   2280.2800292968750      ,   1.0640010774674808     
   1.0453920000000001      ,   1.0678295018159643      ,   2280.2900390625000      ,   1.0700054214403176     
   1.1081170000000000      ,   1.0738745498562536      ,   2280.3000488281250      ,   1.0760581005449319     
   1.1012370000000000      ,   1.0799684069066280      ,   2280.3100585937500      ,   1.0821596033949472     
   1.0508350000000000      ,   1.0861115677392101      ,   2280.3200683593750      ,   1.0883104243112678     
   1.1023829999999999      ,   1.0923045329191530      ,   2280.3300781250000      ,   1.0945110633931405     
   1.0672990000000000      ,   1.0985478088768834      ,   2280.3400878906250      ,   1.1007620265900382     
   1.0501180000000001      ,   1.1048419079811829      ,   2280.3500976562500      ,   1.1070638257743730     
   1.1532940000000000      ,   1.1111873486131076      ,   2280.3601074218750      ,   1.1134169788150372     
   1.0800030000000000      ,   1.1175846552407533      ,   2280.3701171875000      ,   1.1198220096517821     
   1.0832720000000000      ,   1.1238764210673160      ,   2280.3798828125000      ,   1.1261213221434705     
   1.0987070000000001      ,   1.1303777603200447      ,   2280.3898925781250      ,   1.1326304073002802     
   1.1484550000000000      ,   1.1369325629312110      ,   2280.3999023437500      ,   1.1391929659441138     
   1.1814290000000001      ,   1.1435413783248418      ,   2280.4099121093750      ,   1.1458095469023284     
   1.1125130000000001      ,   1.1502047623966913      ,   2280.4199218750000      ,   1.1524807054557702     
   1.1414770000000001      ,   1.1569232775941283      ,   2280.4299316406250      ,   1.1592070034182187     
   1.1098269999999999      ,   1.1636974929968908      ,   2280.4399414062500      ,   1.1659890092166900     
   1.2034760000000000      ,   1.1705279843987111      ,   2280.4499511718750      ,   1.1728272979725973     
   1.1221070000000000      ,   1.1774153343898088      ,   2280.4599609375000      ,   1.1797224515837721     
   1.2350239999999999      ,   1.1843601324402588      ,   2280.4699707031250      ,   1.1866750588073465     
   1.1523159999999999      ,   1.1913629749842287      ,   2280.4799804687500      ,   1.1936857153434965     
   1.1384410000000000      ,   1.1984244655050922      ,   2280.4899902343750      ,   1.2007550239200473     
   1.2225980000000001      ,   1.2055452146214107      ,   2280.5000000000000      ,   1.2078835943779394     
   1.1900990000000000      ,   1.2127258401737913      ,   2280.5100097656250      ,   1.2150720437575526     
   1.2439620000000000      ,   1.2199669673126088      ,   2280.5200195312500      ,   1.2223209963858923     
   1.2095549999999999      ,   1.2272692285866025      ,   2280.5300292968750      ,   1.2296310839646258     
   1.2114320000000001      ,   1.2346332640323334      ,   2280.5400390625000      ,   1.2370029456589771     
   1.2558920000000000      ,   1.2420597212645059      ,   2280.5500488281250      ,   1.2444372281874672     
   1.2059679999999999      ,   1.2495492555671479      ,   2280.5600585937500      ,   1.2519345859125028     
   1.2069200000000000      ,   1.2571025299856431      ,   2280.5700683593750      ,   1.2594956809318034     
   1.2821880000000001      ,   1.2647202154196144      ,   2280.5800781250000      ,   1.2671211831706635     
   1.2313360000000000      ,   1.2724029907166479      ,   2280.5900878906250      ,   1.2748117704750448     
   1.3365039999999999      ,   1.2801515427668506      ,   2280.6000976562500      ,   1.2825681287054873     
   1.2629440000000001      ,   1.2879665665982398      ,   2280.6101074218750      ,   1.2903909518318348     
   1.2760609999999999      ,   1.2958487654729474      ,   2280.6201171875000      ,   1.2982809420287651     
   1.3320170000000000      ,   1.3036041331417094      ,   2280.6298828125000      ,   1.3060439022361332     
   1.3325579999999999      ,   1.3116211433454323      ,   2280.6398925781250      ,   1.3140686846972622     
   1.3483830000000001      ,   1.3197074708859473      ,   2280.6499023437500      ,   1.3221627731065495     
   1.3002920000000000      ,   1.3278638527283184      ,   2280.6599121093750      ,   1.3303269032182010     
   1.3484039999999999      ,   1.3360910345622092      ,   2280.6699218750000      ,   1.3385618194781459     
   1.3462479999999999      ,   1.3443897709027446      ,   2280.6799316406250      ,   1.3468682751241261     
   1.4125620000000001      ,   1.3527608251920991      ,   2280.6899414062500      ,   1.3552470322864987     
   1.4058379999999999      ,   1.3612049699017983      ,   2280.6999511718750      ,   1.3636988620897312     
   1.4084630000000000      ,   1.3697229866357128      ,   2280.7099609375000      ,   1.3722245447545749     
   1.4228019999999999      ,   1.3783156662337224      ,   2280.7199707031250      ,   1.3808248697008860     
   1.3738269999999999      ,   1.3869838088760313      ,   2280.7299804687500      ,   1.3895006356510851     
   1.3963129999999999      ,   1.3957282241881093      ,   2280.7399902343750      ,   1.3982526507342201     
   1.3381050000000001      ,   1.4045497313462347      ,   2280.7500000000000      ,   1.4070817325906131     
   1.3525130000000001      ,   1.4134491591836116      ,   2280.7600097656250      ,   1.4159887084770637     
   1.4274160000000000      ,   1.4224273462970323      ,   2280.7700195312500      ,   1.4249744153725747     
   1.4949619999999999      ,   1.4314851411540557      ,   2280.7800292968750      ,   1.4340397000845788     
   1.3762529999999999      ,   1.4406234022006705      ,   2280.7900390625000      ,   1.4431854193556248     
   1.3814510000000000      ,   1.4498429979694036      ,   2280.8000488281250      ,   1.4524124399704916     
   1.5216050000000001      ,   1.4591448071878446      ,   2280.8100585937500      ,   1.4617216388636949     
   1.5298300000000000      ,   1.4685297188875392      ,   2280.8200683593750      ,   1.4711139032273457     
   1.4654410000000000      ,   1.4779986325132224      ,   2280.8300781250000      ,   1.4805901306193197     
   1.4132760000000000      ,   1.4875524580323325      ,   2280.8400878906250      ,   1.4901512290716938     
   1.4807640000000000      ,   1.4971921160447750      ,   2280.8500976562500      ,   1.4997981171994048     
   1.4461580000000001      ,   1.5069185378928780      ,   2280.8601074218750      ,   1.5095317243090769     
   1.4530930000000000      ,   1.5167326657714937      ,   2280.8701171875000      ,   1.5193529905079755     
   1.4944809999999999      ,   1.5263928590752212      ,   2280.8798828125000      ,   1.5290201007428497     
   1.5473960000000000      ,   1.5363830720639531      ,   2280.8898925781250      ,   1.5390173529703031     
   1.5979870000000000      ,   1.5464638599604115      ,   2280.8999023437500      ,   1.5491051266338334     
   1.5552870000000001      ,   1.5566362091947203      ,   2280.9099121093750      ,   1.5592844058578663     
   1.4958070000000001      ,   1.5669011175975149      ,   2280.9199218750000      ,   1.5695561861093774     
   1.5739939999999999      ,   1.5772595945096730      ,   2280.9299316406250      ,   1.5799214743063272     
   1.5839660000000000      ,   1.5877126608917465      ,   2280.9399414062500      ,   1.5903812889257734     
   1.5284439999999999      ,   1.5982613494330187      ,   2280.9499511718750      ,   1.6009366601115800     
   1.5571680000000001      ,   1.6089067046601087      ,   2280.9599609375000      ,   1.6115886297816484     
   1.6103840000000000      ,   1.6196497830450274      ,   2280.9699707031250      ,   1.6223382517345761     
   1.6919990000000000      ,   1.6304916531126139      ,   2280.9799804687500      ,   1.6331865917556607     
   1.5904499999999999      ,   1.6414333955472380      ,   2280.9899902343750      ,   1.6441347277221559     
   1.6491860000000000      ,   1.6524761032986892      ,   2281.0000000000000      ,   1.6551837497076736     
   1.5979080000000001      ,   1.6636208816871361      ,   2281.0100097656250      ,   1.6663347600856360     
   1.7038549999999999      ,   1.6748688485070546      ,   2281.0200195312500      ,   1.6775888736316680     
   1.7399300000000000      ,   1.6862211341300146      ,   2281.0300292968750      ,   1.6889472176248153     
   1.6207769999999999      ,   1.6976788816061985      ,   2281.0400390625000      ,   1.7004109319474714     
   1.6995110000000000      ,   1.7092432467645364      ,   2281.0500488281250      ,   1.7119811691838893     
   1.6552690000000001      ,   1.7209153983113263      ,   2281.0600585937500      ,   1.7236590947171480     
   1.7991370000000000      ,   1.7326965179271987      ,   2281.0700683593750      ,   1.7354458868244387     
   1.7049420000000000      ,   1.7445878003622950      ,   2281.0800781250000      ,   1.7473427367705310     
   1.6823200000000000      ,   1.7565904535295012      ,   2281.0900878906250      ,   1.7593508488992655     
   1.8261449999999999      ,   1.7687056985955882      ,   2281.1000976562500      ,   1.7714714407229268     
   1.7438700000000000      ,   1.7809347700700984      ,   2281.1101074218750      ,   1.7837057430093273     
   1.7583089999999999      ,   1.7932789158918057      ,   2281.1201171875000      ,   1.7960549998664406     
   1.8339859999999999      ,   1.8054340892379130      ,   2281.1298828125000      ,   1.8082150404103545     
   1.8072280000000001      ,   1.8180092978695293      ,   2281.1398925781250      ,   1.8207951118298391     
   1.8633810000000000      ,   1.8307033744691450      ,   2281.1499023437500      ,   1.8334939194966293     
   1.8976970000000000      ,   1.8435176211661142      ,   2281.1599121093750      ,   1.8463127613364774     
   1.8372299999999999      ,   1.8564533539068373      ,   2281.1699218750000      ,   1.8592529489935627     
   1.9226240000000001      ,   1.8695119025228002      ,   2281.1799316406250      ,   1.8723158078965205     
   1.8858860000000000      ,   1.8826946107947913      ,   2281.1899414062500      ,   1.8855026773206203     
   1.9125490000000001      ,   1.8960028365130615      ,   2281.1999511718750      ,   1.8988149104458623     
   1.9093700000000000      ,   1.9094379515331881      ,   2281.2099609375000      ,   1.9122538744107411     
   1.9959540000000000      ,   1.9230013418273730      ,   2281.2199707031250      ,   1.9258209503614228     
   1.9372600000000000      ,   1.9366944075309307      ,   2281.2299804687500      ,   1.9395175334960735     
   2.0017410000000000      ,   1.9505185629836632      ,   2281.2399902343750      ,   1.9533450331040585     
   2.0153070000000000      ,   1.9644752367658567      ,   2281.2500000000000      ,   1.9673048725997269     
   1.9350579999999999      ,   1.9785658717285839      ,   2281.2600097656250      ,   1.9813984895504788     
   1.8946300000000000      ,   1.9927919250180099      ,   2281.2700195312500      ,   1.9956273356988086     
   2.0249590000000000      ,   2.0071548680933704      ,   2281.2800292968750      ,   2.0099928769779942     
   1.9260440000000001      ,   2.0216561867382885      ,   2281.2900390625000      ,   2.0244965935211034     
   2.0698330000000000      ,   2.0362973810650753      ,   2281.3000488281250      ,   2.0391399796629575     
   1.9957480000000001      ,   2.0510799655116592      ,   2281.3100585937500      ,   2.0539245439346945     
   2.1312519999999999      ,   2.0660054688307445      ,   2281.3200683593750      ,   2.0688518090505577     
   2.1591670000000001      ,   2.0810754340708373      ,   2281.3300781250000      ,   2.0839233118865073     
   2.0950679999999999      ,   2.0962914185486907      ,   2281.3400878906250      ,   2.0991406034502518     
   2.0892650000000001      ,   2.1116549938127811      ,   2281.3500976562500      ,   2.1145052488422791     
   2.1807479999999999      ,   2.1271677455973510      ,   2281.3601074218750      ,   2.1300188272074441     
   2.1146379999999998      ,   2.1428312737665682      ,   2281.3701171875000      ,   2.1456829316766557     
   2.0579060000000000      ,   2.1582596123210123      ,   2281.3798828125000      ,   2.1611115847013567     
   2.1752379999999998      ,   2.1742257730102801      ,   2281.3898925781250      ,   2.1770778068701433     
   2.2740459999999998      ,   2.1903475535307049      ,   2281.3999023437500      ,   2.1931993776785053     
   2.2540640000000001      ,   2.2066266091578535      ,   2281.4099121093750      ,   2.2094779450720861     
   2.1446429999999999      ,   2.2230646088554171      ,   2281.4199218750000      ,   2.2259151705283204     
   2.3158270000000001      ,   2.2396632351497816      ,   2281.4299316406250      ,   2.2425127289284825     
   2.2544000000000000      ,   2.2564241839910109      ,   2281.4399414062500      ,   2.2592723084161515     
   2.3690199999999999      ,   2.2733491645996362      ,   2281.4499511718750      ,   2.2761956102414773     
   2.2492909999999999      ,   2.2904398992986152      ,   2281.4599609375000      ,   2.2932843485906300     
   2.3227190000000002      ,   2.3076981233298053      ,   2281.4699707031250      ,   2.3105402503997712     
   2.3203490000000002      ,   2.3251255846542862      ,   2281.4799804687500      ,   2.3279650551528777     
   2.2862830000000001      ,   2.3427240437358039      ,   2281.4899902343750      ,   2.3455605146627256     
   2.2992509999999999      ,   2.3604952733066460      ,   2281.5000000000000      ,   2.3633283928342936     
   2.3957430000000000      ,   2.3784410581151625      ,   2281.5100097656250      ,   2.3812704654098691     
   2.3110249999999999      ,   2.3965631946541870      ,   2281.5200195312500      ,   2.3993885196950564     
   2.4725480000000002      ,   2.4148634908695299      ,   2281.5300292968750      ,   2.4176843542649120     
   2.5186860000000002      ,   2.4333437658477406      ,   2281.5400390625000      ,   2.4361597786493685     
   2.3818459999999999      ,   2.4520058494822567      ,   2281.5500488281250      ,   2.4548166129971043     
   2.4137870000000001      ,   2.4708515821170813      ,   2281.5600585937500      ,   2.4736566877169799     
   2.4760710000000001      ,   2.4898828141670548      ,   2281.5700683593750      ,   2.4926818430961304     
   2.5068250000000001      ,   2.5091014057137935      ,   2281.5800781250000      ,   2.5118939288937825     
   2.5290330000000001      ,   2.5285092260763173      ,   2281.5900878906250      ,   2.5312948039098289     
   2.6512609999999999      ,   2.5481081533553649      ,   2281.6000976562500      ,   2.5508863355271632     
   2.6757520000000001      ,   2.5679000739503626      ,   2281.6101074218750      ,   2.5706703992267594     
   2.4924350000000000      ,   2.5878868820479886      ,   2281.6201171875000      ,   2.5906488780744192     
   2.5213040000000002      ,   2.6075758399575313      ,   2281.6298828125000      ,   2.6103292438485228     
   2.7260249999999999      ,   2.6279532650138528      ,   2281.6398925781250      ,   2.6306973729821159     
   2.5183170000000001      ,   2.6485312545379189      ,   2281.6499023437500      ,   2.6512655599239570     
   2.6904100000000000      ,   2.6693117280190131      ,   2281.6599121093750      ,   2.6720357122218910     
   2.6074510000000002      ,   2.6902966097275574      ,   2281.6699218750000      ,   2.6930097419951098     
   2.6120459999999999      ,   2.7114878280098971      ,   2281.6799316406250      ,   2.7141895652278500     
   2.7519369999999999      ,   2.7328873145463324      ,   2281.6899414062500      ,   2.7355771010264918     
   2.7032050000000001      ,   2.7544970035710530      ,   2281.6999511718750      ,   2.7571742708387244     
   2.8229400000000000      ,   2.7763188310526155      ,   2281.7099609375000      ,   2.7789829976334297     
   2.7837550000000002      ,   2.7983547338335462      ,   2281.7199707031250      ,   2.8010052050398877     
   2.8970240000000000      ,   2.8206066487276402      ,   2281.7299804687500      ,   2.8232428164448771     
   2.9579700000000000      ,   2.8430765115734657      ,   2281.7399902343750      ,   2.8456977540462027     
   2.9226040000000002      ,   2.8657662562425776      ,   2281.7500000000000      ,   2.8683719378611565     
   3.0061849999999999      ,   2.8886778136008697      ,   2281.7600097656250      ,   2.8912672846883694     
   2.9562560000000002      ,   2.9118131104215021      ,   2281.7700195312500      ,   2.9143857070214945     
   2.9260899999999999      ,   2.9351740682477612      ,   2281.7800292968750      ,   2.9377291119131081     
   2.9525340000000000      ,   2.9587626022042168      ,   2281.7900390625000      ,   2.9612993997871913     
   3.1075800000000000      ,   2.9825806197544642      ,   2281.8000488281250      ,   2.9850984631985180     
   3.0168910000000002      ,   3.0066300194037479      ,   2281.8100585937500      ,   3.0091281855372447     
   3.0860360000000000      ,   3.0309126893446829      ,   2281.8200683593750      ,   3.0333904396769626     
   2.9923099999999998      ,   3.0554305060443063      ,   2281.8300781250000      ,   3.0578870865644259     
   2.9374570000000002      ,   3.0801853327706148      ,   2281.8400878906250      ,   3.0826199737491740     
   3.1984029999999999      ,   3.1051790180567456      ,   2281.8500976562500      ,   3.1075909338511969     
   2.9834980000000000      ,   3.1304133941009065      ,   2281.8601074218750      ,   3.1328017829647896     
   3.2305100000000002      ,   3.1558902751001585      ,   2281.8701171875000      ,   3.1582543189967005     
   3.0792130000000002      ,   3.1809811891196382      ,   2281.8798828125000      ,   3.1833206777325800     
   3.1277219999999999      ,   3.2069424191955878      ,   2281.8898925781250      ,   3.2092558981352299     
   3.1493199999999999      ,   3.2331514287382657      ,   2281.8999023437500      ,   3.2354380304417663     
   3.3743490000000000      ,   3.2596099425288534      ,   2281.9099121093750      ,   3.2618687824550685     
   3.2679459999999998      ,   3.2863196580055587      ,   2281.9199218750000      ,   3.2885498344780033     
   3.2132320000000001      ,   3.3132822431608608      ,   2281.9299316406250      ,   3.3154828372182892     
   3.2379330000000000      ,   3.3404993343586513      ,   2281.9399414062500      ,   3.3426694096138725     
   3.5178069999999999      ,   3.3679725340691844      ,   2281.9499511718750      ,   3.3701111365768011     
   3.4495580000000001      ,   3.3957034085198026      ,   2281.9599609375000      ,   3.3978095666535388     
   3.2960080000000000      ,   3.4236934852593408      ,   2281.9699707031250      ,   3.4257662095997135     
   3.3767250000000000      ,   3.4519442506341753      ,   2281.9799804687500      ,   3.4539825338672450     
   3.4736030000000002      ,   3.4804571471738419      ,   2281.9899902343750      ,   3.4824599640018516     
   3.5576469999999998      ,   3.5092335708842071      ,   2282.0000000000000      ,   3.5111998779489109     
   3.4329950000000000      ,   3.5382748684461420      ,   2282.0100097656250      ,   3.5402036042656988     
   3.6038120000000000      ,   3.5675823343177320      ,   2282.0200195312500      ,   3.5694724192380458     
   3.6814629999999999      ,   3.5971572077380292      ,   2282.0300292968750      ,   3.5990075438994698     
   3.7887559999999998      ,   3.6270006696304469      ,   2282.0400390625000      ,   3.6288101409508964     
   3.7656529999999999      ,   3.6571138394038871      ,   2282.0500488281250      ,   3.6588813115791332     
   3.7487770000000000      ,   3.6874977716497908      ,   2282.0600585937500      ,   3.6892220921722849     
   3.6130860000000000      ,   3.7181534527333260      ,   2282.0700683593750      ,   3.7198334509303850     
   3.8862030000000001      ,   3.7490817972770336      ,   2282.0800781250000      ,   3.7507162843695898     
   3.7819500000000001      ,   3.7802836445352881      ,   2282.0900878906250      ,   3.7818714137183407     
   3.9073929999999999      ,   3.8117597546580630      ,   2282.1000976562500      ,   3.8132995812040074     
   3.9293749999999998      ,   3.8435108048425479      ,   2282.1101074218750      ,   3.8450014462286193     
   3.7003149999999998      ,   3.8755373853713295      ,   2282.1201171875000      ,   3.8769775814323975     
   3.8424489999999998      ,   3.9070488395207339      ,   2282.1298828125000      ,   3.9084385895006672     
   3.9097010000000001      ,   3.9396211371056262      ,   2282.1398925781250      ,   3.9409579010350919     
   3.9473310000000001      ,   3.9724701668390647      ,   2282.1499023437500      ,   3.9737526332280209     
   4.0375600000000000      ,   4.0055961320069366      ,   2282.1599121093750      ,   4.0068229726074414     
   4.0979609999999997      ,   4.0389991275448462      ,   2282.1699218750000      ,   4.0401689976500732     
   4.1966729999999997      ,   4.0726791353784657      ,   2282.1799316406250      ,   4.0737906741553944     
   4.2646449999999998      ,   4.1066360196453875      ,   2282.1899414062500      ,   4.1076878505026517     
   3.9734330000000000      ,   4.1408695217984715      ,   2282.1999511718750      ,   4.1418602527909352     
   4.1364140000000003      ,   4.1753792555910119      ,   2282.2099609375000      ,   4.1763074798626096     
   4.2681920000000000      ,   4.2101647019442154      ,   2282.2199707031250      ,   4.2110289982106934     
   4.2358390000000004      ,   4.2452252036978617      ,   2282.2299804687500      ,   4.2460241367710214     
   4.1042949999999996      ,   4.2805599602451982      ,   2282.2399902343750      ,   4.2812920816003137     
   4.4482929999999996      ,   4.3161680220535610      ,   2282.2500000000000      ,   4.3168318704416100     
   4.2345059999999997      ,   4.3520482850724305      ,   2282.2600097656250      ,   4.3526423871788698     
   4.1944540000000003      ,   4.3881994850310928      ,   2282.2700195312500      ,   4.3887223561828499     
   4.3925669999999997      ,   4.4246201916283709      ,   2282.2800292968750      ,   4.4250703365507960     
   4.2677440000000004      ,   4.4613088026173822      ,   2282.2900390625000      ,   4.4616847162428552     
   4.3869480000000003      ,   4.4982635377886018      ,   2282.3000488281250      ,   4.4985637061185511     
   4.4062460000000003      ,   4.5354824328550674      ,   2282.3100585937500      ,   4.5357053338771047     
   4.3909760000000002      ,   4.5729633332439290      ,   2282.3200683593750      ,   4.5731074379058470     
   4.7427739999999998      ,   4.6107038877991702      ,   2282.3300781250000      ,   4.6107676610414652     
   4.8211269999999997      ,   4.6487015424006914      ,   2282.3400878906250      ,   4.6486834442493521     
   4.4675729999999998      ,   4.6869535335056689      ,   2282.3500976562500      ,   4.6868520202268549     
   4.9510779999999999      ,   4.7254568816185110      ,   2282.3601074218750      ,   4.7252704069367883     
   4.8577260000000004      ,   4.7642083846964765      ,   2282.3701171875000      ,   4.7639354010781680     
   4.8704980000000004      ,   4.8022506006218615      ,   2282.3798828125000      ,   4.8018917267437118     
   4.8228340000000003      ,   4.8414820500980307      ,   2282.3898925781250      ,   4.8410336115857548     
   5.0559640000000003      ,   4.8809507446833740      ,   2282.3999023437500      ,   4.8804111985116041     
   5.1583139999999998      ,   4.9206525313593712      ,   2282.4099121093750      ,   4.9200203390205051     
   5.0311349999999999      ,   4.9605830010783896      ,   2282.4199218750000      ,   4.9598566302118368     
   4.8161110000000003      ,   5.0007374819666541      ,   2282.4299316406250      ,   4.9999154080614714     
   4.9990980000000000      ,   5.0411110325303348      ,   2282.4399414062500      ,   5.0401917407023324     
   5.1380879999999998      ,   5.0816984348773682      ,   2282.4499511718750      ,   5.0806804217216444     
   4.9490749999999997      ,   5.1224941879684502      ,   2282.4599609375000      ,   5.1213759634881981     
   5.0382040000000003      ,   5.1634925009114436      ,   2282.4699707031250      ,   5.1622725905237195     
   5.2085129999999999      ,   5.2046872863143010      ,   2282.4799804687500      ,   5.2033642329333105     
   5.1793930000000001      ,   5.2460721537124249      ,   2282.4899902343750      ,   5.2446445199107039     
   5.2494850000000000      ,   5.2876404030872939      ,   2282.5000000000000      ,   5.2861067733349767     
   5.3702290000000001      ,   5.3293850184939870      ,   2282.5100097656250      ,   5.3277440014761845     
   5.5511359999999996      ,   5.3712986618161906      ,   2282.5200195312500      ,   5.3695488928282762     
   5.4447270000000003      ,   5.4133736666680923      ,   2282.5300292968750      ,   5.4115138100884597     
   5.4383960000000000      ,   5.4556020324634664      ,   2282.5400390625000      ,   5.4536307843031340     
   5.5013100000000001      ,   5.4979754186731427      ,   2282.5500488281250      ,   5.4958915092012628     
   5.4593470000000002      ,   5.5404851392928833      ,   2282.5600585937500      ,   5.5382873357370039     
   5.3791039999999999      ,   5.5831221575445724      ,   2282.5700683593750      ,   5.5808092668641764     
   5.8735900000000001      ,   5.6258770808344440      ,   2282.5800781250000      ,   5.6234479525660221     
   5.4655659999999999      ,   5.6687401559928823      ,   2282.5900878906250      ,   5.6661936851644557     
   5.6382830000000004      ,   5.7117012648211078      ,   2282.6000976562500      ,   5.7090363949338334     
   5.6798739999999999      ,   5.7547499199708456      ,   2282.6101074218750      ,   5.7519656460449102     
   5.9583480000000000      ,   5.7978752611836999      ,   2282.6201171875000      ,   5.7949706328654731     
   6.0310210000000000      ,   5.8400119295461099      ,   2282.6298828125000      ,   5.8369890216637534     
   6.0459790000000000      ,   5.8832553821870572      ,   2282.6398925781250      ,   5.8801104153275245     
   6.1564889999999997      ,   5.9265409682074361      ,   2282.6499023437500      ,   5.9232731734893278     
   5.8306620000000002      ,   5.9698563156508966      ,   2282.6599121093750      ,   5.9664649917032619     
   6.1444060000000000      ,   6.0131886672554682      ,   2282.6699218750000      ,   6.0096731835702659     
   6.0292859999999999      ,   6.0565248794331605      ,   2282.6799316406250      ,   6.0528846797522737     
   5.9268729999999996      ,   6.0998514218110147      ,   2282.6899414062500      ,   6.0960860275418947     
   6.2704899999999997      ,   6.1431543773637349      ,   2282.6999511718750      ,   6.1392633910172965     
   6.4059689999999998      ,   6.1864194431681216      ,   2282.7099609375000      ,   6.1824025518120829     
   6.2973900000000000      ,   6.2296319318093856      ,   2282.7199707031250      ,   6.2254889105297622     
   6.1307150000000004      ,   6.2727767734692588      ,   2282.7299804687500      ,   6.2685074888323156     
   6.5591770000000000      ,   6.3158385187254424      ,   2282.7399902343750      ,   6.3114429322319108     
   6.6100089999999998      ,   6.3588013420915042      ,   2282.7500000000000      ,   6.3542795136144612     
   6.1275240000000002      ,   6.4016490463256588      ,   2282.7600097656250      ,   6.3970011375229969     
   6.6253690000000001      ,   6.4443650675361521      ,   2282.7700195312500      ,   6.4395913452281617     
   6.5118390000000002      ,   6.4869324811099718      ,   2282.7800292968750      ,   6.4820333206121088     
   6.8268469999999999      ,   6.5293340084905767      ,   2282.7900390625000      ,   6.5243098968911086     
   6.4660690000000001      ,   6.5715520248289812      ,   2282.8000488281250      ,   6.5664035642007956     
   6.6397190000000004      ,   6.6135685675311731      ,   2282.8100585937500      ,   6.6082964780666762     
   6.4646860000000004      ,   6.6553653457231103      ,   2282.8200683593750      ,   6.6499704687807908     
   6.6673960000000001      ,   6.6969237506528057      ,   2282.8300781250000      ,   6.6914070517037318     
   6.4396409999999999      ,   6.7382248670469398      ,   2282.8400878906250      ,   6.7325874385091549     
   6.6457810000000004      ,   6.7792494854372647      ,   2282.8500976562500      ,   6.7734925493858249     
   7.0440860000000001      ,   6.8199781154696710      ,   2282.8601074218750      ,   6.8141030262098070     
   6.7787490000000004      ,   6.8603910002061648      ,   2282.8701171875000      ,   6.8543992466969446     
   6.9238119999999999      ,   6.8994947932651352      ,   2282.8798828125000      ,   6.8933907867655799     
   6.9299130000000000      ,   6.9392248532122247      ,   2282.8898925781250      ,   6.9330075284983614     
   7.0595220000000003      ,   6.9785789570897041      ,   2282.8999023437500      ,   6.9722502164790203     
   6.8178650000000003      ,   7.0175364493373831      ,   2282.9099121093750      ,   7.0110983377051630     
   7.3179569999999998      ,   7.0560764938866773      ,   2282.9199218750000      ,   7.0495312001548980     
   6.8460029999999996      ,   7.0941780944433628      ,   2282.9299316406250      ,   7.0875279528435984     
   7.1800699999999997      ,   7.1318201157475807      ,   2282.9399414062500      ,   7.1250676068455068     
   7.1246809999999998      ,   7.1689813057942864      ,   2282.9499511718750      ,   7.1621290572636793     
   6.9630460000000003      ,   7.2056403189933285      ,   2282.9599609375000      ,   7.1986911061277530     
   7.1297480000000002      ,   7.2417757402440941      ,   2282.9699707031250      ,   7.2347324861949645     
   7.4920949999999999      ,   7.2773661098954490      ,   2282.9799804687500      ,   7.2702318856255781     
   7.6239679999999996      ,   7.3123899495573053      ,   2282.9899902343750      ,   7.3051679734996782     
   7.5766540000000004      ,   7.3468257887258090      ,   2283.0000000000000      ,   7.3395194261379206     
   7.0779560000000004      ,   7.3806521921796540      ,   2283.0100097656250      ,   7.3732649541844895     
   7.7720469999999997      ,   7.4138477881006697      ,   2283.0200195312500      ,   7.4063833304061895     
   7.2389809999999999      ,   7.4463912968673629      ,   2283.0300292968750      ,   7.4388534181572314     
   7.8568069999999999      ,   7.4782615604657838      ,   2283.0400390625000      ,   7.4706542004549812     
   7.4110189999999996      ,   7.5094375724577533      ,   2283.0500488281250      ,   7.5017648096077654     
   7.2890139999999999      ,   7.5398985084423620      ,   2283.0600585937500      ,   7.5321645573316740     
   7.2994579999999996      ,   7.5696237569425318      ,   2283.0700683593750      ,   7.5618329652893079     
   7.5253150000000000      ,   7.5985929506446199      ,   2283.0800781250000      ,   7.5907497959796366     
   7.4163740000000002      ,   7.6267859979152863      ,   2283.0900878906250      ,   7.6188950839044320     
   7.7883789999999999      ,   7.6541831145163828      ,   2283.1000976562500      ,   7.6462491669333605     
   8.0259149999999995      ,   7.6807648554354406      ,   2283.1101074218750      ,   7.6727927177866135     
   7.7666490000000001      ,   7.7065121467463094      ,   2283.1201171875000      ,   7.6985067755510412     
   7.6655069999999998      ,   7.7308094364675979      ,   2283.1298828125000      ,   7.7227765221791458     
   7.9516260000000001      ,   7.7548537159916213      ,   2283.1398925781250      ,   7.7467976724619279     
   7.6595670000000000      ,   7.7780092954810733      ,   2283.1499023437500      ,   7.7699353842938725     
   7.7574079999999999      ,   7.8002588889484654      ,   2283.1599121093750      ,   7.7921724626442508     
   7.8975809999999997      ,   7.8215857373526223      ,   2283.1699218750000      ,   7.8134922330938634     
   8.0105860000000000      ,   7.8419736387381187      ,   2283.1799316406250      ,   7.8338785716798274     
   7.9326400000000001      ,   7.8614069777560749      ,   2283.1899414062500      ,   7.8533159341351002     
   7.8169360000000001      ,   7.8798707544705522      ,   2283.1999511718750      ,   7.8717893844283457     
   7.6797599999999999      ,   7.8973506123553818      ,   2283.2099609375000      ,   7.8892846225103535     
   7.8940049999999999      ,   7.9138328653874126      ,   2283.2199707031250      ,   7.9057880111743222     
   8.0972539999999995      ,   7.9293045241438067      ,   2283.2299804687500      ,   7.9212866019388075     
   7.8135019999999997      ,   7.9437533208130411      ,   2283.2399902343750      ,   7.9357681598642911     
   7.6657000000000002      ,   7.9571677330319597      ,   2283.2500000000000      ,   7.9492211872166996     
   8.2469719999999995      ,   7.9695370064641935      ,   2283.2600097656250      ,   7.9616349458943123     
   8.0226799999999994      ,   7.9808511760389020      ,   2283.2700195312500      ,   7.9729994785378793     
   7.6569430000000001      ,   7.9911010857726970      ,   2283.2800292968750      ,   7.9833056282476678     
   8.3941309999999998      ,   8.0002784071021473      ,   2283.2900390625000      ,   7.9925450568355503     
   7.9758149999999999      ,   8.0083756556590444      ,   2283.3000488281250      ,   8.0007102615449455     
   8.2961240000000007      ,   8.0153862064259442      ,   2283.3100585937500      ,   8.0077945901765641     
   8.0241819999999997      ,   8.0213043072150594      ,   2283.3200683593750      ,   8.0137922545635032     
   8.0164259999999992      ,   8.0261250904196615      ,   2283.3300781250000      ,   8.0186983423449636     
   8.2579499999999992      ,   8.0298445829932845      ,   2283.3400878906250      ,   8.0225088269941196     
   7.8700760000000001      ,   8.0324597146187404      ,   2283.3500976562500      ,   8.0252205760620399     
   7.6972769999999997      ,   8.0339683240356052      ,   2283.3601074218750      ,   8.0268313576062145     
   8.1105909999999994      ,   8.0343691635019017      ,   2283.3701171875000      ,   8.0273398447791262     
   8.2772079999999999      ,   8.0336923327610403      ,   2283.3798828125000      ,   8.0267732295990015     
   8.1548449999999999      ,   8.0319045526310351      ,   2283.3898925781250      ,   8.0251036502173285     
   8.2835319999999992      ,   8.0290107092793903      ,   2283.3999023437500      ,   8.0223331995960301     
   8.2533709999999996      ,   8.0250131936858029      ,   2283.4099121093750      ,   8.0184641578680278     
   7.8937130000000000      ,   8.0199153044662896      ,   2283.4199218750000      ,   8.0134997053758781     
   8.1048670000000005      ,   8.0137212410787981      ,   2283.4299316406250      ,   8.0074439161456823     
   8.3353380000000001      ,   8.0064360951945126      ,   2283.4399414062500      ,   8.0003017495470949     
   7.8974609999999998      ,   7.9980658402679206      ,   2283.4499511718750      ,   7.9920790401712756     
   7.6977900000000004      ,   7.9886173193453631      ,   2283.4599609375000      ,   7.9827824859651821     
   7.7604319999999998      ,   7.9780982311583193      ,   2283.4699707031250      ,   7.9724196346670553     
   7.6656769999999996      ,   7.9665171145538425      ,   2283.4799804687500      ,   7.9609988685941211     
   8.0973190000000006      ,   7.9538833313205295      ,   2283.4899902343750      ,   7.9485293878392538     
   8.1146170000000009      ,   7.9402070474738498      ,   2283.5000000000000      ,   7.9350211919389837     
   7.7507239999999999      ,   7.9254992130699353      ,   2283.5100097656250      ,   7.9204850600802388     
   8.2155590000000007      ,   7.9097715406215947      ,   2283.5200195312500      ,   7.9049325299179873     
   7.7115609999999997      ,   7.8930364821947210      ,   2283.5300292968750      ,   7.8883758750802828     
   7.9997749999999996      ,   7.8753072052671271      ,   2283.5400390625000      ,   7.8708280814410667     
   7.7197920000000000      ,   7.8565975674352266      ,   2283.5500488281250      ,   7.8523028222444804     
   7.7200709999999999      ,   7.8369220900570165      ,   2283.5600585937500      ,   7.8328144321674760     
   8.0485699999999998      ,   7.8162959309221884      ,   2283.5700683593750      ,   7.8123778804099402     
   7.7763859999999996      ,   7.7947348560422522      ,   2283.5800781250000      ,   7.7910087429035659     
   7.6367190000000003      ,   7.7722552106549907      ,   2283.5900878906250      ,   7.7687231737322744     
   7.7776600000000000      ,   7.7488738895386291      ,   2283.6000976562500      ,   7.7455378758579965     
   7.8447829999999996      ,   7.7246083067315556      ,   2283.6101074218750      ,   7.7214700712462552     
   7.4339290000000000      ,   7.6994763647535853      ,   2283.6201171875000      ,   7.6965374704860734     
   7.6812389999999997      ,   7.6741400233848607      ,   2283.6298828125000      ,   7.6713969316994577     
   7.7444540000000002      ,   7.6473508664014203      ,   2283.6398925781250      ,   7.6448096421443701     
   7.9287950000000000      ,   7.6197512031923065      ,   2283.6499023437500      ,   7.6174128428942165     
   7.8540000000000001      ,   7.5913605673123881      ,   2283.6599121093750      ,   7.5892258798952286     
   7.9335630000000004      ,   7.5621988235096786      ,   2283.6699218750000      ,   7.5602684322623981     
   7.2914519999999996      ,   7.5322861359160767      ,   2283.6799316406250      ,   7.5305604808010189     
   7.6861179999999996      ,   7.5016429363747328      ,   2283.6899414062500      ,   7.5001222766501803     
   7.4980380000000002      ,   7.4702898929857753      ,   2283.6999511718750      ,   7.4689743101291537     
   7.1381449999999997      ,   7.4382478789487214      ,   2283.7099609375000      ,   7.4371372798644177     
   7.4923890000000002      ,   7.4055379417764566      ,   2283.7199707031250      ,   7.4046320622716761     
   7.5825940000000003      ,   7.3721812729518383      ,   2283.7299804687500      ,   7.3714796814634918     
   7.1569649999999996      ,   7.3381991780941389      ,   2283.7399902343750      ,   7.3377012796493872     
   7.6155099999999996      ,   7.3036130476983505      ,   2283.7500000000000      ,   7.3033180880912534     
   7.5262710000000004      ,   7.2684443285062610      ,   2283.7600097656250      ,   7.2683513986727348     
   6.9527729999999996      ,   7.2327144955638278      ,   2283.7700195312500      ,   7.2328225361371334     
   7.4589520000000000      ,   7.1964450250150671      ,   2283.7800292968750      ,   7.1967528310439990     
   7.4685030000000001      ,   7.1596573676781947      ,   2283.7900390625000      ,   7.1601635934902621     
   6.9056490000000004      ,   7.1223729234453916      ,   2283.8000488281250      ,   7.1230760876374450     
   7.1950229999999999      ,   7.0846130165430896      ,   2283.8100585937500      ,   7.0855115070820975     
   6.7633210000000004      ,   7.0463988716853585      ,   2283.8200683593750      ,   7.0474909511022954     
   7.2092850000000004      ,   7.0077515911485575      ,   2283.8300781250000      ,   7.0090354018087986     
   7.2153619999999998      ,   6.9686921327912712      ,   2283.8400878906250      ,   6.9701657022252448     
   7.1439990000000000      ,   6.9292412890392958      ,   2283.8500976562500      ,   6.9309025353176468     
   7.2410589999999999      ,   6.8894196668514791      ,   2283.8601074218750      ,   6.8912664039895146     
   6.8832250000000004      ,   6.8492476686782506      ,   2283.8701171875000      ,   6.8512776120549690     
   6.7324979999999996      ,   6.8097371046509751      ,   2283.8798828125000      ,   6.8119434949693742     
   7.0110109999999999      ,   6.7689319865684796      ,   2283.8898925781250      ,   6.7713168007800792     
   6.6897289999999998      ,   6.7278358204680160      ,   2283.8999023437500      ,   6.7303965124421410     
   6.8704640000000001      ,   6.6864680271856844      ,   2283.9099121093750      ,   6.6892019735752966     
   6.7423469999999996      ,   6.6448477432224937      ,   2283.9199218750000      ,   6.6477522487589340     
   6.7985920000000002      ,   6.6029938076841486      ,   2283.9299316406250      ,   6.6060661104119447     
   6.5023049999999998      ,   6.5609247502004981      ,   2283.9399414062500      ,   6.5641620266421299     
   6.7797499999999999      ,   6.5186587798111386      ,   2283.9499511718750      ,   6.5220581500523727     
   6.7650350000000001      ,   6.4762137748013577      ,   2283.9599609375000      ,   6.4797723074884761     
   6.6927360000000000      ,   6.4336072734704111      ,   2283.9699707031250      ,   6.4373219907113404     
   6.4219689999999998      ,   6.3908564658122087      ,   2283.9799804687500      ,   6.3947243479742646     
   6.5588860000000002      ,   6.3479781860866655      ,   2283.9899902343750      ,   6.3519961764842998     
   6.3334830000000002      ,   6.3049889062584175      ,   2284.0000000000000      ,   6.3091539157250391     
   6.5718959999999997      ,   6.2619047302781725      ,   2284.0100097656250      ,   6.2662136416167593     
   6.4487079999999999      ,   6.2187413891807717      ,   2284.0200195312500      ,   6.2231910614886266     
   6.0056039999999999      ,   6.1755142369729192      ,   2284.0300292968750      ,   6.1801015098365495     
   6.2475649999999998      ,   6.1322382472827162      ,   2284.0400390625000      ,   6.1369599448394121     
   6.0913399999999998      ,   6.0889280107423334      ,   2284.0500488281250      ,   6.0937809456055918     
   5.8697280000000003      ,   6.0455977330746311      ,   2284.0600585937500      ,   6.0505787101211270     
   6.1798700000000002      ,   6.0022612338540480      ,   2284.0700683593750      ,   6.0073670538703761     
   5.8032750000000002      ,   5.9589319459118029      ,   2284.0800781250000      ,   5.9641594090997279     
   6.1732100000000001      ,   5.9156229153552813      ,   2284.0900878906250      ,   5.9209688246946843     
   5.9449529999999999      ,   5.8723468021713972      ,   2284.1000976562500      ,   5.8778079666405958     
   5.9145709999999996      ,   5.8291158813838155      ,   2284.1101074218750      ,   5.8346891190372956     
   6.0614309999999998      ,   5.7859420447340373      ,   2284.1201171875000      ,   5.7916241856381161     
   5.7117810000000002      ,   5.7438872461237995      ,   2284.1298828125000      ,   5.7496725933355419     
   5.6168160000000000      ,   5.7008596571279639      ,   2284.1398925781250      ,   5.7067476910966297     
   5.6847099999999999      ,   5.6579222939284026      ,   2284.1499023437500      ,   5.6639098964472465     
   5.8604659999999997      ,   5.6150855504206518      ,   2284.1599121093750      ,   5.6211696255817412     
   5.6148300000000004      ,   5.5723594523568636      ,   2284.1699218750000      ,   5.5785369287985649     
   5.5273709999999996      ,   5.5297536615526059      ,   2284.1799316406250      ,   5.5360214945745714     
   5.6528809999999998      ,   5.4872774804199898      ,   2284.1899414062500      ,   5.4936326539681666     
   5.3307419999999999      ,   5.4449398568012191      ,   2284.1999511718750      ,   5.4513793853255796     
   5.2298359999999997      ,   5.4027493890774672      ,   2284.2099609375000      ,   5.4092703192653468     
   5.1787979999999996      ,   5.3607143315287162      ,   2284.2199707031250      ,   5.3673137439167888     
   5.3046179999999996      ,   5.3188425999210676      ,   2284.2299804687500      ,   5.3255176103891220     
   5.5410670000000000      ,   5.2771417772988150      ,   2284.2399902343750      ,   5.2838895384486211     
   5.0474059999999996      ,   5.2356191199594830      ,   2284.2500000000000      ,   5.2424368223821114     
   5.3958349999999999      ,   5.1942815635908470      ,   2284.2600097656250      ,   5.2011664370259023     
   5.3950339999999999      ,   5.1531357295498790      ,   2284.2700195312500      ,   5.1600850439401551     
   4.8830980000000004      ,   5.1121879312643808      ,   2284.2800292968750      ,   5.1191989977095096     
   4.8685320000000001      ,   5.0714441807390198      ,   2284.2900390625000      ,   5.0785143523516902     
   5.1247920000000002      ,   5.0309101951482793      ,   2284.3000488281250      ,   5.0380368678166505     
   4.8463250000000002      ,   4.9905914034997618      ,   2284.3100585937500      ,   4.9977720165596837     
   5.0251190000000001      ,   4.9504929533521160      ,   2284.3200683593750      ,   4.9577249901727702     
   4.7479909999999999      ,   4.9106197175727155      ,   2284.3300781250000      ,   4.9179007060592683     
   4.9075680000000004      ,   4.8709763011210336      ,   2284.3400878906250      ,   4.8783038141378796     
   4.9067059999999998      ,   4.8315670478445103      ,   2284.3500976562500      ,   4.8389387035626310     
   4.7204280000000001      ,   4.7923960472744511      ,   2284.3601074218750      ,   4.7998095094463924     
   4.7056240000000003      ,   4.7534671414103427      ,   2284.3701171875000      ,   4.7609201195762489     
   4.7864670000000000      ,   4.7157244743514291      ,   2284.3798828125000      ,   4.7232138412638074     
   4.4925259999999998      ,   4.6772842145694611      ,   2284.3898925781250      ,   4.6848087074934908     
   4.8387680000000000      ,   4.6390960838180444      ,   2284.3999023437500      ,   4.6466535491314742     
   4.5025149999999998      ,   4.6011630065194549      ,   2284.4099121093750      ,   4.6087513365906192     
   4.4172430000000000      ,   4.5634876927961647      ,   2284.4199218750000      ,   4.5711048258960041     
   4.4032790000000004      ,   4.5260726449834889      ,   2284.4299316406250      ,   4.5337165651478655     
   4.3520399999999997      ,   4.4889201640692349      ,   2284.4399414062500      ,   4.4965889009144382     
   4.5819950000000000      ,   4.4520323560540298      ,   2284.4499511718750      ,   4.4597239845483863     
   4.2211290000000004      ,   4.4154111382267036      ,   2284.4599609375000      ,   4.4231237784210231     
   4.2035549999999997      ,   4.3790582453495315      ,   2284.4699707031250      ,   4.3867900620691085     
   4.2116220000000002      ,   4.3429752357487503      ,   2284.4799804687500      ,   4.3507244382495101     
   4.3352370000000002      ,   4.3071634973061741      ,   2284.4899902343750      ,   4.3149283388974791     
   4.2503099999999998      ,   4.2716242533482838      ,   2284.5000000000000      ,   4.2794030309848043     
   4.4101970000000001      ,   4.2363585684295249      ,   2284.5100097656250      ,   4.2441496222745299     
   4.3350379999999999      ,   4.2013673540070364      ,   2284.5200195312500      ,   4.2091690669693289     
   4.3414630000000001      ,   4.1666513740043900      ,   2284.5300292968750      ,   4.1744621712510463     
   4.3008620000000004      ,   4.1322112502623183      ,   2284.5400390625000      ,   4.1400295987092912     
   3.9822940000000000      ,   4.0980474678747392      ,   2284.5500488281250      ,   4.1058718756573089     
   3.9529269999999999      ,   4.0641603804087447      ,   2284.5600585937500      ,   4.0719893963337030     
   4.1632759999999998      ,   4.0305502150074961      ,   2284.5700683593750      ,   4.0383824279888820     
   3.8408840000000000      ,   3.9972170773753137      ,   2284.5800781250000      ,   4.0050511158554061     
   3.8829829999999999      ,   3.9641609566444509      ,   2284.5900878906250      ,   3.9719954880016841     
   4.0454260000000000      ,   3.9313817301233711      ,   2284.6000976562500      ,   3.9392154600687168     
   3.8481459999999998      ,   3.8988791679265069      ,   2284.6101074218750      ,   3.9067108398898336     
   3.9738470000000001      ,   3.8666529374857843      ,   2284.6201171875000      ,   3.8744813319935694     
   3.7951660000000000      ,   3.8354786056227410      ,   2284.6298828125000      ,   3.8433026622532784     
   3.9745620000000002      ,   3.8037969425796718      ,   2284.6398925781250      ,   3.8116154191317646     
   3.7003249999999999      ,   3.7723900568754933      ,   2284.6499023437500      ,   3.7802018405145112     
   3.6041150000000002      ,   3.7412572500268437      ,   2284.6599121093750      ,   3.7490612624808466     
   3.8481830000000001      ,   3.7103977415786291      ,   2284.6699218750000      ,   3.7181929384916694     
   3.5452629999999998      ,   3.6798106729239835      ,   2284.6799316406250      ,   3.6875960432077730     
   3.7915559999999999      ,   3.6494951110124636      ,   2284.6899414062500      ,   3.6572696761973194     
   3.5910090000000001      ,   3.6194500519478958      ,   2284.6999511718750      ,   3.6272128655338700     
   3.6064129999999999      ,   3.5896744244774705      ,   2284.7099609375000      ,   3.5974245712864752     
   3.5710199999999999      ,   3.5601670933736869      ,   2284.7199707031250      ,   3.5679036889034035     
   3.6861000000000002      ,   3.5309268627108956      ,   2284.7299804687500      ,   3.5386490524911838     
   3.4254549999999999      ,   3.5019524790382013      ,   2284.7399902343750      ,   3.5096594379906838     
   3.4608979999999998      ,   3.4732426344505942      ,   2284.7500000000000      ,   3.4809335662520362     
   3.4541990000000000      ,   3.4447959695601771      ,   2284.7600097656250      ,   3.4524701060102485     
   3.4899770000000001      ,   3.4166110763694539      ,   2284.7700195312500      ,   3.4242676767634039     
   3.5316329999999998      ,   3.3886865010486265      ,   2284.7800292968750      ,   3.3963248515553732     
   3.3736980000000001      ,   3.3610207466189346      ,   2284.7900390625000      ,   3.3686401596650111     
   3.3895189999999999      ,   3.3336122755440325      ,   2284.8000488281250      ,   3.3412120892038155     
   3.2574299999999998      ,   3.3064595122314722      ,   2284.8100585937500      ,   3.3140390896240741     
   3.3586640000000001      ,   3.2795608454463303      ,   2284.8200683593750      ,   3.2871195741395045     
   3.4016510000000002      ,   3.2529146306390619      ,   2284.8300781250000      ,   3.2604519220604140     
   3.1404399999999999      ,   3.2265191921896186      ,   2284.8400878906250      ,   3.2340344810454380     
   3.1487010000000000      ,   3.2003728255699255      ,   2284.8500976562500      ,   3.2078655692718647     
   3.0483859999999998      ,   3.1744737994267433      ,   2284.8601074218750      ,   3.1819434775265920     
   3.0119630000000002      ,   3.1488203575869949      ,   2284.8701171875000      ,   3.1562664712197241     
   3.1639710000000001      ,   3.1240275815687895      ,   2284.8798828125000      ,   3.1314502448249861     
   3.0311080000000001      ,   3.0988540691196276      ,   2284.8898925781250      ,   3.1062522436577171     
   3.0962999999999998      ,   3.0739207870578724      ,   2284.8999023437500      ,   3.0812940350253415     
   2.9048859999999999      ,   3.0492258989118839      ,   2284.9099121093750      ,   3.0565738019102375     
   2.9277650000000000      ,   3.0247675522847284      ,   2284.9199218750000      ,   3.0320897108559115     
   2.9158219999999999      ,   3.0005438804378590      ,   2284.9299316406250      ,   3.0078399135596947     
   3.0303290000000001      ,   2.9765530038110417      ,   2284.9399414062500      ,   2.9838225484017213     
   2.9063330000000001      ,   2.9527930314803768      ,   2284.9499511718750      ,   2.9600357419120580     
   3.0283080000000000      ,   2.9292620625562940      ,   2284.9599609375000      ,   2.9364776101778092     
   2.7699609999999999      ,   2.9059581875233014      ,   2284.9699707031250      ,   2.9131462601920108     
   2.8974020000000000      ,   2.8828794895233121      ,   2284.9799804687500      ,   2.8900397911460662     
   2.9545260000000000      ,   2.8600240455842609      ,   2284.9899902343750      ,   2.8671562956674905     
   2.7155429999999998      ,   2.8373899277957602      ,   2285.0000000000000      ,   2.8444938610046333     
   2.7761950000000000      ,   2.8149752044334533      ,   2285.0100097656250      ,   2.8220505701600822     
   2.9108390000000002      ,   2.7927779410337323      ,   2285.0200195312500      ,   2.7998245029743734     
   2.8496530000000000      ,   2.7707962014204122      ,   2285.0300292968750      ,   2.7778137371616105     
   2.6308560000000001      ,   2.7490280486849623      ,   2285.0400390625000      ,   2.7560163492985579     
   2.6546569999999998      ,   2.7274715461218100      ,   2285.0500488281250      ,   2.7344304157687516     
   2.6686820000000000      ,   2.7061247581202417      ,   2285.0600585937500      ,   2.7130540136631152     
   2.7913380000000001      ,   2.6849857510143518      ,   2285.0700683593750      ,   2.6918852216385494     
   2.6861670000000002      ,   2.6640525938924942      ,   2285.0800781250000      ,   2.6709221207359151     
   2.5971769999999998      ,   2.6433233593676051      ,   2285.0900878906250      ,   2.6501627951588080     
   2.6578249999999999      ,   2.6227961243097857      ,   2285.1000976562500      ,   2.6296053330144771     
   2.6922340000000000      ,   2.6024689705424469      ,   2285.1101074218750      ,   2.6092478270182102     
   2.6416490000000001      ,   2.5823399855033244      ,   2285.1201171875000      ,   2.5890883751624680     
   2.4414359999999999      ,   2.5628911066678981      ,   2285.1298828125000      ,   2.5696096719502570     
   2.5857009999999998      ,   2.5431480289421935      ,   2285.1398925781250      ,   2.5498359307765583     
   2.4984430000000000      ,   2.5235974681092057      ,   2285.1499023437500      ,   2.5302546213984489     
   2.3844620000000001      ,   2.5042375398149925      ,   2285.1599121093750      ,   2.5108638687544258     
   2.5149569999999999      ,   2.4850663681287370      ,   2285.1699218750000      ,   2.4916618059076465     
   2.4374020000000001      ,   2.4660820860187793      ,   2285.1799316406250      ,   2.4726465745293766     
   2.3467560000000001      ,   2.4472828358015764      ,   2285.1899414062500      ,   2.4538163253552243     
   2.4289160000000001      ,   2.4286667695645932      ,   2285.1999511718750      ,   2.4351692186151972     
   2.3675120000000001      ,   2.4102320495641418      ,   2285.2099609375000      ,   2.4167034244385630     
   2.4721060000000001      ,   2.3919768485991164      ,   2285.2199707031250      ,   2.3984171232344873     
   2.2733509999999999      ,   2.3738993503615697      ,   2285.2299804687500      ,   2.3803085060493805     
   2.4316260000000001      ,   2.3559977497650255      ,   2285.2399902343750      ,   2.3623757749018548     
   2.3068629999999999      ,   2.3382702532514168      ,   2285.2500000000000      ,   2.3446171430961709     
   2.3771100000000001      ,   2.3207150790774809      ,   2285.2600097656250      ,   2.3270308355150262     
   2.2579609999999999      ,   2.3033304575814588      ,   2285.2700195312500      ,   2.3096150888925018     
   2.2438440000000002      ,   2.2861146314308627      ,   2285.2800292968750      ,   2.2923681520679691     
   2.3726569999999998      ,   2.2690658558521117      ,   2285.2900390625000      ,   2.2752882862217190     
   2.1640950000000001      ,   2.2521823988427547      ,   2285.3000488281250      ,   2.2583737650930695     
   2.2773479999999999      ,   2.2354625413670175      ,   2285.3100585937500      ,   2.2416228751816596     
   2.2796140000000000      ,   2.2189045775353566      ,   2285.3200683593750      ,   2.2250339159326349     
   2.1276229999999998      ,   2.2025068147687041      ,   2285.3300781250000      ,   2.2086051999063923     
   2.1882009999999998      ,   2.1862675739480353      ,   2285.3400878906250      ,   2.1923350529335384     
   2.1839620000000002      ,   2.1701851895499087      ,   2285.3500976562500      ,   2.1762218142556873     
   2.1761300000000001      ,   2.1542580097685584      ,   2285.3601074218750      ,   2.1602638366527032     
   2.1888070000000002      ,   2.1384843966251457      ,   2285.3701171875000      ,   2.1444594865569750     
   2.1876579999999999      ,   2.1232419472986299      ,   2285.3798828125000      ,   2.1291871126759516     
   2.1900330000000001      ,   2.1077669616736889      ,   2285.3898925781250      ,   2.1136815226631027     
   2.1551239999999998      ,   2.0924407513809768      ,   2285.3999023437500      ,   2.0983247809939654     
   2.0674180000000000      ,   2.0772617342584185      ,   2285.4099121093750      ,   2.0831153092718195     
   2.1299419999999998      ,   2.0622283423422099      ,   2285.4199218750000      ,   2.0680515431471420     
   1.9596709999999999      ,   2.0473390219103487      ,   2285.4299316406250      ,   2.0531319323655017     
   2.0229990000000000      ,   2.0325922335168598      ,   2285.4399414062500      ,   2.0383549408060411     
   1.9890740000000000      ,   2.0179864520171429      ,   2285.4499511718750      ,   2.0237190465109722     
   2.0422430000000000      ,   2.0035201665848628      ,   2285.4599609375000      ,   2.0092227417065214     
   2.0190530000000000      ,   1.9891918807207889      ,   2285.4699707031250      ,   1.9948645328157131     
   1.9528859999999999      ,   1.9750001122539791      ,   2285.4799804687500      ,   1.9806429404634069     
   1.9031760000000000      ,   1.9609433933356690      ,   2285.4899902343750      ,   1.9665564994739440     
   1.9440120000000001      ,   1.9470202704262485      ,   2285.5000000000000      ,   1.9526037588617793     
   1.9271210000000001      ,   1.9332293042756528      ,   2285.5100097656250      ,   1.9387832818154420     
   1.9460260000000000      ,   1.9195690698975167      ,   2285.5200195312500      ,   1.9250936456751644     
   1.8717680000000001      ,   1.9060381565374063      ,   2285.5300292968750      ,   1.9115334419045005     
   1.8814130000000000      ,   1.8926351676354396      ,   2285.5400390625000      ,   1.8981012760562463     
   1.9579780000000000      ,   1.8793587207835931      ,   2285.5500488281250      ,   1.8847957677329590     
   1.8064270000000000      ,   1.8662074476779791      ,   2285.5600585937500      ,   1.8716155505423635     
   1.7707240000000000      ,   1.8531799940663665      ,   2285.5700683593750      ,   1.8585592720479227     
   1.8052660000000000      ,   1.8402750196912152      ,   2285.5800781250000      ,   1.8456255937148367     
   1.9013720000000001      ,   1.8274911982284663      ,   2285.5900878906250      ,   1.8328131908517233     
   1.7969500000000000      ,   1.8148272172223407      ,   2285.6000976562500      ,   1.8201207525482268     
   1.8446730000000000      ,   1.8022817780163753      ,   2285.6101074218750      ,   1.8075469816087912     
   1.7195160000000000      ,   1.7898535956809176      ,   2285.6201171875000      ,   1.7950905944828204     
   1.7906620000000000      ,   1.7778403263407412      ,   2285.6298828125000      ,   1.7830499318532032     
   1.8091130000000000      ,   1.7656400740991589      ,   2285.6398925781250      ,   1.7708217293579931     
   1.8322760000000000      ,   1.7535533357132298      ,   2285.6499023437500      ,   1.7587071713058489     
   1.6964600000000001      ,   1.7415788800461309      ,   2285.6599121093750      ,   1.7467050276385374     
   1.7673179999999999      ,   1.7297154892816213      ,   2285.6699218750000      ,   1.7348140815487672     
   1.6914140000000000      ,   1.7179619588345680      ,   2285.6799316406250      ,   1.7230331293929753     
   1.6852229999999999      ,   1.7063170972592656      ,   2285.6899414062500      ,   1.7113609806018419     
   1.7514240000000001      ,   1.6947797261556954      ,   2285.6999511718750      ,   1.6997964575886839     
   1.6247510000000001      ,   1.6833486800738853      ,   2285.7099609375000      ,   1.6883383956558913     
   1.6850400000000001      ,   1.6720228064165130      ,   2285.7199707031250      ,   1.6769856428995453     
   1.6774940000000000      ,   1.6608009653398925      ,   2285.7299804687500      ,   1.6657370601123678     
   1.5764490000000000      ,   1.6496820296534767      ,   2285.7399902343750      ,   1.6545915206851298     
   1.7030570000000000      ,   1.6386648847180088      ,   2285.7500000000000      ,   1.6435479105066535     
   1.5572999999999999      ,   1.6277484283424370      ,   2285.7600097656250      ,   1.6326051278625269     
   1.6452450000000001      ,   1.6169315706797149      ,   2285.7700195312500      ,   1.6217620833326538     
   1.6050030000000000      ,   1.6062132341215980      ,   2285.7800292968750      ,   1.6110176996877481     
   1.6050739999999999      ,   1.5955923531925409      ,   2285.7900390625000      ,   1.6003709117848821     
   1.5182979999999999      ,   1.5850678744427991      ,   2285.8000488281250      ,   1.5898206664621892     
   1.6437999999999999      ,   1.5746387563408304      ,   2285.8100585937500      ,   1.5793659224328234     
   1.5451820000000001      ,   1.5643039691650882      ,   2285.8200683593750      ,   1.5690056501782657     
   1.4887900000000001      ,   1.5540624948952997      ,   2285.8300781250000      ,   1.5587388318410678     
   1.5260089999999999      ,   1.5439133271033034      ,   2285.8400878906250      ,   1.5485644611171179     
   1.4608779999999999      ,   1.5338554708435364      ,   2285.8500976562500      ,   1.5384815431475090     
   1.4590220000000000      ,   1.5238879425432392      ,   2285.8601074218750      ,   1.5284890944100908     
   1.5801440000000000      ,   1.5140097698924562      ,   2285.8701171875000      ,   1.5185861426107718     
   1.5659810000000001      ,   1.5044577225877873      ,   2285.8798828125000      ,   1.5090100566719120     
   1.5420170000000000      ,   1.4947532672352122      ,   2285.8898925781250      ,   1.4992811012193026     
   1.4923370000000000      ,   1.4851353398551164      ,   2285.8999023437500      ,   1.4896388148816944     
   1.5251120000000000      ,   1.4756030118243213      ,   2285.9099121093750      ,   1.4800822689258060     
   1.4504360000000001      ,   1.4661553652343311      ,   2285.9199218750000      ,   1.4706105453042340     
   1.3984580000000000      ,   1.4567914927814185      ,   2285.9299316406250      ,   1.4612227365466295     
   1.3975109999999999      ,   1.4475104976569211      ,   2285.9399414062500      ,   1.4519179456510523     
   1.4610470000000000      ,   1.4383114934377901      ,   2285.9499511718750      ,   1.4426952859755469     
   1.3646840000000000      ,   1.4291936039774444      ,   2285.9599609375000      ,   1.4335538811299890     
   1.4520830000000000      ,   1.4201559632969625      ,   2285.9699707031250      ,   1.4244928648682444     
   1.4130259999999999      ,   1.4111977154766611      ,   2285.9799804687500      ,   1.4155113809806827     
   1.3792370000000000      ,   1.4023180145480936      ,   2285.9899902343750      ,   1.4066085831870840     
   1.3484080000000001      ,   1.3935160243865083      ,   2286.0000000000000      ,   1.3977836350299773     
   1.4471090000000000      ,   1.3847909186037970      ,   2286.0100097656250      ,   1.3890357097684405     
   1.3553280000000001      ,   1.3761418804419656      ,   2286.0200195312500      ,   1.3803639902724001     
   1.3411160000000000      ,   1.3675681026671589      ,   2286.0300292968750      ,   1.3717676689174574     
   1.4043920000000001      ,   1.3590687874642700      ,   2286.0400390625000      ,   1.3632459474802745     
   1.3779220000000001      ,   1.3506431463321511      ,   2286.0500488281250      ,   1.3547980370345383     
   1.2763800000000001      ,   1.3422903999794631      ,   2286.0600585937500      ,   1.3464231578475394     
   1.2899860000000001      ,   1.3340097782211755      ,   2286.0700683593750      ,   1.3381205392773809     
   1.2882190000000000      ,   1.3258005198757477      ,   2286.0800781250000      ,   1.3298894196708435     
   1.3612180000000000      ,   1.3176618726630054      ,   2286.0900878906250      ,   1.3217290462619251     
   1.2669459999999999      ,   1.3095930931027324      ,   2286.1000976562500      ,   1.3136386750710776     
   1.2886390000000001      ,   1.3015934464139960      ,   2286.1101074218750      ,   1.3056175708051541     
   1.2858660000000000      ,   1.2936622064152232      ,   2286.1201171875000      ,   1.2976650067580875     
   1.3275630000000000      ,   1.2859896495834555      ,   2286.1298828125000      ,   1.2899717741477070     
   1.2472140000000000      ,   1.2781914530438909      ,   2286.1398925781250      ,   1.2821525157741609     
   1.2626250000000001      ,   1.2704595522569295      ,   2286.1499023437500      ,   1.2743996850544335     
   1.2969189999999999      ,   1.2627932542556219      ,   2286.1599121093750      ,   1.2667125884538626     
   1.1971909999999999      ,   1.2551918741867976      ,   2286.1699218750000      ,   1.2590905405420150     
   1.2113929999999999      ,   1.2476547352158871      ,   2286.1799316406250      ,   1.2515328638980030     
   1.2126110000000001      ,   1.2401811684325710      ,   2286.1899414062500      ,   1.2440388890166170     
   1.2001660000000001      ,   1.2327705127572675      ,   2286.1999511718750      ,   1.2366079542152777     
   1.2521450000000001      ,   1.2254221148484647      ,   2286.2099609375000      ,   1.2292394055418188     
   1.2441949999999999      ,   1.2181353290109023      ,   2286.2199707031250      ,   1.2219325966831025     
   1.1926829999999999      ,   1.2109095171046056      ,   2286.2299804687500      ,   1.2146868888744788     
   1.1476080000000000      ,   1.2037440484547843      ,   2286.2399902343750      ,   1.2075016508100875     
   1.2028280000000000      ,   1.1966382997625893      ,   2286.2500000000000      ,   1.2003762585540121     
   1.1939620000000000      ,   1.1895916550167394      ,   2286.2600097656250      ,   1.1933100954522851     
   1.2138640000000001      ,   1.1826035054060133      ,   2286.2700195312500      ,   1.1863025520457513     
   1.1993849999999999      ,   1.1756732492326152      ,   2286.2800292968750      ,   1.1793530259837874     
   1.2210010000000000      ,   1.1688002918264115      ,   2286.2900390625000      ,   1.1724609219388817     
   1.1487740000000000      ,   1.1619840454600374      ,   2286.3000488281250      ,   1.1656256515220762     
   1.1380159999999999      ,   1.1552239292648792      ,   2286.3100585937500      ,   1.1588466331992684     
   1.1198580000000000      ,   1.1485193691479283      ,   2286.3200683593750      ,   1.1521232922083751     
   1.1022760000000000      ,   1.1418697977095045      ,   2286.3300781250000      ,   1.1454550604773568     
   1.1638170000000001      ,   1.1352746541618535      ,   2286.3400878906250      ,   1.1388413765431029     
   1.1728019999999999      ,   1.1287333842486083      ,   2286.3500976562500      ,   1.1322816854711764     
   1.1655770000000001      ,   1.1222454401651238      ,   2286.3601074218750      ,   1.1257754387764118     
   1.0886380000000000      ,   1.1158102804796681      ,   2286.3701171875000      ,   1.1193220943443734     
   1.0720170000000000      ,   1.1095824333090416      ,   2286.3798828125000      ,   1.1130766188907788     
   1.0750340000000000      ,   1.1032499880001214      ,   2286.3898925781250      ,   1.1067262196759247     
   1.0509569999999999      ,   1.0969687529345662      ,   2286.3999023437500      ,   1.1004271465271602     
   1.0707190000000000      ,   1.0907382112543715      ,   2286.4099121093750      ,   1.0941788818974838     
   1.0323100000000001      ,   1.0845578520950894      ,   2286.4199218750000      ,   1.0879809142324290     
   1.0937990000000000      ,   1.0784271705121189      ,   2286.4299316406250      ,   1.0818327378965655     
   1.0827880000000001      ,   1.0723456674078371      ,   2286.4399414062500      ,   1.0757338531008331     
