  0.6687118    
  0.6594329    
  0.6770731    
  0.6675337    
  0.6450468    
  0.6837987    
  0.6840652    
  0.6661916    
  0.6649793    
  0.7017227    
  0.6850094    
  0.7130935    
  0.7151682    
  0.6911005    
  0.6812197    
  0.7064658    
  0.7459812    
  0.7165646    
  0.7434918    
  0.7297546    
  0.7535516    
  0.7127392    
  0.7169076    
  0.7607340    
  0.7296476    
  0.7544868    
  0.7855545    
  0.7742030    
  0.8175861    
  0.7704624    
  0.7813683    
  0.8107666    
  0.8423902    
  0.8356205    
  0.7889504    
  0.7879909    
  0.8659348    
  0.8286347    
  0.8339239    
  0.8610101    
  0.8280180    
  0.8852043    
  0.8483517    
  0.8907779    
  0.8738777    
  0.8501127    
  0.8670566    
  0.9009010    
  0.9001890    
  0.8877701    
  0.9662117    
  0.9511692    
  0.9679958    
  0.9766992    
  0.9372510    
  0.9213790    
  0.9397565    
  0.9616195    
  0.9817354    
   1.000852    
   1.032951    
  0.9882933    
   1.001446    
  0.9873573    
   1.049427    
   1.029388    
   1.043659    
   1.032910    
   1.056840    
   1.124115    
   1.112772    
   1.080508    
   1.134848    
   1.126280    
   1.169922    
   1.087073    
   1.143828    
   1.170166    
   1.213073    
   1.136425    
   1.147604    
   1.238756    
   1.183332    
   1.196031    
   1.228920    
   1.265696    
   1.293539    
   1.233744    
   1.232488    
   1.289294    
   1.289005    
   1.328804    
   1.353230    
   1.312983    
   1.380870    
   1.290699    
   1.337153    
   1.423954    
   1.449336    
   1.374169    
   1.367695    
   1.401352    
   1.473504    
   1.430323    
   1.508891    
   1.553398    
   1.460068    
   1.466489    
   1.480186    
   1.525795    
   1.502172    
   1.533931    
   1.649924    
   1.533938    
   1.646513    
   1.623976    
   1.722372    
   1.719619    
   1.759190    
   1.679342    
   1.722718    
   1.755143    
   1.772702    
   1.773170    
   1.737718    
   1.787787    
   1.878402    
   1.823910    
   1.946081    
   1.864342    
   1.895564    
   2.003339    
   1.872630    
   1.989834    
   1.954854    
   2.102625    
   2.111232    
   2.101890    
   2.145764    
   2.213416    
   2.134446    
   2.133961    
   2.278026    
   2.306619    
   2.220109    
   2.354060    
   2.378556    
   2.312532    
   2.371339    
   2.272939    
   2.357477    
   2.328273    
   2.440766    
   2.383737    
   2.572377    
   2.598343    
   2.609836    
   2.709669    
   2.642521    
   2.555840    
   2.663249    
   2.821455    
   2.693101    
   2.924360    
   2.842850    
   3.023790    
   2.866631    
   3.071610    
   3.109081    
   2.965727    
   3.066317    
   3.167179    
   3.235135    
   3.100709    
   3.353380    
   3.298476    
   3.189677    
   3.269116    
   3.335913    
   3.374339    
   3.552337    
   3.706145    
   3.510445    
   3.706351    
   3.695903    
   3.759308    
   3.739731    
   3.796011    
   3.941660    
   3.935168    
   4.115850    
   4.287477    
   4.269938    
   4.067809    
   4.320878    
   4.177305    
   4.263643    
   4.334098    
   4.628962    
   4.693593    
   4.780778    
   4.873215    
   4.663039    
   4.974241    
   4.842892    
   5.121429    
   5.223511    
   5.142944    
   5.347549    
   5.181453    
   5.360332    
   5.548193    
   5.639527    
   5.641256    
   5.746323    
   6.066027    
   6.302321    
   6.216866    
   6.329353    
   6.100769    
   6.476030    
   6.328571    
   6.802892    
   7.022260    
   6.893788    
   7.231239    
   7.414282    
   7.010285    
   7.536377    
   7.477479    
   7.954924    
   7.489251    
   8.125591    
   8.305729    
   7.847125    
   8.523328    
   8.461285    
   8.621931    
   8.835456    
   8.958379    
   9.343843    
   8.902800    
   9.535639    
   9.539483    
   10.04945    
   10.03763    
   9.929972    
   9.743077    
   10.19586    
   10.73321    
   10.96734    
   10.97147    
   10.44356    
   11.07220    
   10.79358    
   11.40765    
   11.67913    
   12.17824    
   11.62131    
   12.14328    
   12.36718    
   12.21784    
   12.85007    
   13.06777    
   12.62983    
   13.52994    
   13.09384    
   14.10990    
   13.70362    
   13.25234    
   14.29212    
   14.17993    
   14.14786    
   14.45612    
   14.76741    
   15.17859    
   14.57924    
   14.44613    
   15.49526    
   15.32822    
   15.38812    
   15.05512    
   15.68998    
   15.44747    
   16.45951    
   16.32177    
   16.60085    
   16.55397    
   16.35710    
   15.67490    
   15.36920    
   15.62627    
   16.55073    
   15.89566    
   16.47249    
   15.89227    
   16.08740    
   15.38479    
   15.69423    
   15.77201    
   15.59661    
   16.44101    
   16.02994    
   15.50630    
   16.31834    
   15.67774    
   15.53169    
   15.13725    
   15.45762    
   15.63419    
   14.84815    
   15.13332    
   14.33383    
   14.35242    
   15.07327    
   14.37237    
   14.70997    
   13.41444    
   13.63855    
   13.73722    
   13.21810    
   13.57312    
   12.59201    
   13.60828    
   13.00879    
   12.93274    
   12.70645    
   12.25712    
   12.66471    
   12.09317    
   11.98669    
   11.52681    
   11.83293    
   11.19567    
   11.45583    
   11.21950    
   11.02423    
   11.08111    
   9.973842    
   10.47883    
   9.704019    
   10.14910    
   9.678170    
   9.881254    
   9.490752    
   8.914252    
   9.446958    
   9.220319    
   8.461519    
   9.004371    
   8.934600    
   8.015253    
   8.501845    
   8.204848    
   8.031256    
   7.945544    
   7.602991    
   7.706007    
   7.400180    
   7.483517    
   7.504584    
   6.815578    
   7.320514    
   6.684217    
   6.931516    
   6.609672    
   6.249351    
   6.587751    
   6.323888    
   5.959373    
   6.403971    
   6.160023    
   5.897346    
   5.994622    
   5.680192    
   5.458295    
   5.446780    
   5.271596    
   5.546360    
   5.457476    
   5.352037    
   5.028113    
   5.090832    
   4.792645    
   5.149838    
   4.858095    
   4.946117    
   4.518191    
   4.523436    
   4.633789    
   4.608544    
   4.224483    
   4.170221    
   4.159658    
   4.427458    
   3.983368    
   4.177589    
   4.046713    
   4.035657    
   3.816999    
   3.807167    
   3.935290    
   3.758715    
   3.839208    
   3.802646    
   3.784249    
   3.665986    
   3.604936    
   3.401613    
   3.535583    
   3.241778    
   3.291045    
   3.204868    
   3.100183    
   3.270437    
   3.164856    
   3.061574    
   2.993767    
   3.028721    
   3.023564    
   2.860003    
   2.879066    
   2.985193    
   2.797489    
   2.750087    
   2.727417    
   2.691680    
   2.748953    
   2.591508    
   2.721678    
   2.492471    
   2.653906    
   2.605933    
   2.530752    
   2.460615    
   2.392367    
   2.340260    
   2.418130    
   2.395868    
   2.334893    
   2.326957    
   2.301377    
   2.302044    
   2.286953    
   2.206565    
   2.247634    
   2.132772    
   2.095762    
   2.140822    
   2.102787    
   2.123197    
   2.140513    
   1.979630    
   1.917967    
   2.049662    
   1.867285    
   1.988339    
   1.914537    
   1.902274    
   1.952889    
   1.935063    
   1.761520    
   1.811474    
   1.881692    
   1.798499    
   1.837217    
   1.805641    
   1.747191    
   1.703043    
   1.615849    
   1.602131    
   1.689483    
   1.589069    
   1.663257    
   1.560296    
   1.538718    
   1.644650    
   1.586107    
   1.580911    
   1.467786    
   1.558355    
   1.513993    
   1.453282    
   1.503621    
   1.492077    
   1.377974    
   1.453676    
   1.453415    
   1.349753    
   1.330075    
   1.358444    
   1.368628    
   1.296593    
   1.311203    
   1.386151    
   1.330341    
   1.303165    
   1.239354    
   1.303200    
   1.274504    
   1.225397    
   1.273746    
   1.225734    
   1.259515    
   1.175781    
   1.226179    
   1.214434    
   1.132814    
   1.135114    
   1.126374    
   1.105970    
   1.139010    
   1.171649    
   1.157254    
   1.078073    
   1.122283    
   1.057192    
   1.108875    
   1.086012    
   1.106774    
   1.090817    
   1.043943    
   1.026487    
  0.9995825    
   1.036779    
  0.9902309    
   1.038842    
  0.9662387    
  0.9916723    
  0.9528337    
  0.9453933    
  0.9457289    
  0.9229253    
  0.9580747    
  0.9161986    
  0.9057213    
  0.9006604    
  0.8897223    
  0.9466696    
  0.8852137    
  0.8828424    
  0.8739725    
  0.8845055    
  0.8946357    
  0.8922361    
  0.8626068    
  0.8885366    
  0.8200697    
  0.8208815    
  0.8826082    
  0.8173220    
  0.8378499    
  0.7925045    
  0.8427688    
  0.8479136    
  0.8446941    
  0.7776638    
  0.7913202    
  0.7886485    
  0.7532503    
  0.7626454    
  0.7574813    
  0.7796504    
  0.7505078    
  0.7851464    
  0.7848504    
  0.7354644    
  0.7729558    
  0.7257662    
  0.7571751    
  0.6918092    
  0.7410131    
  0.6983380    
