   1.0000000116860974E-007 ,           3 , -0.20323866613925046     
   1.0000999000011675E-003 ,           3 , -0.20323866613925046     
   2.0000998000011664E-003 ,           3 , -0.20323866613925048     
   3.0000997000011655E-003 ,           3 , -0.20323866613925046     
   4.0000996000011642E-003 ,           3 , -0.20323866613925046     
   5.0000995000011629E-003 ,           3 , -0.20323866613925048     
   6.0000994000011625E-003 ,           3 , -0.20323866613925046     
   7.0000993000011611E-003 ,           3 , -0.20323866613925046     
   8.0000992000011598E-003 ,           3 , -0.20323866613925043     
   9.0000991000011594E-003 ,           3 , -0.20323866613925046     
   1.0000099000001157E-002 ,           3 , -0.20323866613925046     
   1.1000098900001157E-002 ,           3 , -0.20323866613925046     
   1.2000098800001156E-002 ,           3 , -0.20323866613925046     
   1.3000098700001154E-002 ,           3 , -0.20323866613925046     
   1.4000098600001154E-002 ,           3 , -0.20323866613925046     
   1.5000098500001151E-002 ,           3 , -0.20323866613925046     
   1.6000098400001151E-002 ,           3 , -0.20323866613925046     
   1.7000098300001151E-002 ,           3 , -0.20323866613925046     
   1.8000098200001150E-002 ,           3 , -0.20323866613925046     
   1.9000098100001146E-002 ,           3 , -0.20323866613925048     
   2.0000098000001146E-002 ,           3 , -0.20323866613925046     
   2.1000097900001145E-002 ,           3 , -0.20323866613925046     
   2.2000097800001145E-002 ,           3 , -0.20323866613925048     
   2.3000097700001144E-002 ,           3 , -0.20323866613925046     
   2.4000097600001144E-002 ,           3 , -0.20323866613925046     
   2.5000097500001140E-002 ,           3 , -0.20323866613925046     
   2.6000097400001140E-002 ,           3 , -0.20323866613925046     
   2.7000097300001139E-002 ,           3 , -0.20323866613925043     
   2.8000097200001139E-002 ,           3 , -0.20323866613925048     
   2.9000097100001138E-002 ,           3 , -0.20323866613925046     
   3.0000097000001134E-002 ,           3 , -0.20323866613925046     
   3.1000096900001134E-002 ,           3 , -0.20323866613925046     
   3.2000096800001133E-002 ,           3 , -0.20323866613925048     
   3.3000096700001133E-002 ,           3 , -0.20323866613925046     
   3.4000096600001133E-002 ,           3 , -0.20323866613925046     
   3.5000096500001132E-002 ,           3 , -0.20323866613925046     
   3.6000096400001132E-002 ,           3 , -0.20323866613925046     
   3.7000096300001131E-002 ,           3 , -0.20323866613925048     
   3.8000096200001124E-002 ,           3 , -0.20323866613925046     
   3.9000096100001123E-002 ,           3 , -0.20323866613925046     
   4.0000096000001123E-002 ,           3 , -0.20323866613925048     
   4.1000095900001123E-002 ,           3 , -0.20323866613925046     
   4.2000095800001122E-002 ,           3 , -0.20323866613925046     
   4.3000095700001122E-002 ,           3 , -0.20323866613925046     
   4.4000095600001121E-002 ,           3 , -0.20323866613925048     
   4.5000095500001121E-002 ,           3 , -0.20323866613925046     
   4.6000095400001120E-002 ,           3 , -0.20323866613925046     
   4.7000095300001120E-002 ,           3 , -0.20323866613925046     
   4.8000095200001119E-002 ,           3 , -0.20323866613925046     
   4.9000095100001112E-002 ,           3 , -0.20323866613925046     
   5.0000095000001112E-002 ,           3 , -0.20323866613925046     
   5.1000094900001111E-002 ,           3 , -0.20323866613925046     
   5.2000094800001111E-002 ,           3 , -0.20323866613925046     
   5.3000094700001110E-002 ,           3 , -0.20323866613925046     
   5.4000094600001110E-002 ,           3 , -0.20323866613925046     
   5.5000094500001109E-002 ,           3 , -0.20323866613925046     
   5.6000094400001109E-002 ,           3 , -0.20323866613925043     
   5.7000094300001108E-002 ,           3 , -0.20323866613925046     
   5.8000094200001108E-002 ,           3 , -0.20323866613925046     
   5.9000094100001101E-002 ,           3 , -0.20323866613925048     
   6.0000094000001100E-002 ,           3 , -0.20323866613925046     
   6.1000093900001100E-002 ,           3 , -0.20323866613925046     
   6.2000093800001099E-002 ,           3 , -0.20323866613925046     
   6.3000093700001106E-002 ,           3 , -0.20323866613925046     
   6.4000093600001098E-002 ,           3 , -0.20323866613925046     
   6.5000093500001091E-002 ,           3 , -0.20323866613925046     
   6.6000093400001097E-002 ,           3 , -0.20323866613925046     
   6.7000093300001090E-002 ,           3 , -0.20323866613925048     
   6.8000093200001097E-002 ,           3 , -0.20323866613925046     
   6.9000093100001089E-002 ,           3 , -0.20323866613925046     
   7.0000093000001096E-002 ,           3 , -0.20323866613925046     
   7.1000092900001088E-002 ,           3 , -0.20323866613925046     
   7.2000092800001095E-002 ,           3 , -0.20323866613925048     
   7.3000092700001087E-002 ,           3 , -0.20323866613925046     
   7.4000092600001094E-002 ,           3 , -0.20323866613925046     
   7.5000092500001087E-002 ,           3 , -0.20323866613925046     
   7.6000092400001079E-002 ,           3 , -0.20323866613925046     
   7.7000092300001086E-002 ,           3 , -0.20323866613925043     
   7.8000092200001078E-002 ,           3 , -0.20323866613925046     
   7.9000092100001085E-002 ,           3 , -0.20323866613925046     
   8.0000092000001077E-002 ,           3 , -0.20323866613925046     
   8.1000091900001084E-002 ,           3 , -0.20323866613925046     
   8.2000091800001076E-002 ,           3 , -0.20323866613925046     
   8.3000091700001083E-002 ,           3 , -0.20323866613925048     
   8.4000091600001076E-002 ,           3 , -0.20323866613925046     
   8.5000091500001082E-002 ,           3 , -0.20323866613925046     
   8.6000091400001075E-002 ,           3 , -0.20323866613925046     
   8.7000091300001067E-002 ,           3 , -0.20323866613925046     
   8.8000091200001074E-002 ,           3 , -0.20323866613925048     
   8.9000091100001066E-002 ,           3 , -0.20323866613925046     
   9.0000091000001073E-002 ,           3 , -0.20323866613925046     
   9.1000090900001065E-002 ,           3 , -0.20323866613925048     
   9.2000090800001072E-002 ,           3 , -0.20323866613925046     
   9.3000090700001065E-002 ,           3 , -0.20323866613925048     
   9.4000090600001071E-002 ,           3 , -0.20323866613925046     
   9.5000090500001064E-002 ,           3 , -0.20323866613925046     
   9.6000090400001070E-002 ,           3 , -0.20323866613925046     
   9.7000090300001063E-002 ,           3 , -0.20323866613925043     
   9.8000090200001055E-002 ,           3 , -0.20323866613925046     
   9.9000090100001062E-002 ,           3 , -0.20323866613925046     
  0.10000009000000105      ,           3 , -0.20323866613925046     
  0.10100008990000106      ,           3 , -0.20323866613925046     
  0.10200008980000105      ,           3 , -0.20323866613925048     
  0.10300008970000106      ,           3 , -0.20323866613925046     
  0.10400008960000105      ,           3 , -0.20323866613925046     
  0.10500008950000106      ,           3 , -0.20323866613925046     
  0.10600008940000105      ,           3 , -0.20323866613925046     
  0.10700008930000104      ,           3 , -0.20323866613925046     
  0.10800008920000105      ,           3 , -0.20323866613925046     
  0.10900008910000104      ,           3 , -0.20323866613925043     
  0.11000008900000105      ,           3 , -0.20323866613925046     
  0.11100008890000104      ,           3 , -0.20323866613925046     
  0.11200008880000105      ,           3 , -0.20323866613925048     
  0.11300008870000104      ,           3 , -0.20323866613925046     
  0.11400008860000105      ,           3 , -0.20323866613925046     
  0.11500008850000104      ,           3 , -0.20323866613925046     
  0.11600008840000105      ,           3 , -0.20323866613925043     
  0.11700008830000104      ,           3 , -0.20323866613925046     
  0.11800008820000103      ,           3 , -0.20323866613925046     
  0.11900008810000104      ,           3 , -0.20323866613925043     
  0.12000008800000103      ,           3 , -0.20323866613925046     
  0.12100008790000104      ,           3 , -0.20323866613925046     
  0.12200008780000103      ,           3 , -0.20323866613925046     
  0.12300008770000104      ,           3 , -0.20323866613925048     
  0.12400008760000103      ,           3 , -0.20323866613925046     
  0.12500008750000102      ,           3 , -0.20323866613925046     
  0.12600008740000104      ,           3 , -0.20323866613925048     
  0.12700008730000104      ,           3 , -0.20323866613925046     
  0.12800008720000103      ,           3 , -0.20323866613925046     
  0.12900008710000102      ,           3 , -0.20323866613925046     
  0.13000008700000101      ,           3 , -0.20323866613925048     
  0.13100008690000103      ,           3 , -0.20323866613925046     
  0.13200008680000103      ,           3 , -0.20323866613925046     
  0.13300008670000102      ,           3 , -0.20323866613925046     
  0.13400008660000101      ,           3 , -0.20323866613925043     
  0.13500008650000103      ,           3 , -0.20323866613925046     
  0.13600008640000102      ,           3 , -0.20323866613925046     
  0.13700008630000102      ,           3 , -0.20323866613925046     
  0.13800008620000101      ,           3 , -0.20323866613925046     
  0.13900008610000100      ,           3 , -0.20323866613925046     
  0.14000008600000102      ,           3 , -0.20323866613925046     
  0.14100008590000102      ,           3 , -0.20323866613925046     
  0.14200008580000101      ,           3 , -0.20323866613925046     
  0.14300008570000100      ,           3 , -0.20323866613925046     
  0.14400008560000102      ,           3 , -0.20323866613925046     
  0.14500008550000101      ,           3 , -0.20323866613925046     
  0.14600008540000101      ,           3 , -0.20323866613925046     
  0.14700008530000100      ,           3 , -0.20323866613925046     
  0.14800008520000102      ,           3 , -0.20323866613925046     
  0.14900008510000101      ,           3 , -0.20323866613925043     
  0.15000008500000100      ,           3 , -0.20323866613925046     
  0.15100008490000100      ,           3 , -0.20323866613925043     
  0.15200008480000099      ,           3 , -0.20323866613925046     
  0.15300008470000101      ,           3 , -0.20323866613925046     
  0.15400008460000100      ,           3 , -0.20323866613925048     
  0.15500008450000100      ,           3 , -0.20323866613925046     
  0.15600008440000099      ,           3 , -0.20323866613925046     
  0.15700008430000101      ,           3 , -0.20323866613925046     
  0.15800008420000100      ,           3 , -0.20323866613925046     
  0.15900008410000099      ,           3 , -0.20323866613925046     
  0.16000008400000099      ,           3 , -0.20323866613925046     
  0.16100008390000098      ,           3 , -0.20323866613925046     
  0.16200008380000100      ,           3 , -0.20323866613925048     
  0.16300008370000099      ,           3 , -0.20323866613925046     
  0.16400008360000098      ,           3 , -0.20323866613925046     
  0.16500008350000098      ,           3 , -0.20323866613925048     
  0.16600008340000100      ,           3 , -0.20323866613925046     
  0.16700008330000099      ,           3 , -0.20323866613925046     
  0.16800008320000098      ,           3 , -0.20323866613925048     
  0.16900008310000098      ,           3 , -0.20323866613925046     
  0.17000008300000100      ,           3 , -0.20323866613925043     
  0.17100008290000099      ,           3 , -0.20323866613925046     
  0.17200008280000098      ,           3 , -0.20323866613925046     
  0.17300008270000097      ,           3 , -0.20323866613925046     
  0.17400008260000097      ,           3 , -0.20323866613925046     
  0.17500008250000099      ,           3 , -0.20323866613925046     
  0.17600008240000098      ,           3 , -0.20323866613925046     
  0.17700008230000097      ,           3 , -0.20323866613925046     
  0.17800008220000096      ,           3 , -0.20323866613925046     
  0.17900008210000098      ,           3 , -0.20323866613925046     
  0.18000008200000098      ,           3 , -0.20323866613925046     
  0.18100008190000097      ,           3 , -0.20323866613925046     
  0.18200008180000096      ,           3 , -0.20323866613925046     
  0.18300008170000095      ,           3 , -0.20323866613925046     
  0.18400008160000098      ,           3 , -0.20323866613925046     
  0.18500008150000097      ,           3 , -0.20323866613925046     
  0.18600008140000096      ,           3 , -0.20323866613925046     
  0.18700008130000095      ,           3 , -0.20323866613925046     
  0.18800008120000097      ,           3 , -0.20323866613925048     
  0.18900008110000097      ,           3 , -0.20323866613925046     
  0.19000008100000096      ,           3 , -0.20323866613925046     
  0.19100008090000095      ,           3 , -0.20323866613925046     
  0.19200008080000097      ,           3 , -0.20323866613925043     
  0.19300008070000096      ,           3 , -0.20323866613925051     
  0.19400008060000096      ,           3 , -0.20323866613925046     
  0.19500008050000095      ,           3 , -0.20323866613925046     
  0.19600008040000094      ,           3 , -0.20323866613925048     
  0.19700008030000096      ,           3 , -0.20323866613925046     
  0.19800008020000096      ,           3 , -0.20323866613925046     
  0.19900008010000095      ,           3 , -0.20323866613925048     
  0.20000008000000094      ,           3 , -0.20323866613925046     
  0.20100007990000096      ,           3 , -0.20323866613925046     
  0.20200007980000095      ,           3 , -0.20323866613925048     
  0.20300007970000095      ,           3 , -0.20323866613925048     
  0.20400007960000094      ,           3 , -0.20323866613925046     
  0.20500007950000093      ,           3 , -0.20323866613925046     
  0.20600007940000095      ,           3 , -0.20323866613925046     
  0.20700007930000094      ,           3 , -0.20323866613925048     
  0.20800007920000094      ,           3 , -0.20323866613925048     
  0.20900007910000093      ,           3 , -0.20323866613925046     
  0.21000007900000095      ,           3 , -0.20323866613925051     
  0.21100007890000094      ,           3 , -0.20323866613925046     
  0.21200007880000094      ,           3 , -0.20323866613925048     
  0.21300007870000093      ,           3 , -0.20323866613925046     
  0.21400007860000092      ,           3 , -0.20323866613925043     
  0.21500007850000094      ,           3 , -0.20323866613925048     
  0.21600007840000093      ,           3 , -0.20323866613925043     
  0.21700007830000093      ,           3 , -0.20323866613925046     
  0.21800007820000092      ,           3 , -0.20323866613925046     
  0.21900007810000094      ,           3 , -0.20323866613925046     
  0.22000007800000093      ,           3 , -0.20323866613925046     
  0.22100007790000092      ,           3 , -0.20323866613925046     
  0.22200007780000092      ,           3 , -0.20323866613925046     
  0.22300007770000094      ,           3 , -0.20323866613925046     
  0.22400007760000093      ,           3 , -0.20323866613925046     
  0.22500007750000092      ,           3 , -0.20323866613925046     
  0.22600007740000091      ,           3 , -0.20323866613925048     
  0.22700007730000091      ,           3 , -0.20323866613925046     
  0.22800007720000093      ,           3 , -0.20323866613925048     
  0.22900007710000092      ,           3 , -0.20323866613925046     
  0.23000007700000091      ,           3 , -0.20323866613925048     
  0.23100007690000091      ,           3 , -0.20323866613925046     
  0.23200007680000093      ,           3 , -0.20323866613925046     
  0.23300007670000092      ,           3 , -0.20323866613925048     
  0.23400007660000091      ,           3 , -0.20323866613925046     
  0.23500007650000090      ,           3 , -0.20323866613925043     
  0.23600007640000090      ,           3 , -0.20323866613925046     
  0.23700007630000092      ,           3 , -0.20323866613925046     
  0.23800007620000091      ,           3 , -0.20323866613925046     
  0.23900007610000090      ,           3 , -0.20323866613925046     
  0.24000007600000089      ,           3 , -0.20323866613925046     
  0.24100007590000092      ,           3 , -0.20323866613925043     
  0.24200007580000091      ,           3 , -0.20323866613925046     
  0.24300007570000090      ,           3 , -0.20323866613925046     
  0.24400007560000089      ,           3 , -0.20323866613925046     
  0.24500007550000091      ,           3 , -0.20323866613925046     
  0.24600007540000091      ,           3 , -0.20323866613925046     
  0.24700007530000090      ,           3 , -0.20323866613925046     
  0.24800007520000089      ,           3 , -0.20323866613925046     
  0.24900007510000088      ,           3 , -0.20323866613925046     
  0.25000007500000088      ,           3 , -0.20323866613925046     
  0.25100007490000087      ,           3 , -0.20323866613925046     
  0.25200007480000092      ,           3 , -0.20323866613925046     
  0.25300007470000091      ,           3 , -0.20323866613925046     
  0.25400007460000090      ,           3 , -0.20323866613925046     
  0.25500007450000090      ,           3 , -0.20323866613925048     
  0.25600007440000089      ,           3 , -0.20323866613925046     
  0.25700007430000088      ,           3 , -0.20323866613925046     
  0.25800007420000087      ,           3 , -0.20323866613925046     
  0.25900007410000087      ,           3 , -0.20323866613925043     
  0.26000007400000086      ,           3 , -0.20323866613925043     
  0.26100007390000091      ,           3 , -0.20323866613925046     
  0.26200007380000090      ,           3 , -0.20323866613925046     
  0.26300007370000089      ,           3 , -0.20323866613925046     
  0.26400007360000088      ,           3 , -0.20323866613925046     
  0.26500007350000088      ,           3 , -0.20323866613925046     
  0.26600007340000087      ,           3 , -0.20323866613925046     
  0.26700007330000086      ,           3 , -0.20323866613925046     
  0.26800007320000085      ,           3 , -0.20323866613925046     
  0.26900007310000085      ,           3 , -0.20323866613925048     
  0.27000007300000090      ,           3 , -0.20323866613925046     
  0.27100007290000089      ,           3 , -0.20323866613925046     
  0.27200007280000088      ,           3 , -0.20323866613925046     
  0.27300007270000087      ,           3 , -0.20323866613925046     
  0.27400007260000087      ,           3 , -0.20323866613925046     
  0.27500007250000086      ,           3 , -0.20323866613925046     
  0.27600007240000085      ,           3 , -0.20323866613925048     
  0.27700007230000084      ,           3 , -0.20323866613925046     
  0.27800007220000084      ,           3 , -0.20323866613925046     
  0.27900007210000088      ,           3 , -0.20323866613925046     
  0.28000007200000088      ,           3 , -0.20323866613925048     
  0.28100007190000087      ,           3 , -0.20323866613925046     
  0.28200007180000086      ,           3 , -0.20323866613925046     
  0.28300007170000085      ,           3 , -0.20323866613925048     
  0.28400007160000085      ,           3 , -0.20323866613925046     
  0.28500007150000084      ,           3 , -0.20323866613925046     
  0.28600007140000083      ,           3 , -0.20323866613925046     
  0.28700007130000088      ,           3 , -0.20323866613925046     
  0.28800007120000087      ,           3 , -0.20323866613925046     
  0.28900007110000087      ,           3 , -0.20323866613925046     
  0.29000007100000086      ,           3 , -0.20323866613925043     
  0.29100007090000085      ,           3 , -0.20323866613925046     
  0.29200007080000084      ,           3 , -0.20323866613925046     
  0.29300007070000084      ,           3 , -0.20323866613925046     
  0.29400007060000083      ,           3 , -0.20323866613925046     
  0.29500007050000082      ,           3 , -0.20323866613925046     
  0.29600007040000087      ,           3 , -0.20323866613925048     
  0.29700007030000086      ,           3 , -0.20323866613925046     
  0.29800007020000086      ,           3 , -0.20323866613925046     
  0.29900007010000085      ,           3 , -0.20323866613925046     
  0.30000007000000084      ,           3 , -0.20323866613925046     
  0.30100006990000083      ,           3 , -0.20323866613925046     
  0.30200006980000083      ,           3 , -0.20323866613925046     
  0.30300006970000082      ,           3 , -0.20323866613925046     
  0.30400006960000081      ,           3 , -0.20323866613925046     
  0.30500006950000086      ,           3 , -0.20323866613925043     
  0.30600006940000085      ,           3 , -0.20323866613925046     
  0.30700006930000084      ,           3 , -0.20323866613925048     
  0.30800006920000084      ,           3 , -0.20323866613925046     
  0.30900006910000083      ,           3 , -0.20323866613925046     
  0.31000006900000082      ,           3 , -0.20323866613925046     
  0.31100006890000081      ,           3 , -0.20323866613925046     
  0.31200006880000081      ,           3 , -0.20323866613925046     
  0.31300006870000080      ,           3 , -0.20323866613925046     
  0.31400006860000085      ,           3 , -0.20323866613925046     
  0.31500006850000084      ,           3 , -0.20323866613925046     
  0.31600006840000083      ,           3 , -0.20323866613925046     
  0.31700006830000083      ,           3 , -0.20323866613925046     
  0.31800006820000082      ,           3 , -0.20323866613925048     
  0.31900006810000081      ,           3 , -0.20323866613925048     
  0.32000006800000080      ,           3 , -0.20323866613925048     
  0.32100006790000080      ,           3 , -0.20323866613925046     
  0.32200006780000079      ,           3 , -0.20323866613925046     
  0.32300006770000084      ,           3 , -0.20323866613925043     
  0.32400006760000083      ,           3 , -0.20323866613925046     
  0.32500006750000082      ,           3 , -0.20323866613925046     
  0.32600006740000081      ,           3 , -0.20323866613925046     
  0.32700006730000081      ,           3 , -0.20323866613925046     
  0.32800006720000080      ,           3 , -0.20323866613925048     
  0.32900006710000079      ,           3 , -0.20323866613925046     
  0.33000006700000079      ,           3 , -0.20323866613925046     
  0.33100006690000078      ,           3 , -0.20323866613925046     
  0.33200006680000083      ,           3 , -0.20323866613925048     
  0.33300006670000082      ,           3 , -0.20323866613925046     
  0.33400006660000081      ,           3 , -0.20323866613925043     
  0.33500006650000080      ,           3 , -0.20323866613925046     
  0.33600006640000080      ,           3 , -0.20323866613925046     
  0.33700006630000079      ,           3 , -0.20323866613925043     
  0.33800006620000078      ,           3 , -0.20323866613925046     
  0.33900006610000077      ,           3 , -0.20323866613925046     
  0.34000006600000082      ,           3 , -0.20323866613925046     
  0.34100006590000081      ,           3 , -0.20323866613925046     
  0.34200006580000081      ,           3 , -0.20323866613925048     
  0.34300006570000080      ,           3 , -0.20323866613925046     
  0.34400006560000079      ,           3 , -0.20323866613925046     
  0.34500006550000079      ,           3 , -0.20323866613925046     
  0.34600006540000078      ,           3 , -0.20323866613925046     
  0.34700006530000077      ,           3 , -0.20323866613925046     
  0.34800006520000076      ,           3 , -0.20323866613925046     
  0.34900006510000081      ,           3 , -0.20323866613925046     
  0.35000006500000080      ,           3 , -0.20323866613925046     
  0.35100006490000080      ,           3 , -0.20323866613925046     
  0.35200006480000079      ,           3 , -0.20323866613925046     
  0.35300006470000078      ,           3 , -0.20323866613925046     
  0.35400006460000077      ,           3 , -0.20323866613925046     
  0.35500006450000077      ,           3 , -0.20323866613925043     
  0.35600006440000076      ,           3 , -0.20323866613925046     
  0.35700006430000075      ,           3 , -0.20323866613925046     
  0.35800006420000080      ,           3 , -0.20323866613925046     
  0.35900006410000079      ,           3 , -0.20323866613925046     
  0.36000006400000079      ,           3 , -0.20323866613925043     
  0.36100006390000078      ,           3 , -0.20323866613925048     
  0.36200006380000077      ,           3 , -0.20323866613925046     
  0.36300006370000076      ,           3 , -0.20323866613925046     
  0.36400006360000076      ,           3 , -0.20323866613925046     
  0.36500006350000075      ,           3 , -0.20323866613925046     
  0.36600006340000074      ,           3 , -0.20323866613925046     
  0.36700006330000079      ,           3 , -0.20323866613925046     
  0.36800006320000078      ,           3 , -0.20323866613925046     
  0.36900006310000077      ,           3 , -0.20323866613925046     
  0.37000006300000077      ,           3 , -0.20323866613925046     
  0.37100006290000076      ,           3 , -0.20323866613925046     
  0.37200006280000075      ,           3 , -0.20323866613925046     
  0.37300006270000075      ,           3 , -0.20323866613925046     
  0.37400006260000074      ,           3 , -0.20323866613925046     
  0.37500006250000073      ,           3 , -0.20323866613925043     
  0.37600006240000078      ,           3 , -0.20323866613925043     
  0.37700006230000077      ,           3 , -0.20323866613925046     
  0.37800006220000076      ,           3 , -0.20323866613925046     
  0.37900006210000076      ,           3 , -0.20323866613925046     
  0.38000006200000075      ,           3 , -0.20323866613925046     
  0.38100006190000074      ,           3 , -0.20323866613925046     
  0.38200006180000073      ,           3 , -0.20323866613925046     
  0.38300006170000073      ,           3 , -0.20323866613925046     
  0.38400006160000077      ,           3 , -0.20323866613925046     
  0.38500006150000077      ,           3 , -0.20323866613925046     
  0.38600006140000076      ,           3 , -0.20323866613925046     
  0.38700006130000075      ,           3 , -0.20323866613925046     
  0.38800006120000075      ,           3 , -0.20323866613925046     
  0.38900006110000074      ,           3 , -0.20323866613925046     
  0.39000006100000073      ,           3 , -0.20323866613925046     
  0.39100006090000072      ,           3 , -0.20323866613925046     
  0.39200006080000072      ,           3 , -0.20323866613925048     
  0.39300006070000076      ,           3 , -0.20323866613925046     
  0.39400006060000076      ,           3 , -0.20323866613925048     
  0.39500006050000075      ,           3 , -0.20323866613925046     
  0.39600006040000074      ,           3 , -0.20323866613925043     
  0.39700006030000073      ,           3 , -0.20323866613925043     
  0.39800006020000073      ,           3 , -0.20323866613925046     
  0.39900006010000072      ,           3 , -0.20323866613925046     
  0.40000006000000071      ,           3 , -0.20323866613925043     
  0.40100005990000070      ,           3 , -0.20323866613925046     
  0.40200005980000075      ,           3 , -0.20323866613925046     
  0.40300005970000075      ,           3 , -0.20323866613925046     
  0.40400005960000074      ,           3 , -0.20323866613925046     
  0.40500005950000073      ,           3 , -0.20323866613925046     
  0.40600005940000072      ,           3 , -0.20323866613925046     
  0.40700005930000072      ,           3 , -0.20323866613925046     
  0.40800005920000071      ,           3 , -0.20323866613925046     
  0.40900005910000070      ,           3 , -0.20323866613925046     
  0.41000005900000069      ,           3 , -0.20323866613925046     
  0.41100005890000074      ,           3 , -0.20323866613925046     
  0.41200005880000073      ,           3 , -0.20323866613925048     
  0.41300005870000073      ,           3 , -0.20323866613925046     
  0.41400005860000072      ,           3 , -0.20323866613925048     
  0.41500005850000071      ,           3 , -0.20323866613925048     
  0.41600005840000071      ,           3 , -0.20323866613925043     
  0.41700005830000070      ,           3 , -0.20323866613925043     
  0.41800005820000069      ,           3 , -0.20323866613925048     
  0.41900005810000068      ,           3 , -0.20323866613925048     
  0.42000005800000073      ,           3 , -0.20323866613925046     
  0.42100005790000072      ,           3 , -0.20323866613925046     
  0.42200005780000072      ,           3 , -0.20323866613925046     
  0.42300005770000071      ,           3 , -0.20323866613925046     
  0.42400005760000070      ,           3 , -0.20323866613925048     
  0.42500005750000069      ,           3 , -0.20323866613925048     
  0.42600005740000069      ,           3 , -0.20323866613925046     
  0.42700005730000068      ,           3 , -0.20323866613925046     
  0.42800005720000067      ,           3 , -0.20323866613925046     
  0.42900005710000072      ,           3 , -0.20323866613925048     
  0.43000005700000071      ,           3 , -0.20323866613925048     
  0.43100005690000071      ,           3 , -0.20323866613925046     
  0.43200005680000070      ,           3 , -0.20323866613925046     
  0.43300005670000069      ,           3 , -0.20323866613925048     
  0.43400005660000068      ,           3 , -0.20323866613925046     
  0.43500005650000068      ,           3 , -0.20323866613925046     
  0.43600005640000067      ,           3 , -0.20323866613925046     
  0.43700005630000072      ,           3 , -0.20323866613925046     
  0.43800005620000071      ,           3 , -0.20323866613925046     
  0.43900005610000070      ,           3 , -0.20323866613925046     
  0.44000005600000069      ,           3 , -0.20323866613925046     
  0.44100005590000069      ,           3 , -0.20323866613925046     
  0.44200005580000068      ,           3 , -0.20323866613925046     
  0.44300005570000067      ,           3 , -0.20323866613925051     
  0.44400005560000066      ,           3 , -0.20323866613925046     
  0.44500005550000066      ,           3 , -0.20323866613925048     
  0.44600005540000071      ,           3 , -0.20323866613925046     
  0.44700005530000070      ,           3 , -0.20323866613925046     
  0.44800005520000069      ,           3 , -0.20323866613925046     
  0.44900005510000068      ,           3 , -0.20323866613925046     
  0.45000005500000068      ,           3 , -0.20323866613925048     
  0.45100005490000067      ,           3 , -0.20323866613925046     
  0.45200005480000066      ,           3 , -0.20323866613925046     
  0.45300005470000065      ,           3 , -0.20323866613925046     
  0.45400005460000065      ,           3 , -0.20323866613925046     
  0.45500005450000069      ,           3 , -0.20323866613925046     
  0.45600005440000069      ,           3 , -0.20323866613925048     
  0.45700005430000068      ,           3 , -0.20323866613925046     
  0.45800005420000067      ,           3 , -0.20323866613925046     
  0.45900005410000067      ,           3 , -0.20323866613925046     
  0.46000005400000066      ,           3 , -0.20323866613925046     
  0.46100005390000065      ,           3 , -0.20323866613925048     
  0.46200005380000064      ,           3 , -0.20323866613925046     
  0.46300005370000064      ,           3 , -0.20323866613925046     
  0.46400005360000068      ,           3 , -0.20323866613925046     
  0.46500005350000068      ,           3 , -0.20323866613925046     
  0.46600005340000067      ,           3 , -0.20323866613925048     
  0.46700005330000066      ,           3 , -0.20323866613925048     
  0.46800005320000065      ,           3 , -0.20323866613925048     
  0.46900005310000065      ,           3 , -0.20323866613925046     
  0.47000005300000064      ,           3 , -0.20323866613925046     
  0.47100005290000063      ,           3 , -0.20323866613925048     
  0.47200005280000062      ,           3 , -0.20323866613925046     
  0.47300005270000067      ,           3 , -0.20323866613925046     
  0.47400005260000067      ,           3 , -0.20323866613925046     
  0.47500005250000066      ,           3 , -0.20323866613925046     
  0.47600005240000065      ,           3 , -0.20323866613925046     
  0.47700005230000064      ,           3 , -0.20323866613925046     
  0.47800005220000064      ,           3 , -0.20323866613925046     
  0.47900005210000063      ,           3 , -0.20323866613925046     
  0.48000005200000062      ,           3 , -0.20323866613925046     
  0.48100005190000061      ,           3 , -0.20323866613925046     
  0.48200005180000066      ,           3 , -0.20323866613925046     
  0.48300005170000065      ,           3 , -0.20323866613925048     
  0.48400005160000065      ,           3 , -0.20323866613925046     
  0.48500005150000064      ,           3 , -0.20323866613925046     
  0.48600005140000063      ,           3 , -0.20323866613925046     
  0.48700005130000062      ,           3 , -0.20323866613925046     
  0.48800005120000062      ,           3 , -0.20323866613925046     
  0.48900005110000061      ,           3 , -0.20323866613925048     
  0.49000005100000066      ,           3 , -0.20323866613925048     
  0.49100005090000065      ,           3 , -0.20323866613925046     
  0.49200005080000064      ,           3 , -0.20323866613925046     
  0.49300005070000064      ,           3 , -0.20323866613925046     
  0.49400005060000063      ,           3 , -0.20323866613925046     
  0.49500005050000062      ,           3 , -0.20323866613925046     
  0.49600005040000061      ,           3 , -0.20323866613925048     
  0.49700005030000061      ,           3 , -0.20323866613925046     
  0.49800005020000060      ,           3 , -0.20323866613925046     
  0.49900005010000065      ,           3 , -0.20323866613925046     
  0.50000005000000058      ,           3 , -0.20323866613925046     
  0.50100004990000058      ,           3 , -0.20323866613925043     
  0.50200004980000057      ,           3 , -0.20323866613925046     
  0.50300004970000056      ,           3 , -0.20323866613925046     
  0.50400004960000067      ,           3 , -0.20323866613925046     
  0.50500004950000066      ,           3 , -0.20323866613925046     
  0.50600004940000065      ,           3 , -0.20323866613925046     
  0.50700004930000064      ,           3 , -0.20323866613925048     
  0.50800004920000064      ,           3 , -0.20323866613925046     
  0.50900004910000063      ,           3 , -0.20323866613925046     
  0.51000004900000062      ,           3 , -0.20323866613925046     
  0.51100004890000061      ,           3 , -0.20323866613925043     
  0.51200004880000061      ,           3 , -0.20323866613925046     
  0.51300004870000060      ,           3 , -0.20323866613925046     
  0.51400004860000059      ,           3 , -0.20323866613925046     
  0.51500004850000058      ,           3 , -0.20323866613925046     
  0.51600004840000058      ,           3 , -0.20323866613925046     
  0.51700004830000057      ,           3 , -0.20323866613925043     
  0.51800004820000056      ,           3 , -0.20323866613925046     
  0.51900004810000055      ,           3 , -0.20323866613925043     
  0.52000004800000055      ,           3 , -0.20323866613925046     
  0.52100004790000065      ,           3 , -0.20323866613925046     
  0.52200004780000064      ,           3 , -0.20323866613925046     
  0.52300004770000064      ,           3 , -0.20323866613925043     
  0.52400004760000063      ,           3 , -0.20323866613925046     
  0.52500004750000062      ,           3 , -0.20323866613925046     
  0.52600004740000061      ,           3 , -0.20323866613925046     
  0.52700004730000061      ,           3 , -0.20323866613925046     
  0.52800004720000060      ,           3 , -0.20323866613925043     
  0.52900004710000059      ,           3 , -0.20323866613925046     
  0.53000004700000058      ,           3 , -0.20323866613925046     
  0.53100004690000058      ,           3 , -0.20323866613925046     
  0.53200004680000057      ,           3 , -0.20323866613925048     
  0.53300004670000056      ,           3 , -0.20323866613925046     
  0.53400004660000056      ,           3 , -0.20323866613925046     
  0.53500004650000055      ,           3 , -0.20323866613925046     
  0.53600004640000054      ,           3 , -0.20323866613925046     
  0.53700004630000053      ,           3 , -0.20323866613925043     
  0.53800004620000053      ,           3 , -0.20323866613925048     
  0.53900004610000063      ,           3 , -0.20323866613925043     
  0.54000004600000062      ,           3 , -0.20323866613925046     
  0.54100004590000061      ,           3 , -0.20323866613925046     
  0.54200004580000061      ,           3 , -0.20323866613925046     
  0.54300004570000060      ,           3 , -0.20323866613925046     
  0.54400004560000059      ,           3 , -0.20323866613925046     
  0.54500004550000059      ,           3 , -0.20323866613925046     
  0.54600004540000058      ,           3 , -0.20323866613925046     
  0.54700004530000057      ,           3 , -0.20323866613925046     
  0.54800004520000056      ,           3 , -0.20323866613925048     
  0.54900004510000056      ,           3 , -0.20323866613925046     
  0.55000004500000055      ,           3 , -0.20323866613925046     
  0.55100004490000054      ,           3 , -0.20323866613925046     
  0.55200004480000053      ,           3 , -0.20323866613925046     
  0.55300004470000053      ,           3 , -0.20323866613925046     
  0.55400004460000052      ,           3 , -0.20323866613925043     
  0.55500004450000051      ,           3 , -0.20323866613925046     
  0.55600004440000050      ,           3 , -0.20323866613925043     
  0.55700004430000061      ,           3 , -0.20323866613925046     
  0.55800004420000060      ,           3 , -0.20323866613925048     
  0.55900004410000059      ,           3 , -0.20323866613925046     
  0.56000004400000059      ,           3 , -0.20323866613925046     
  0.56100004390000058      ,           3 , -0.20323866613925046     
  0.56200004380000057      ,           3 , -0.20323866613925046     
  0.56300004370000056      ,           3 , -0.20323866613925046     
  0.56400004360000056      ,           3 , -0.20323866613925043     
  0.56500004350000055      ,           3 , -0.20323866613925046     
  0.56600004340000054      ,           3 , -0.20323866613925046     
  0.56700004330000053      ,           3 , -0.20323866613925046     
  0.56800004320000053      ,           3 , -0.20323866613925046     
  0.56900004310000052      ,           3 , -0.20323866613925046     
  0.57000004300000051      ,           3 , -0.20323866613925043     
  0.57100004290000050      ,           3 , -0.20323866613925046     
  0.57200004280000050      ,           3 , -0.20323866613925046     
  0.57300004270000049      ,           3 , -0.20323866613925043     
  0.57400004260000059      ,           3 , -0.20323866613925046     
  0.57500004250000059      ,           3 , -0.20323866613925043     
  0.57600004240000058      ,           3 , -0.20323866613925046     
  0.57700004230000057      ,           3 , -0.20323866613925046     
  0.57800004220000056      ,           3 , -0.20323866613925046     
  0.57900004210000056      ,           3 , -0.20323866613925046     
  0.58000004200000055      ,           3 , -0.20323866613925046     
  0.58100004190000054      ,           3 , -0.20323866613925046     
  0.58200004180000053      ,           3 , -0.20323866613925046     
  0.58300004170000053      ,           3 , -0.20323866613925043     
  0.58400004160000052      ,           3 , -0.20323866613925043     
  0.58500004150000051      ,           3 , -0.20323866613925046     
  0.58600004140000050      ,           3 , -0.20323866613925046     
  0.58700004130000050      ,           3 , -0.20323866613925043     
  0.58800004120000049      ,           3 , -0.20323866613925046     
  0.58900004110000048      ,           3 , -0.20323866613925046     
  0.59000004100000047      ,           3 , -0.20323866613925046     
  0.59100004090000047      ,           3 , -0.20323866613925046     
  0.59200004080000057      ,           3 , -0.20323866613925046     
  0.59300004070000056      ,           3 , -0.20323866613925046     
  0.59400004060000056      ,           3 , -0.20323866613925048     
  0.59500004050000055      ,           3 , -0.20323866613925046     
  0.59600004040000054      ,           3 , -0.20323866613925043     
  0.59700004030000053      ,           3 , -0.20323866613925046     
  0.59800004020000053      ,           3 , -0.20323866613925046     
  0.59900004010000052      ,           3 , -0.20323866613925046     
  0.60000004000000051      ,           3 , -0.20323866613925048     
  0.60100003990000050      ,           3 , -0.20323866613925046     
  0.60200003980000050      ,           3 , -0.20323866613925048     
  0.60300003970000049      ,           3 , -0.20323866613925046     
  0.60400003960000048      ,           3 , -0.20323866613925046     
  0.60500003950000047      ,           3 , -0.20323866613925046     
  0.60600003940000047      ,           3 , -0.20323866613925046     
  0.60700003930000046      ,           3 , -0.20323866613925046     
  0.60800003920000045      ,           3 , -0.20323866613925043     
  0.60900003910000045      ,           3 , -0.20323866613925048     
  0.61000003900000055      ,           3 , -0.20323866613925046     
  0.61100003890000054      ,           3 , -0.20323866613925043     
  0.61200003880000053      ,           3 , -0.20323866613925046     
  0.61300003870000053      ,           3 , -0.20323866613925043     
  0.61400003860000052      ,           3 , -0.20323866613925046     
  0.61500003850000051      ,           3 , -0.20323866613925046     
  0.61600003840000050      ,           3 , -0.20323866613925046     
  0.61700003830000050      ,           3 , -0.20323866613925046     
  0.61800003820000049      ,           3 , -0.20323866613925046     
  0.61900003810000048      ,           3 , -0.20323866613925048     
  0.62000003800000048      ,           3 , -0.20323866613925046     
  0.62100003790000047      ,           3 , -0.20323866613925043     
  0.62200003780000046      ,           3 , -0.20323866613925046     
  0.62300003770000045      ,           3 , -0.20323866613925046     
  0.62400003760000045      ,           3 , -0.20323866613925046     
  0.62500003750000044      ,           3 , -0.20323866613925046     
  0.62600003740000043      ,           3 , -0.20323866613925043     
  0.62700003730000053      ,           3 , -0.20323866613925046     
  0.62800003720000053      ,           3 , -0.20323866613925048     
  0.62900003710000052      ,           3 , -0.20323866613925046     
  0.63000003700000051      ,           3 , -0.20323866613925046     
  0.63100003690000050      ,           3 , -0.20323866613925046     
  0.63200003680000050      ,           3 , -0.20323866613925046     
  0.63300003670000049      ,           3 , -0.20323866613925046     
  0.63400003660000048      ,           3 , -0.20323866613925046     
  0.63500003650000048      ,           3 , -0.20323866613925046     
  0.63600003640000047      ,           3 , -0.20323866613925046     
  0.63700003630000046      ,           3 , -0.20323866613925046     
  0.63800003620000045      ,           3 , -0.20323866613925046     
  0.63900003610000045      ,           3 , -0.20323866613925048     
  0.64000003600000044      ,           3 , -0.20323866613925046     
  0.64100003590000043      ,           3 , -0.20323866613925046     
  0.64200003580000042      ,           3 , -0.20323866613925046     
  0.64300003570000042      ,           3 , -0.20323866613925046     
  0.64400003560000041      ,           3 , -0.20323866613925046     
  0.64500003550000051      ,           3 , -0.20323866613925046     
  0.64600003540000051      ,           3 , -0.20323866613925046     
  0.64700003530000050      ,           3 , -0.20323866613925046     
  0.64800003520000049      ,           3 , -0.20323866613925046     
  0.64900003510000048      ,           3 , -0.20323866613925048     
  0.65000003500000048      ,           3 , -0.20323866613925046     
  0.65100003490000047      ,           3 , -0.20323866613925046     
  0.65200003480000046      ,           3 , -0.20323866613925046     
  0.65300003470000045      ,           3 , -0.20323866613925043     
  0.65400003460000045      ,           3 , -0.20323866613925046     
  0.65500003450000044      ,           3 , -0.20323866613925046     
  0.65600003440000043      ,           3 , -0.20323866613925046     
  0.65700003430000042      ,           3 , -0.20323866613925043     
  0.65800003420000042      ,           3 , -0.20323866613925046     
  0.65900003410000041      ,           3 , -0.20323866613925046     
  0.66000003400000040      ,           3 , -0.20323866613925046     
  0.66100003390000039      ,           3 , -0.20323866613925046     
  0.66200003380000039      ,           3 , -0.20323866613925046     
  0.66300003370000049      ,           3 , -0.20323866613925046     
  0.66400003360000048      ,           3 , -0.20323866613925046     
  0.66500003350000048      ,           3 , -0.20323866613925046     
  0.66600003340000047      ,           3 , -0.20323866613925046     
  0.66700003330000046      ,           3 , -0.20323866613925046     
  0.66800003320000045      ,           3 , -0.20323866613925043     
  0.66900003310000045      ,           3 , -0.20323866613925046     
  0.67000003300000044      ,           3 , -0.20323866613925048     
  0.67100003290000043      ,           3 , -0.20323866613925046     
  0.67200003280000042      ,           3 , -0.20323866613925046     
  0.67300003270000042      ,           3 , -0.20323866613925046     
  0.67400003260000041      ,           3 , -0.20323866613925046     
  0.67500003250000040      ,           3 , -0.20323866613925046     
  0.67600003240000039      ,           3 , -0.20323866613925046     
  0.67700003230000039      ,           3 , -0.20323866613925046     
  0.67800003220000038      ,           3 , -0.20323866613925043     
  0.67900003210000037      ,           3 , -0.20323866613925043     
  0.68000003200000048      ,           3 , -0.20323866613925051     
  0.68100003190000047      ,           3 , -0.20323866613925046     
  0.68200003180000046      ,           3 , -0.20323866613925046     
  0.68300003170000045      ,           3 , -0.20323866613925048     
  0.68400003160000045      ,           3 , -0.20323866613925046     
  0.68500003150000044      ,           3 , -0.20323866613925046     
  0.68600003140000043      ,           3 , -0.20323866613925048     
  0.68700003130000042      ,           3 , -0.20323866613925048     
  0.68800003120000042      ,           3 , -0.20323866613925048     
  0.68900003110000041      ,           3 , -0.20323866613925048     
  0.69000003100000040      ,           3 , -0.20323866613925043     
  0.69100003090000039      ,           3 , -0.20323866613925046     
  0.69200003080000039      ,           3 , -0.20323866613925048     
  0.69300003070000038      ,           3 , -0.20323866613925048     
  0.69400003060000037      ,           3 , -0.20323866613925046     
  0.69500003050000037      ,           3 , -0.20323866613925043     
  0.69600003040000036      ,           3 , -0.20323866613925048     
  0.69700003030000035      ,           3 , -0.20323866613925048     
  0.69800003020000045      ,           3 , -0.20323866613925043     
  0.69900003010000045      ,           3 , -0.20323866613925046     
  0.70000003000000044      ,           3 , -0.20323866613925046     
  0.70100002990000043      ,           3 , -0.20323866613925046     
  0.70200002980000042      ,           3 , -0.20323866613925046     
  0.70300002970000042      ,           3 , -0.20323866613925046     
  0.70400002960000041      ,           3 , -0.20323866613925048     
  0.70500002950000040      ,           3 , -0.20323866613925048     
  0.70600002940000040      ,           3 , -0.20323866613925043     
  0.70700002930000039      ,           3 , -0.20323866613925046     
  0.70800002920000038      ,           3 , -0.20323866613925048     
  0.70900002910000037      ,           3 , -0.20323866613925046     
  0.71000002900000037      ,           3 , -0.20323866613925048     
  0.71100002890000036      ,           3 , -0.20323866613925046     
  0.71200002880000035      ,           3 , -0.20323866613925046     
  0.71300002870000034      ,           3 , -0.20323866613925046     
  0.71400002860000034      ,           3 , -0.20323866613925048     
  0.71500002850000033      ,           3 , -0.20323866613925046     
  0.71600002840000043      ,           3 , -0.20323866613925046     
  0.71700002830000042      ,           3 , -0.20323866613925048     
  0.71800002820000042      ,           3 , -0.20323866613925048     
  0.71900002810000041      ,           3 , -0.20323866613925046     
  0.72000002800000040      ,           3 , -0.20323866613925046     
  0.72100002790000040      ,           3 , -0.20323866613925046     
  0.72200002780000039      ,           3 , -0.20323866613925048     
  0.72300002770000038      ,           3 , -0.20323866613925046     
  0.72400002760000037      ,           3 , -0.20323866613925046     
  0.72500002750000037      ,           3 , -0.20323866613925046     
  0.72600002740000036      ,           3 , -0.20323866613925046     
  0.72700002730000035      ,           3 , -0.20323866613925046     
  0.72800002720000034      ,           3 , -0.20323866613925046     
  0.72900002710000034      ,           3 , -0.20323866613925046     
  0.73000002700000033      ,           3 , -0.20323866613925046     
  0.73100002690000032      ,           3 , -0.20323866613925046     
  0.73200002680000031      ,           3 , -0.20323866613925048     
  0.73300002670000042      ,           3 , -0.20323866613925046     
  0.73400002660000041      ,           3 , -0.20323866613925043     
  0.73500002650000040      ,           3 , -0.20323866613925046     
  0.73600002640000040      ,           3 , -0.20323866613925046     
  0.73700002630000039      ,           3 , -0.20323866613925048     
  0.73800002620000038      ,           3 , -0.20323866613925046     
  0.73900002610000037      ,           3 , -0.20323866613925046     
  0.74000002600000037      ,           3 , -0.20323866613925048     
  0.74100002590000036      ,           3 , -0.20323866613925043     
  0.74200002580000035      ,           3 , -0.20323866613925043     
  0.74300002570000034      ,           3 , -0.20323866613925046     
  0.74400002560000034      ,           3 , -0.20323866613925046     
  0.74500002550000033      ,           3 , -0.20323866613925046     
  0.74600002540000032      ,           3 , -0.20323866613925046     
  0.74700002530000031      ,           3 , -0.20323866613925046     
  0.74800002520000031      ,           3 , -0.20323866613925046     
  0.74900002510000030      ,           3 , -0.20323866613925046     
  0.75000002500000029      ,           3 , -0.20323866613925046     
  0.75100002490000040      ,           3 , -0.20323866613925046     
  0.75200002480000039      ,           3 , -0.20323866613925043     
  0.75300002470000038      ,           3 , -0.20323866613925046     
  0.75400002460000037      ,           3 , -0.20323866613925046     
  0.75500002450000037      ,           3 , -0.20323866613925046     
  0.75600002440000036      ,           3 , -0.20323866613925046     
  0.75700002430000035      ,           3 , -0.20323866613925046     
  0.75800002420000034      ,           3 , -0.20323866613925046     
  0.75900002410000034      ,           3 , -0.20323866613925046     
  0.76000002400000033      ,           3 , -0.20323866613925046     
  0.76100002390000032      ,           3 , -0.20323866613925046     
  0.76200002380000031      ,           3 , -0.20323866613925046     
  0.76300002370000031      ,           3 , -0.20323866613925046     
  0.76400002360000030      ,           3 , -0.20323866613925046     
  0.76500002350000029      ,           3 , -0.20323866613925046     
  0.76600002340000029      ,           3 , -0.20323866613925046     
  0.76700002330000028      ,           3 , -0.20323866613925046     
  0.76800002320000038      ,           3 , -0.20323866613925046     
  0.76900002310000037      ,           3 , -0.20323866613925046     
  0.77000002300000037      ,           3 , -0.20323866613925046     
  0.77100002290000036      ,           3 , -0.20323866613925046     
  0.77200002280000035      ,           3 , -0.20323866613925046     
  0.77300002270000034      ,           3 , -0.20323866613925046     
  0.77400002260000034      ,           3 , -0.20323866613925048     
  0.77500002250000033      ,           3 , -0.20323866613925046     
  0.77600002240000032      ,           3 , -0.20323866613925046     
  0.77700002230000031      ,           3 , -0.20323866613925046     
  0.77800002220000031      ,           3 , -0.20323866613925046     
  0.77900002210000030      ,           3 , -0.20323866613925046     
  0.78000002200000029      ,           3 , -0.20323866613925046     
  0.78100002190000029      ,           3 , -0.20323866613925046     
  0.78200002180000028      ,           3 , -0.20323866613925046     
  0.78300002170000027      ,           3 , -0.20323866613925046     
  0.78400002160000026      ,           3 , -0.20323866613925046     
  0.78500002150000026      ,           3 , -0.20323866613925046     
  0.78600002140000036      ,           3 , -0.20323866613925046     
  0.78700002130000035      ,           3 , -0.20323866613925046     
  0.78800002120000034      ,           3 , -0.20323866613925046     
  0.78900002110000034      ,           3 , -0.20323866613925046     
  0.79000002100000033      ,           3 , -0.20323866613925048     
  0.79100002090000032      ,           3 , -0.20323866613925046     
  0.79200002080000032      ,           3 , -0.20323866613925046     
  0.79300002070000031      ,           3 , -0.20323866613925046     
  0.79400002060000030      ,           3 , -0.20323866613925048     
  0.79500002050000029      ,           3 , -0.20323866613925043     
  0.79600002040000029      ,           3 , -0.20323866613925046     
  0.79700002030000028      ,           3 , -0.20323866613925046     
  0.79800002020000027      ,           3 , -0.20323866613925046     
  0.79900002010000026      ,           3 , -0.20323866613925046     
  0.80000002000000026      ,           3 , -0.20323866613925046     
  0.80100001990000025      ,           3 , -0.20323866613925043     
  0.80200001980000024      ,           3 , -0.20323866613925046     
  0.80300001970000023      ,           3 , -0.20323866613925046     
  0.80400001960000034      ,           3 , -0.20323866613925046     
  0.80500001950000033      ,           3 , -0.20323866613925046     
  0.80600001940000032      ,           3 , -0.20323866613925046     
  0.80700001930000032      ,           3 , -0.20323866613925046     
  0.80800001920000031      ,           3 , -0.20323866613925048     
  0.80900001910000030      ,           3 , -0.20323866613925046     
  0.81000001900000029      ,           3 , -0.20323866613925046     
  0.81100001890000029      ,           3 , -0.20323866613925043     
  0.81200001880000028      ,           3 , -0.20323866613925046     
  0.81300001870000027      ,           3 , -0.20323866613925046     
  0.81400001860000026      ,           3 , -0.20323866613925046     
  0.81500001850000026      ,           3 , -0.20323866613925048     
  0.81600001840000025      ,           3 , -0.20323866613925046     
  0.81700001830000024      ,           3 , -0.20323866613925046     
  0.81800001820000023      ,           3 , -0.20323866613925046     
  0.81900001810000023      ,           3 , -0.20323866613925048     
  0.82000001800000022      ,           3 , -0.20323866613925046     
  0.82100001790000032      ,           3 , -0.20323866613925048     
  0.82200001780000032      ,           3 , -0.20323866613925046     
  0.82300001770000031      ,           3 , -0.20323866613925046     
  0.82400001760000030      ,           3 , -0.20323866613925046     
  0.82500001750000029      ,           3 , -0.20323866613925046     
  0.82600001740000029      ,           3 , -0.20323866613925046     
  0.82700001730000028      ,           3 , -0.20323866613925046     
  0.82800001720000027      ,           3 , -0.20323866613925046     
  0.82900001710000026      ,           3 , -0.20323866613925046     
  0.83000001700000026      ,           3 , -0.20323866613925046     
  0.83100001690000025      ,           3 , -0.20323866613925046     
  0.83200001680000024      ,           3 , -0.20323866613925046     
  0.83300001670000023      ,           3 , -0.20323866613925046     
  0.83400001660000023      ,           3 , -0.20323866613925046     
  0.83500001650000022      ,           3 , -0.20323866613925046     
  0.83600001640000021      ,           3 , -0.20323866613925046     
  0.83700001630000020      ,           3 , -0.20323866613925046     
  0.83800001620000020      ,           3 , -0.20323866613925048     
  0.83900001610000030      ,           3 , -0.20323866613925046     
  0.84000001600000029      ,           3 , -0.20323866613925046     
  0.84100001590000029      ,           3 , -0.20323866613925046     
  0.84200001580000028      ,           3 , -0.20323866613925046     
  0.84300001570000027      ,           3 , -0.20323866613925048     
  0.84400001560000026      ,           3 , -0.20323866613925046     
  0.84500001550000026      ,           3 , -0.20323866613925046     
  0.84600001540000025      ,           3 , -0.20323866613925046     
  0.84700001530000024      ,           3 , -0.20323866613925048     
  0.84800001520000023      ,           3 , -0.20323866613925051     
  0.84900001510000023      ,           3 , -0.20323866613925046     
  0.85000001500000022      ,           3 , -0.20323866613925048     
  0.85100001490000021      ,           3 , -0.20323866613925048     
  0.85200001480000020      ,           3 , -0.20323866613925048     
  0.85300001470000020      ,           3 , -0.20323866613925046     
  0.85400001460000019      ,           3 , -0.20323866613925046     
  0.85500001450000018      ,           3 , -0.20323866613925046     
  0.85600001440000018      ,           3 , -0.20323866613925046     
  0.85700001430000028      ,           3 , -0.20323866613925046     
  0.85800001420000027      ,           3 , -0.20323866613925048     
  0.85900001410000026      ,           3 , -0.20323866613925046     
  0.86000001400000026      ,           3 , -0.20323866613925046     
  0.86100001390000025      ,           3 , -0.20323866613925046     
  0.86200001380000024      ,           3 , -0.20323866613925046     
  0.86300001370000023      ,           3 , -0.20323866613925046     
  0.86400001360000023      ,           3 , -0.20323866613925048     
  0.86500001350000022      ,           3 , -0.20323866613925046     
  0.86600001340000021      ,           3 , -0.20323866613925046     
  0.86700001330000021      ,           3 , -0.20323866613925046     
  0.86800001320000020      ,           3 , -0.20323866613925046     
  0.86900001310000019      ,           3 , -0.20323866613925046     
  0.87000001300000018      ,           3 , -0.20323866613925048     
  0.87100001290000018      ,           3 , -0.20323866613925046     
  0.87200001280000017      ,           3 , -0.20323866613925046     
  0.87300001270000016      ,           3 , -0.20323866613925046     
  0.87400001260000026      ,           3 , -0.20323866613925046     
  0.87500001250000026      ,           3 , -0.20323866613925046     
  0.87600001240000025      ,           3 , -0.20323866613925046     
  0.87700001230000024      ,           3 , -0.20323866613925046     
  0.87800001220000023      ,           3 , -0.20323866613925048     
  0.87900001210000023      ,           3 , -0.20323866613925046     
  0.88000001200000022      ,           3 , -0.20323866613925046     
  0.88100001190000021      ,           3 , -0.20323866613925046     
  0.88200001180000021      ,           3 , -0.20323866613925046     
  0.88300001170000020      ,           3 , -0.20323866613925046     
  0.88400001160000019      ,           3 , -0.20323866613925046     
  0.88500001150000018      ,           3 , -0.20323866613925046     
  0.88600001140000018      ,           3 , -0.20323866613925046     
  0.88700001130000017      ,           3 , -0.20323866613925046     
  0.88800001120000016      ,           3 , -0.20323866613925046     
  0.88900001110000015      ,           3 , -0.20323866613925046     
  0.89000001100000015      ,           3 , -0.20323866613925043     
  0.89100001090000014      ,           3 , -0.20323866613925046     
  0.89200001080000024      ,           3 , -0.20323866613925046     
  0.89300001070000024      ,           3 , -0.20323866613925046     
  0.89400001060000023      ,           3 , -0.20323866613925046     
  0.89500001050000022      ,           3 , -0.20323866613925046     
  0.89600001040000021      ,           3 , -0.20323866613925046     
  0.89700001030000021      ,           3 , -0.20323866613925048     
  0.89800001020000020      ,           3 , -0.20323866613925048     
  0.89900001010000019      ,           3 , -0.20323866613925046     
  0.90000001000000018      ,           3 , -0.20323866613925048     
  0.90100000990000018      ,           3 , -0.20323866613925046     
  0.90200000980000017      ,           3 , -0.20323866613925048     
  0.90300000970000016      ,           3 , -0.20323866613925046     
  0.90400000960000015      ,           3 , -0.20323866613925046     
  0.90500000950000015      ,           3 , -0.20323866613925046     
  0.90600000940000014      ,           3 , -0.20323866613925046     
  0.90700000930000013      ,           3 , -0.20323866613925046     
  0.90800000920000012      ,           3 , -0.20323866613925051     
  0.90900000910000012      ,           3 , -0.20323866613925048     
  0.91000000900000022      ,           3 , -0.20323866613925046     
  0.91100000890000021      ,           3 , -0.20323866613925048     
  0.91200000880000021      ,           3 , -0.20323866613925046     
  0.91300000870000020      ,           3 , -0.20323866613925048     
  0.91400000860000019      ,           3 , -0.20323866613925046     
  0.91500000850000018      ,           3 , -0.20323866613925046     
  0.91600000840000018      ,           3 , -0.20323866613925043     
  0.91700000830000017      ,           3 , -0.20323866613925046     
  0.91800000820000016      ,           3 , -0.20323866613925046     
  0.91900000810000015      ,           3 , -0.20323866613925048     
  0.92000000800000015      ,           3 , -0.20323866613925046     
  0.92100000790000014      ,           3 , -0.20323866613925048     
  0.92200000780000013      ,           3 , -0.20323866613925046     
  0.92300000770000012      ,           3 , -0.20323866613925046     
  0.92400000760000012      ,           3 , -0.20323866613925046     
  0.92500000750000011      ,           3 , -0.20323866613925046     
  0.92600000740000010      ,           3 , -0.20323866613925046     
  0.92700000730000021      ,           3 , -0.20323866613925043     
  0.92800000720000020      ,           3 , -0.20323866613925046     
  0.92900000710000019      ,           3 , -0.20323866613925046     
  0.93000000700000018      ,           3 , -0.20323866613925046     
  0.93100000690000018      ,           3 , -0.20323866613925046     
  0.93200000680000017      ,           3 , -0.20323866613925046     
  0.93300000670000016      ,           3 , -0.20323866613925046     
  0.93400000660000015      ,           3 , -0.20323866613925046     
  0.93500000650000015      ,           3 , -0.20323866613925046     
  0.93600000640000014      ,           3 , -0.20323866613925043     
  0.93700000630000013      ,           3 , -0.20323866613925046     
  0.93800000620000012      ,           3 , -0.20323866613925043     
  0.93900000610000012      ,           3 , -0.20323866613925046     
  0.94000000600000011      ,           3 , -0.20323866613925046     
  0.94100000590000010      ,           3 , -0.20323866613925046     
  0.94200000580000010      ,           3 , -0.20323866613925046     
  0.94300000570000009      ,           3 , -0.20323866613925046     
  0.94400000560000008      ,           3 , -0.20323866613925046     
  0.94500000550000018      ,           3 , -0.20323866613925046     
  0.94600000540000018      ,           3 , -0.20323866613925046     
  0.94700000530000017      ,           3 , -0.20323866613925046     
  0.94800000520000016      ,           3 , -0.20323866613925043     
  0.94900000510000015      ,           3 , -0.20323866613925046     
  0.95000000500000015      ,           3 , -0.20323866613925046     
  0.95100000490000014      ,           3 , -0.20323866613925046     
  0.95200000480000013      ,           3 , -0.20323866613925046     
  0.95300000470000013      ,           3 , -0.20323866613925046     
  0.95400000460000012      ,           3 , -0.20323866613925046     
  0.95500000450000011      ,           3 , -0.20323866613925046     
  0.95600000440000010      ,           3 , -0.20323866613925043     
  0.95700000430000010      ,           3 , -0.20323866613925046     
  0.95800000420000009      ,           3 , -0.20323866613925046     
  0.95900000410000008      ,           3 , -0.20323866613925043     
  0.96000000400000007      ,           3 , -0.20323866613925046     
  0.96100000390000007      ,           3 , -0.20323866613925043     
  0.96200000380000006      ,           3 , -0.20323866613925046     
  0.96300000370000016      ,           3 , -0.20323866613925046     
  0.96400000360000015      ,           3 , -0.20323866613925046     
  0.96500000350000015      ,           3 , -0.20323866613925046     
  0.96600000340000014      ,           3 , -0.20323866613925046     
  0.96700000330000013      ,           3 , -0.20323866613925046     
  0.96800000320000013      ,           3 , -0.20323866613925048     
  0.96900000310000012      ,           3 , -0.20323866613925046     
  0.97000000300000011      ,           3 , -0.20323866613925046     
  0.97100000290000010      ,           3 , -0.20323866613925048     
  0.97200000280000010      ,           3 , -0.20323866613925046     
  0.97300000270000009      ,           3 , -0.20323866613925046     
  0.97400000260000008      ,           3 , -0.20323866613925046     
  0.97500000250000007      ,           3 , -0.20323866613925046     
  0.97600000240000007      ,           3 , -0.20323866613925048     
  0.97700000230000006      ,           3 , -0.20323866613925046     
  0.97800000220000005      ,           3 , -0.20323866613925046     
  0.97900000210000004      ,           3 , -0.20323866613925046     
  0.98000000200000015      ,           3 , -0.20323866613925043     
  0.98100000190000014      ,           3 , -0.20323866613925046     
  0.98200000180000013      ,           3 , -0.20323866613925046     
  0.98300000170000013      ,           3 , -0.20323866613925046     
  0.98400000160000012      ,           3 , -0.20323866613925046     
  0.98500000150000011      ,           3 , -0.20323866613925046     
  0.98600000140000010      ,           3 , -0.20323866613925046     
  0.98700000130000010      ,           3 , -0.20323866613925046     
  0.98800000120000009      ,           3 , -0.20323866613925046     
  0.98900000110000008      ,           3 , -0.20323866613925046     
  0.99000000100000007      ,           3 , -0.20323866613925043     
  0.99100000090000007      ,           3 , -0.20323866613925046     
  0.99200000080000006      ,           3 , -0.20323866613925046     
  0.99300000070000005      ,           3 , -0.20323866613925043     
  0.99400000060000004      ,           3 , -0.20323866613925048     
  0.99500000050000004      ,           3 , -0.20323866613925046     
  0.99600000040000003      ,           3 , -0.20323866613925046     
  0.99700000030000002      ,           3 , -0.20323866613925046     
  0.99800000020000013      ,           3 , -0.20323866613925046     
  0.99900000010000012      ,           3 , -0.20323866613925046     
   1.0000000000000000      ,           3 , -0.20323866613925046     
