  0.10000000149011612      ,           2 , -0.94737337259840160     
  0.10140000148862600      ,           2 , -0.94737304072473949     
  0.10280000148713589      ,           2 , -0.94737273034494063     
  0.10420000148564577      ,           2 , -0.94737239945545704     
  0.10560000148415566      ,           2 , -0.94737206874619417     
  0.10700000148266554      ,           2 , -0.94737173821688647     
  0.10840000148117543      ,           2 , -0.94737140786725793     
  0.10980000147968530      ,           2 , -0.94737107769702000     
  0.11120000147819518      ,           2 , -0.94737074770587337     
  0.11260000147670507      ,           2 , -0.94737041789350607     
  0.11400000147521495      ,           2 , -0.94737008825959390     
  0.11540000147372484      ,           2 , -0.94736975880379948     
  0.11680000147223472      ,           2 , -0.94736942952577263     
  0.11820000147074461      ,           2 , -0.94736910042514899     
  0.11960000146925449      ,           2 , -0.94736877150155041     
  0.12100000146776438      ,           2 , -0.94736844275458398     
  0.12240000146627426      ,           2 , -0.94736811418384193     
  0.12380000146478415      ,           2 , -0.94736778578890068     
  0.12520000146329402      ,           2 , -0.94736745756932128     
  0.12660000146180392      ,           2 , -0.94736712952464730     
  0.12800000146031379      ,           2 , -0.94736680165440612     
  0.12940000145882369      ,           2 , -0.94736647395810702     
  0.13080000145733356      ,           2 , -0.94736614643524109     
  0.13220000145584343      ,           2 , -0.94736581908528084     
  0.13360000145435333      ,           2 , -0.94736549190767894     
  0.13500000145286323      ,           2 , -0.94736516490186828     
  0.13640000145137310      ,           2 , -0.94736483806726102     
  0.13780000144988297      ,           2 , -0.94736451140324796     
  0.13920000144839287      ,           2 , -0.94736418490919727     
  0.14060000144690274      ,           2 , -0.94736385858445460     
  0.14200000144541264      ,           2 , -0.94736353242834170     
  0.14340000144392251      ,           2 , -0.94736320644015615     
  0.14480000144243241      ,           2 , -0.94736288061916973     
  0.14620000144094228      ,           2 , -0.94736255496462851     
  0.14760000143945218      ,           2 , -0.94736222947575111     
  0.14900000143796205      ,           2 , -0.94736190415172850     
  0.15040000143647192      ,           2 , -0.94736157899172235     
  0.15180000143498182      ,           2 , -0.94736125399486470     
  0.15320000143349172      ,           2 , -0.94736092916025649     
  0.15460000143200159      ,           2 , -0.94736060448696657     
  0.15600000143051146      ,           2 , -0.94736027997403083     
  0.15740000142902136      ,           2 , -0.94735995562045061     
  0.15880000142753123      ,           2 , -0.94735963142519219     
  0.16020000142604113      ,           2 , -0.94735930738718488     
  0.16160000142455100      ,           2 , -0.94735898350532044     
  0.16300000142306087      ,           2 , -0.94735865977845080     
  0.16440000142157077      ,           2 , -0.94735833620538779     
  0.16580000142008067      ,           2 , -0.94735801278490117     
  0.16720000141859054      ,           2 , -0.94735768951571708     
  0.16860000141710041      ,           2 , -0.94735737991350633     
  0.17000000141561031      ,           2 , -0.94735705749723875     
  0.17140000141412021      ,           2 , -0.94735673524709729     
  0.17280000141263008      ,           2 , -0.94735641316229446     
  0.17420000141113995      ,           2 , -0.94735609124201481     
  0.17560000140964985      ,           2 , -0.94735576948541211     
  0.17700000140815975      ,           2 , -0.94735544789161019     
  0.17840000140666962      ,           2 , -0.94735512645970044     
  0.17980000140517949      ,           2 , -0.94735482535958515     
  0.18120000140368936      ,           2 , -0.94735450489702777     
  0.18260000140219926      ,           2 , -0.94735418461356102     
  0.18400000140070916      ,           2 , -0.94735386450889658     
  0.18540000139921903      ,           2 , -0.94735354458273335     
  0.18680000139772890      ,           2 , -0.94735322483475726     
  0.18820000139623880      ,           2 , -0.94735290526464089     
  0.18960000139474870      ,           2 , -0.94735258587204263     
  0.19100000139325857      ,           2 , -0.94735226665660699     
  0.19240000139176844      ,           2 , -0.94735194761796393     
  0.19380000139027834      ,           2 , -0.94735162875572765     
  0.19520000138878824      ,           2 , -0.94735131006949713     
  0.19660000138729811      ,           2 , -0.94735099155885505     
  0.19800000138580798      ,           2 , -0.94735067322336752     
  0.19940000138431785      ,           2 , -0.94735035506258325     
  0.20080000138282775      ,           2 , -0.94735003707603316     
  0.20220000138133765      ,           2 , -0.94734971926322975     
  0.20360000137984752      ,           2 , -0.94734940162366654     
  0.20500000137835739      ,           2 , -0.94734908415681762     
  0.20640000137686729      ,           2 , -0.94734876686213643     
  0.20780000137537719      ,           2 , -0.94734844973905541     
  0.20920000137388706      ,           2 , -0.94734813278698560     
  0.21060000137239693      ,           2 , -0.94734781600531548     
  0.21200000137090683      ,           2 , -0.94734749939340968     
  0.21340000136941673      ,           2 , -0.94734718295061005     
  0.21480000136792660      ,           2 , -0.94734686667623214     
  0.21620000136643647      ,           2 , -0.94734655056956685     
  0.21760000136494634      ,           2 , -0.94734623462987810     
  0.21900000136345624      ,           2 , -0.94734591885640218     
  0.22040000136196614      ,           2 , -0.94734560324834705     
  0.22180000136047601      ,           2 , -0.94734528780489091     
  0.22320000135898588      ,           2 , -0.94734497252518191     
  0.22460000135749578      ,           2 , -0.94734465740833584     
  0.22600000135600565      ,           2 , -0.94734434245343679     
  0.22740000135451555      ,           2 , -0.94734402765953407     
  0.22880000135302542      ,           2 , -0.94734371302564213     
  0.23020000135153532      ,           2 , -0.94734339855073968     
  0.23160000135004519      ,           2 , -0.94734308423376712     
  0.23300000134855509      ,           2 , -0.94734277007362644     
  0.23440000134706496      ,           2 , -0.94734245606917900     
  0.23580000134557486      ,           2 , -0.94734214221924473     
  0.23720000134408473      ,           2 , -0.94734182852259996     
  0.23860000134259463      ,           2 , -0.94734151497797670     
  0.24000000134110450      ,           2 , -0.94734120158406021     
  0.24140000133961440      ,           2 , -0.94734090078710143     
  0.24280000133812427      ,           2 , -0.94734058822094824     
  0.24420000133663414      ,           2 , -0.94734027581984093     
  0.24560000133514404      ,           2 , -0.94733996358294981     
  0.24700000133365391      ,           2 , -0.94733965150941357     
  0.24840000133216381      ,           2 , -0.94733933959833838     
  0.24980000133067368      ,           2 , -0.94733902784879709     
  0.25120000132918358      ,           2 , -0.94733871625982702     
  0.25260000132769345      ,           2 , -0.94733842411018832     
  0.25400000132620337      ,           2 , -0.94733811348170516     
  0.25540000132471319      ,           2 , -0.94733780303111037     
  0.25680000132322311      ,           2 , -0.94733749275808710     
  0.25820000132173299      ,           2 , -0.94733718266230393     
  0.25960000132024286      ,           2 , -0.94733687274341438     
  0.26100000131875278      ,           2 , -0.94733656300105673     
  0.26240000131726260      ,           2 , -0.94733625343485339     
  0.26380000131577253      ,           2 , -0.94733594404441046     
  0.26520000131428240      ,           2 , -0.94733563482931682     
  0.26660000131279227      ,           2 , -0.94733532578914403     
  0.26800000131130219      ,           2 , -0.94733501692344568     
  0.26940000130981206      ,           2 , -0.94733470823175636     
  0.27080000130832194      ,           2 , -0.94733439971359168     
  0.27220000130683186      ,           2 , -0.94733409136844737     
  0.27360000130534168      ,           2 , -0.94733378319579820     
  0.27500000130385160      ,           2 , -0.94733347519509736     
  0.27640000130236148      ,           2 , -0.94733316736577688     
  0.27780000130087135      ,           2 , -0.94733285970724501     
  0.27920000129938127      ,           2 , -0.94733255221888668     
  0.28060000129789109      ,           2 , -0.94733224490006229     
  0.28200000129640101      ,           2 , -0.94733193775010682     
  0.28340000129491089      ,           2 , -0.94733163076832894     
  0.28480000129342076      ,           2 , -0.94733132395401032     
  0.28620000129193068      ,           2 , -0.94733101730640423     
  0.28760000129044055      ,           2 , -0.94733071082473463     
  0.28900000128895043      ,           2 , -0.94733040450819506     
  0.29040000128746035      ,           2 , -0.94733009835594850     
  0.29180000128597017      ,           2 , -0.94732979236712445     
  0.29320000128448009      ,           2 , -0.94732948654081894     
  0.29460000128298997      ,           2 , -0.94732918087609341     
  0.29600000128149984      ,           2 , -0.94732887537197275     
  0.29740000128000976      ,           2 , -0.94732857002744408     
  0.29880000127851958      ,           2 , -0.94732826484145616     
  0.30020000127702950      ,           2 , -0.94732795981291673     
  0.30160000127553938      ,           2 , -0.94732765494069182     
  0.30300000127404925      ,           2 , -0.94732735022360381     
  0.30440000127255917      ,           2 , -0.94732704566043024     
  0.30580000127106904      ,           2 , -0.94732674124990157     
  0.30720000126957892      ,           2 , -0.94732643699069963     
  0.30860000126808884      ,           2 , -0.94732613288145617     
  0.31000000126659866      ,           2 , -0.94732584042991941     
  0.31140000126510858      ,           2 , -0.94732553712555534     
  0.31280000126361845      ,           2 , -0.94732523398499879     
  0.31420000126212833      ,           2 , -0.94732493100735937     
  0.31560000126063825      ,           2 , -0.94732462819171082     
  0.31700000125914807      ,           2 , -0.94732432553708967     
  0.31840000125765799      ,           2 , -0.94732402304249352     
  0.31980000125616787      ,           2 , -0.94732372070687965     
  0.32120000125467774      ,           2 , -0.94732343699508592     
  0.32260000125318766      ,           2 , -0.94732313561134140     
  0.32400000125169753      ,           2 , -0.94732283440394094     
  0.32540000125020740      ,           2 , -0.94732253337250316     
  0.32680000124871733      ,           2 , -0.94732223251662717     
  0.32820000124722715      ,           2 , -0.94732193183589131     
  0.32960000124573707      ,           2 , -0.94732163132985259     
  0.33100000124424694      ,           2 , -0.94732133099804550     
  0.33240000124275682      ,           2 , -0.94732103083998154     
  0.33380000124126674      ,           2 , -0.94732073085514734     
  0.33520000123977656      ,           2 , -0.94732043104300445     
  0.33660000123828648      ,           2 , -0.94732013140298754     
  0.33800000123679635      ,           2 , -0.94731983193450342     
  0.33940000123530623      ,           2 , -0.94731953263692947     
  0.34080000123381615      ,           2 , -0.94731923350961267     
  0.34220000123232602      ,           2 , -0.94731893455186778     
  0.34360000123083589      ,           2 , -0.94731863576297559     
  0.34500000122934582      ,           2 , -0.94731833714218161     
  0.34640000122785564      ,           2 , -0.94731803868869435     
  0.34780000122636556      ,           2 , -0.94731774040168271     
  0.34920000122487543      ,           2 , -0.94731744228027459     
  0.35060000122338530      ,           2 , -0.94731714432355485     
  0.35200000122189518      ,           2 , -0.94731684653056236     
  0.35340000122040510      ,           2 , -0.94731654890028816     
  0.35480000121891497      ,           2 , -0.94731625143167253     
  0.35620000121742484      ,           2 , -0.94731595412360270     
  0.35760000121593472      ,           2 , -0.94731565697490872     
  0.35900000121444464      ,           2 , -0.94731535998436212     
  0.36040000121295451      ,           2 , -0.94731506315067115     
  0.36180000121146438      ,           2 , -0.94731476647247803     
  0.36320000120997425      ,           2 , -0.94731446994835478     
  0.36460000120848418      ,           2 , -0.94731417357679937     
  0.36600000120699405      ,           2 , -0.94731387735623163     
  0.36740000120550392      ,           2 , -0.94731358128498822     
  0.36880000120401379      ,           2 , -0.94731328536131820     
  0.37020000120252367      ,           2 , -0.94731298958337817     
  0.37160000120103359      ,           2 , -0.94731269394922579     
  0.37300000119954346      ,           2 , -0.94731239845681514     
  0.37440000119805333      ,           2 , -0.94731211366499624     
  0.37580000119656320      ,           2 , -0.94731181893540140     
  0.37720000119507313      ,           2 , -0.94731152435855903     
  0.37860000119358300      ,           2 , -0.94731122993264660     
  0.38000000119209287      ,           2 , -0.94731093565572788     
  0.38140000119060274      ,           2 , -0.94731064152574507     
  0.38280000118911267      ,           2 , -0.94731034754051113     
  0.38420000118762254      ,           2 , -0.94731005369770127     
  0.38560000118613241      ,           2 , -0.94730977756027479     
  0.38700000118464228      ,           2 , -0.94730948462238940     
  0.38840000118315215      ,           2 , -0.94730919183990114     
  0.38980000118166208      ,           2 , -0.94730889921070804     
  0.39120000118017195      ,           2 , -0.94730860673254857     
  0.39260000117868182      ,           2 , -0.94730831440298957     
  0.39400000117719169      ,           2 , -0.94730802221941424     
  0.39540000117570162      ,           2 , -0.94730773017900882     
  0.39680000117421149      ,           2 , -0.94730743827874808     
  0.39820000117272136      ,           2 , -0.94730714651538039     
  0.39960000117123123      ,           2 , -0.94730685488541089     
  0.40100000116974116      ,           2 , -0.94730656338508501     
  0.40240000116825103      ,           2 , -0.94730627201036832     
  0.40380000116676090      ,           2 , -0.94730598075692818     
  0.40520000116527077      ,           2 , -0.94730568962011075     
  0.40660000116378064      ,           2 , -0.94730539859491969     
  0.40800000116229057      ,           2 , -0.94730510767599030     
  0.40940000116080044      ,           2 , -0.94730481685756440     
  0.41080000115931031      ,           2 , -0.94730452613346194     
  0.41220000115782018      ,           2 , -0.94730423549705167     
  0.41360000115633011      ,           2 , -0.94730394494121939     
  0.41500000115483998      ,           2 , -0.94730365445833320     
  0.41640000115334985      ,           2 , -0.94730336404020865     
  0.41780000115185972      ,           2 , -0.94730307367806932     
  0.41920000115036965      ,           2 , -0.94730278336250595     
  0.42060000114887952      ,           2 , -0.94730249308343295     
  0.42200000114738939      ,           2 , -0.94730220283004118     
  0.42340000114589926      ,           2 , -0.94730191259074914     
  0.42480000114440913      ,           2 , -0.94730162235314919     
  0.42620000114291906      ,           2 , -0.94730133210395173     
  0.42760000114142893      ,           2 , -0.94730104182892549     
  0.42900000113993880      ,           2 , -0.94730075151283333     
  0.43040000113844867      ,           2 , -0.94730046113936484     
  0.43180000113695860      ,           2 , -0.94730017069106498     
  0.43320000113546847      ,           2 , -0.94729988014925581     
  0.43460000113397834      ,           2 , -0.94729959899600757     
  0.43600000113248821      ,           2 , -0.94729930866255674     
  0.43740000113099814      ,           2 , -0.94729901818850204     
  0.43880000112950801      ,           2 , -0.94729872755011812     
  0.44020000112801788      ,           2 , -0.94729843672202374     
  0.44160000112652775      ,           2 , -0.94729814567707460     
  0.44300000112503762      ,           2 , -0.94729785438624847     
  0.44440000112354755      ,           2 , -0.94729756281852329     
  0.44580000112205742      ,           2 , -0.94729728738543195     
  0.44720000112056729      ,           2 , -0.94729699577140314     
  0.44860000111907716      ,           2 , -0.94729670379467867     
  0.45000000111758709      ,           2 , -0.94729641141576570     
  0.45140000111609696      ,           2 , -0.94729611859247864     
  0.45280000111460683      ,           2 , -0.94729582527976874     
  0.45420000111311670      ,           2 , -0.94729553142954448     
  0.45560000111162663      ,           2 , -0.94729523699048179     
  0.45700000111013650      ,           2 , -0.94729494190782226     
  0.45840000110864637      ,           2 , -0.94729464612316139     
  0.45980000110715624      ,           2 , -0.94729434957422443     
  0.46120000110566611      ,           2 , -0.94729405219462914     
  0.46260000110417604      ,           2 , -0.94729375391363635     
  0.46400000110268591      ,           2 , -0.94729345465588599     
  0.46540000110119578      ,           2 , -0.94729315434111983     
  0.46680000109970565      ,           2 , -0.94729285288388776     
  0.46820000109821558      ,           2 , -0.94729255019323932     
  0.46960000109672545      ,           2 , -0.94729224617239904     
  0.47100000109523532      ,           2 , -0.94729194071842304     
  0.47240000109374519      ,           2 , -0.94729163372183933     
  0.47380000109225512      ,           2 , -0.94729132506626801     
  0.47520000109076499      ,           2 , -0.94729101462802245     
  0.47660000108927486      ,           2 , -0.94729070227569045     
  0.47800000108778473      ,           2 , -0.94729038786969300     
  0.47940000108629460      ,           2 , -0.94729007126182097     
  0.48080000108480453      ,           2 , -0.94728975229474910     
  0.48220000108331440      ,           2 , -0.94728943080152561     
  0.48360000108182427      ,           2 , -0.94728910660503640     
  0.48500000108033414      ,           2 , -0.94728877951744250     
  0.48640000107884407      ,           2 , -0.94728844933959178     
  0.48780000107735394      ,           2 , -0.94728811586040085     
  0.48920000107586381      ,           2 , -0.94728777885620774     
  0.49060000107437368      ,           2 , -0.94728743809009530     
  0.49200000107288361      ,           2 , -0.94728709331118011     
  0.49340000107139348      ,           2 , -0.94728675338982404     
  0.49480000106990335      ,           2 , -0.94728640022600252     
  0.49620000106841322      ,           2 , -0.94728604222281387     
  0.49760000106692309      ,           2 , -0.94728567906649330     
  0.49900000106543302      ,           2 , -0.94728531042527453     
  0.50040000106394289      ,           2 , -0.94728493594846541     
  0.50180000106245282      ,           2 , -0.94728455526548305     
  0.50320000106096263      ,           2 , -0.94728418359652089     
  0.50460000105947256      ,           2 , -0.94728378990569551     
  0.50600000105798237      ,           2 , -0.94728338878822482     
  0.50740000105649230      ,           2 , -0.94728297978441733     
  0.50880000105500223      ,           2 , -0.94728256240924702     
  0.51020000105351215      ,           2 , -0.94728213615111823     
  0.51160000105202197      ,           2 , -0.94728170047058047     
  0.51300000105053178      ,           2 , -0.94728125479899006     
  0.51440000104904171      ,           2 , -0.94728079853711966     
  0.51580000104755164      ,           2 , -0.94728033105371323     
  0.51720000104606156      ,           2 , -0.94727985168398410     
  0.51860000104457138      ,           2 , -0.94727935972805644     
  0.52000000104308119      ,           2 , -0.94727885444934656     
  0.52140000104159112      ,           2 , -0.94727833507288484     
  0.52280000104010105      ,           2 , -0.94727780078357482     
  0.52420000103861097      ,           2 , -0.94727725072438951     
  0.52560000103712079      ,           2 , -0.94727668399450271     
  0.52700000103563061      ,           2 , -0.94727609964735426     
  0.52840000103414053      ,           2 , -0.94727549668864752     
  0.52980000103265046      ,           2 , -0.94727487407427879     
  0.53120000103116038      ,           2 , -0.94727423070819505     
  0.53260000102967020      ,           2 , -0.94727356544018237     
  0.53400000102818002      ,           2 , -0.94727287706357977     
  0.53540000102668994      ,           2 , -0.94727216431292038     
  0.53680000102519987      ,           2 , -0.94727142586149815     
  0.53820000102370980      ,           2 , -0.94727066031885621     
  0.53960000102221961      ,           2 , -0.94726986622820164     
  0.54100000102072954      ,           2 , -0.94726904206374019     
  0.54240000101923935      ,           2 , -0.94726818622793263     
  0.54380000101774928      ,           2 , -0.94726729704867130     
  0.54520000101625921      ,           2 , -0.94726637277637848     
  0.54660000101476913      ,           2 , -0.94726541158102096     
  0.54800000101327895      ,           2 , -0.94726442010694123     
  0.54940000101178876      ,           2 , -0.94726337968621788     
  0.55080000101029869      ,           2 , -0.94726229635706438     
  0.55220000100880862      ,           2 , -0.94726116793706339     
  0.55360000100731854      ,           2 , -0.94725999214724355     
  0.55500000100582836      ,           2 , -0.94725876660860808     
  0.55640000100433817      ,           2 , -0.94725748883858063     
  0.55780000100284810      ,           2 , -0.94725617143925189     
  0.55920000100135803      ,           2 , -0.94725478194981894     
  0.56060000099986795      ,           2 , -0.94725333214702201     
  0.56200000099837777      ,           2 , -0.94725181909809841     
  0.56340000099688758      ,           2 , -0.94725023974779965     
  0.56480000099539751      ,           2 , -0.94724859091436753     
  0.56620000099390744      ,           2 , -0.94724686928543489     
  0.56760000099241736      ,           2 , -0.94724507141385073     
  0.56900000099092718      ,           2 , -0.94724319371343657     
  0.57040000098943699      ,           2 , -0.94724123245467073     
  0.57180000098794692      ,           2 , -0.94723918376030647     
  0.57320000098645685      ,           2 , -0.94723704360092464     
  0.57460000098496677      ,           2 , -0.94723480779042346     
  0.57600000098347659      ,           2 , -0.94723247198144955     
  0.57740000098198652      ,           2 , -0.94723003166077102     
  0.57880000098049633      ,           2 , -0.94722748214459873     
  0.58020000097900626      ,           2 , -0.94722481857385776     
  0.58160000097751618      ,           2 , -0.94722203590941079     
  0.58300000097602611      ,           2 , -0.94721912892724258     
  0.58440000097453593      ,           2 , -0.94721609221360359     
  0.58580000097304574      ,           2 , -0.94721292016012248     
  0.58720000097155567      ,           2 , -0.94720960695888934     
  0.58860000097006560      ,           2 , -0.94720614659751390     
  0.59000000096857552      ,           2 , -0.94720253285416689     
  0.59140000096708534      ,           2 , -0.94719875929260711     
  0.59280000096559515      ,           2 , -0.94719481925720084     
  0.59420000096410508      ,           2 , -0.94719070586793952     
  0.59560000096261501      ,           2 , -0.94718641201546228     
  0.59700000096112493      ,           2 , -0.94718193035608722     
  0.59840000095963475      ,           2 , -0.94717725330686098     
  0.59980000095814456      ,           2 , -0.94717238172108864     
  0.60120000095665449      ,           2 , -0.94716729067726246     
  0.60260000095516442      ,           2 , -0.94716198003663332     
  0.60400000095367423      ,           2 , -0.94715644121195486     
  0.60540000095218416      ,           2 , -0.94715066535257031     
  0.60680000095069409      ,           2 , -0.94714464333971760     
  0.60820000094920390      ,           2 , -0.94713836578190314     
  0.60960000094771383      ,           2 , -0.94713182301035226     
  0.61100000094622375      ,           2 , -0.94712502241180030     
  0.61240000094473357      ,           2 , -0.94711791992551775     
  0.61380000094324350      ,           2 , -0.94711052155565911     
  0.61520000094175331      ,           2 , -0.94710281648370931     
  0.61660000094026324      ,           2 , -0.94709479359276350     
  0.61800000093877316      ,           2 , -0.94708644146361920     
  0.61940000093728298      ,           2 , -0.94707774837100245     
  0.62080000093579291      ,           2 , -0.94706870227993656     
  0.62220000093430272      ,           2 , -0.94705929084226192     
  0.62360000093281265      ,           2 , -0.94704950139331401     
  0.62500000093132257      ,           2 , -0.94703932094877163     
  0.62640000092983239      ,           2 , -0.94702873620167682     
  0.62780000092834232      ,           2 , -0.94701773351964202     
  0.62920000092685224      ,           2 , -0.94700629894224730     
  0.63060000092536206      ,           2 , -0.94699441817863572     
  0.63200000092387199      ,           2 , -0.94698207660531919     
  0.63340000092238180      ,           2 , -0.94696925926419440     
  0.63480000092089173      ,           2 , -0.94695595086078321     
  0.63620000091940165      ,           2 , -0.94694213576270014     
  0.63760000091791147      ,           2 , -0.94692779799835569     
  0.63900000091642140      ,           2 , -0.94691292125589899     
  0.64040000091493121      ,           2 , -0.94689748888241043     
  0.64180000091344114      ,           2 , -0.94688148388334603     
  0.64320000091195106      ,           2 , -0.94686488892223819     
  0.64460000091046088      ,           2 , -0.94684768632066296     
  0.64600000090897081      ,           2 , -0.94682985805847264     
  0.64740000090748073      ,           2 , -0.94681138577429946     
  0.64880000090599055      ,           2 , -0.94679225076633711     
  0.65020000090450047      ,           2 , -0.94677244656849091     
  0.65160000090301029      ,           2 , -0.94675192962469079     
  0.65300000090152022      ,           2 , -0.94673069189435854     
  0.65440000090003014      ,           2 , -0.94670871333371232     
  0.65580000089853996      ,           2 , -0.94668597356723450     
  0.65720000089704989      ,           3 , -0.94666251185849148     
  0.65860000089555970      ,           3 , -0.94663819025954832     
  0.66000000089406963      ,           3 , -0.94661304458676210     
  0.66140000089257955      ,           3 , -0.94658705318410896     
  0.66280000089108937      ,           3 , -0.94656019408104208     
  0.66420000088959930      ,           2 , -0.94653240130215766     
  0.66560000088810922      ,           2 , -0.94650373768548923     
  0.66700000088661904      ,           2 , -0.94647413846481299     
  0.66840000088512896      ,           2 , -0.94644358044397681     
  0.66980000088363878      ,           2 , -0.94641204013486235     
  0.67120000088214871      ,           2 , -0.94637949376288399     
  0.67260000088065863      ,           2 , -0.94634591727275841     
  0.67400000087916845      ,           2 , -0.94631128633454376     
  0.67540000087767837      ,           3 , -0.94627564063251146     
  0.67680000087618819      ,           3 , -0.94623883028460876     
  0.67820000087469812      ,           3 , -0.94620089119343431     
  0.67960000087320804      ,           3 , -0.94616179801966949     
  0.68100000087171786      ,           3 , -0.94612152518550185     
  0.68240000087022779      ,           3 , -0.94608004688232927     
  0.68380000086873771      ,           3 , -0.94603733707869753     
  0.68520000086724753      ,           3 , -0.94599336952846236     
  0.68660000086575745      ,           3 , -0.94594811777916887     
  0.68800000086426727      ,           3 , -0.94590155518063590     
  0.68940000086277720      ,           3 , -0.94585365489374285     
  0.69080000086128712      ,           3 , -0.94580438989940097     
  0.69220000085979694      ,           3 , -0.94575373300770715     
  0.69360000085830686      ,           3 , -0.94570165686726426     
  0.69500000085681668      ,           3 , -0.94564813397466185     
  0.69640000085532661      ,           3 , -0.94559313668410394     
  0.69780000085383653      ,           3 , -0.94553663721717485     
  0.69920000085234635      ,           3 , -0.94547860767273162     
  0.70060000085085627      ,           3 , -0.94541902003691092     
  0.70200000084936620      ,           3 , -0.94535784619336893     
  0.70340000084787602      ,           3 , -0.94529505793305602     
  0.70480000084638594      ,           3 , -0.94523062696499371     
  0.70620000084489576      ,           3 , -0.94516452492648217     
  0.70760000084340569      ,           3 , -0.94509672339343609     
  0.70900000084191561      ,           3 , -0.94502719389089307     
  0.71040000084042543      ,           3 , -0.94495590790351691     
  0.71180000083893535      ,           3 , -0.94488283688612151     
  0.71320000083744517      ,           3 , -0.94480795227421355     
  0.71460000083595510      ,           3 , -0.94473122549453326     
  0.71600000083446502      ,           3 , -0.94465262797559080     
  0.71740000083297484      ,           3 , -0.94457213115818184     
  0.71880000083148476      ,           3 , -0.94448970650587427     
  0.72020000082999469      ,           3 , -0.94440532551545409     
  0.72160000082850451      ,           3 , -0.94431895972732116     
  0.72300000082701443      ,           3 , -0.94423058073582555     
  0.72440000082552425      ,           3 , -0.94414016019953106     
  0.72580000082403417      ,           3 , -0.94404766985140098     
  0.72720000082254410      ,           3 , -0.94395308151076174     
  0.72860000082105392      ,           3 , -0.94385636708616738     
  0.73000000081956384      ,           3 , -0.94375749859554259     
  0.73140000081807366      ,           3 , -0.94365644816938898     
  0.73280000081658359      ,           3 , -0.94355318806201716     
  0.73420000081509351      ,           3 , -0.94344769066106693     
  0.73560000081360333      ,           3 , -0.94333992849688719     
  0.73700000081211325      ,           3 , -0.94322987425176874     
  0.73840000081062318      ,           3 , -0.94311750076902601     
  0.73980000080913300      ,           3 , -0.94300278106191759     
  0.74120000080764292      ,           3 , -0.94288568832240083     
  0.74260000080615274      ,           3 , -0.94276619592971578     
  0.74400000080466266      ,           3 , -0.94264427745879087     
  0.74540000080317259      ,           3 , -0.94251990668846752     
  0.74680000080168241      ,           3 , -0.94239305760953629     
  0.74820000080019233      ,           3 , -0.94226370443258389     
  0.74960000079870215      ,           3 , -0.94213182159564168     
  0.75100000079721208      ,           3 , -0.94199738377163866     
  0.75240000079572200      ,           3 , -0.94186036587564892     
  0.75380000079423182      ,           3 , -0.94172074307193532     
  0.75520000079274174      ,           3 , -0.94157849078078448     
  0.75660000079125167      ,           3 , -0.94143358468513139     
  0.75800000078976149      ,           3 , -0.94128600073697166     
  0.75940000078827141      ,           3 , -0.94113571517242811     
  0.76080000078678123      ,           3 , -0.94098270448403820     
  0.76220000078529115      ,           3 , -0.94082694547942702     
  0.76360000078380108      ,           3 , -0.94066841523822231     
  0.76500000078231090      ,           3 , -0.94050709115040487     
  0.76640000078082082      ,           3 , -0.94034295090502840     
  0.76780000077933064      ,           3 , -0.94017597249905638     
  0.76920000077784056      ,           3 , -0.94000613424204083     
  0.77060000077635049      ,           3 , -0.93983341476058324     
  0.77200000077486031      ,           3 , -0.93965779300258190     
  0.77340000077337023      ,           3 , -0.93947924824125961     
  0.77480000077188016      ,           3 , -0.93929776007898202     
  0.77620000077038998      ,           3 , -0.93911330845086127     
  0.77760000076889990      ,           3 , -0.93892587362814861     
  0.77900000076740972      ,           3 , -0.93873543622141853     
  0.78040000076591964      ,           3 , -0.93854197718354704     
  0.78180000076442957      ,           3 , -0.93834547781248356     
  0.78320000076293939      ,           3 , -0.93814591975382100     
  0.78460000076144931      ,           3 , -0.93794328500316682     
  0.78600000075995913      ,           3 , -0.93773755590831487     
  0.78740000075846905      ,           3 , -0.93752871517122516     
  0.78880000075697898      ,           3 , -0.93731674584980906     
  0.79020000075548880      ,           3 , -0.93710163135952840     
  0.79160000075399872      ,           3 , -0.93688335547480728     
  0.79300000075250865      ,           3 , -0.93666190233026037     
  0.79440000075101846      ,           3 , -0.93643725642174369     
  0.79580000074952839      ,           3 , -0.93620940260722763     
  0.79720000074803821      ,           3 , -0.93597832610749709     
  0.79860000074654813      ,           3 , -0.93574401250668171     
  0.80000000074505806      ,           3 , -0.93550644775261949     
  0.80140000074356788      ,           3 , -0.93526561815705722     
  0.80280000074207780      ,           3 , -0.93502151039569092     
  0.80420000074058762      ,           3 , -0.93477411150804846     
  0.80560000073909754      ,           3 , -0.93452340889722019     
  0.80700000073760747      ,           3 , -0.93426939032943812     
  0.80840000073611729      ,           3 , -0.93401204393350801     
  0.80980000073462721      ,           3 , -0.93375135820009691     
  0.81120000073313714      ,           3 , -0.93348732198088047     
  0.81260000073164695      ,           3 , -0.93321992448755076     
  0.81400000073015688      ,           3 , -0.93294915529068922     
  0.81540000072866670      ,           3 , -0.93267500431850647     
  0.81680000072717662      ,           3 , -0.93239746185545258     
  0.81820000072568655      ,           3 , -0.93211651854069799     
  0.81960000072419636      ,           3 , -0.93183216536649049     
  0.82100000072270629      ,           3 , -0.93154439367638797     
  0.82240000072121611      ,           3 , -0.93125319516337002     
  0.82380000071972603      ,           3 , -0.93095856186782877     
  0.82520000071823596      ,           3 , -0.93066048617544384     
  0.82660000071674578      ,           3 , -0.93035896081493885     
  0.82800000071525570      ,           3 , -0.93005397885572261     
  0.82940000071376563      ,           3 , -0.92974553370541613     
  0.83080000071227544      ,           3 , -0.92943362412606023     
  0.83220000071078537      ,           4 , -0.92911825427531269     
  0.83360000070929519      ,           4 , -0.92879938679335594     
  0.83500000070780511      ,           4 , -0.92847703353047661     
  0.83640000070631504      ,           4 , -0.92815118959966991     
  0.83780000070482485      ,           4 , -0.92782185044122667     
  0.83920000070333478      ,           4 , -0.92748901182011623     
  0.84060000070184460      ,           4 , -0.92715266982331324     
  0.84200000070035452      ,           4 , -0.92681282085707051     
  0.84340000069886445      ,           4 , -0.92646946164414001     
  0.84480000069737426      ,           4 , -0.92612258922094759     
  0.84620000069588419      ,           3 , -0.92577218529535354     
  0.84760000069439412      ,           3 , -0.92541827970262491     
  0.84900000069290393      ,           3 , -0.92506085946517347     
  0.85040000069141386      ,           3 , -0.92469990989764228     
  0.85180000068992368      ,           3 , -0.92433543682270214     
  0.85320000068843360      ,           3 , -0.92396743908944856     
  0.85460000068694353      ,           3 , -0.92359591583908585     
  0.85600000068545334      ,           3 , -0.92322086650176127     
  0.85740000068396327      ,           3 , -0.92284229079336932     
  0.85880000068247309      ,           3 , -0.92246018871232882     
  0.86020000068098301      ,           3 , -0.92207456053633863     
  0.86160000067949294      ,           3 , -0.92168540681910527     
  0.86300000067800275      ,           3 , -0.92129272838705423     
  0.86440000067651268      ,           3 , -0.92089652633601926     
  0.86580000067502261      ,           3 , -0.92049680202791395     
  0.86720000067353242      ,           3 , -0.92009355708738816     
  0.86860000067204235      ,           3 , -0.91968679339846937     
  0.87000000067055216      ,           3 , -0.91927651310118996     
  0.87140000066906209      ,           3 , -0.91886271858820379     
  0.87280000066757202      ,           3 , -0.91844541250139033     
  0.87420000066608183      ,           4 , -0.91802464260283778     
  0.87560000066459176      ,           4 , -0.91760032653082180     
  0.87700000066310158      ,           4 , -0.91717250865409128     
  0.87840000066161150      ,           4 , -0.91674119260931353     
  0.87980000066012143      ,           4 , -0.91630638226774008     
  0.88120000065863124      ,           4 , -0.91586808173193857     
  0.88260000065714117      ,           4 , -0.91542629533252973     
  0.88400000065565110      ,           4 , -0.91498102762493305     
  0.88540000065416091      ,           4 , -0.91453228338611969     
  0.88680000065267084      ,           4 , -0.91408006761137606     
  0.88820000065118065      ,           4 , -0.91362438551107639     
  0.88960000064969058      ,           4 , -0.91316524250746944     
  0.89100000064820051      ,           4 , -0.91270264423147507     
  0.89240000064671032      ,           4 , -0.91223659651949662     
  0.89380000064522025      ,           4 , -0.91176710541024597     
  0.89520000064373006      ,           4 , -0.91129417714158534     
  0.89660000064223999      ,           4 , -0.91081781814738383     
  0.89800000064074992      ,           4 , -0.91033803505439181     
  0.89940000063925973      ,           4 , -0.90985483467913209     
  0.90080000063776966      ,           4 , -0.90936822402480999     
  0.90220000063627959      ,           4 , -0.90887821027824178     
  0.90360000063478940      ,           4 , -0.90838480080680295     
  0.90500000063329933      ,           4 , -0.90788800315539631     
  0.90640000063180914      ,           4 , -0.90738782504344107     
  0.90780000063031907      ,           4 , -0.90688427436188268     
  0.90920000062882900      ,           4 , -0.90637735917022511     
  0.91060000062733881      ,           4 , -0.90586708769358382     
  0.91200000062584874      ,           4 , -0.90535346831976271     
  0.91340000062435855      ,           4 , -0.90483650959635376     
  0.91480000062286848      ,           4 , -0.90431622022785907     
  0.91620000062137841      ,           4 , -0.90379260907283787     
  0.91760000061988822      ,           4 , -0.90326568514107608     
  0.91900000061839815      ,           4 , -0.90273545759078222     
  0.92040000061690808      ,           4 , -0.90220193572580532     
  0.92180000061541789      ,           4 , -0.90166512899288065     
  0.92320000061392782      ,           4 , -0.90112504697889739     
  0.92460000061243763      ,           4 , -0.90058169940819432     
  0.92600000061094756      ,           4 , -0.90003509613987875     
  0.92740000060945749      ,           4 , -0.89948524716517331     
  0.92880000060796730      ,           4 , -0.89893216260478692     
  0.93020000060647723      ,           4 , -0.89837585270631160     
  0.93160000060498704      ,           4 , -0.89781632784164678     
  0.93300000060349697      ,           4 , -0.89725359850444841     
  0.93440000060200690      ,           4 , -0.89668767530760485     
  0.93580000060051671      ,           4 , -0.89611856898073916     
  0.93720000059902664      ,           4 , -0.89554629036773703     
  0.93860000059753657      ,           4 , -0.89497085042430247     
  0.94000000059604638      ,           4 , -0.89439226021553819     
  0.94140000059455631      ,           4 , -0.89381053091355356     
  0.94280000059306612      ,           4 , -0.89322567379509921     
  0.94420000059157605      ,           4 , -0.89263770023922628     
  0.94560000059008598      ,           4 , -0.89204662172497462     
  0.94700000058859579      ,           4 , -0.89145244982908423     
  0.94840000058710572      ,           4 , -0.89085519621809595     
  0.94980000058561553      ,           4 , -0.89025487266797576     
  0.95120000058412546      ,           4 , -0.88965149103008212     
  0.95260000058263539      ,           4 , -0.88904506324960375     
  0.95400000058114520      ,           4 , -0.88843560135838662     
  0.95540000057965513      ,           4 , -0.88782311747280374     
  0.95680000057816506      ,           4 , -0.88720762379164964     
  0.95820000057667487      ,           4 , -0.88658913259406047     
  0.95960000057518480      ,           4 , -0.88596765623746065     
  0.96100000057369461      ,           4 , -0.88534320715553416     
  0.96240000057220454      ,           4 , -0.88471579785622012     
  0.96380000057071447      ,           4 , -0.88408544091973429     
  0.96520000056922428      ,           4 , -0.88345214899661573     
  0.96660000056773421      ,           4 , -0.88281593480579656     
  0.96800000056624402      ,           4 , -0.88217681113269786     
  0.96940000056475395      ,           4 , -0.88153479082734820     
  0.97080000056326388      ,           4 , -0.88088988680252833     
  0.97220000056177369      ,           4 , -0.88024211203193659     
  0.97360000056028362      ,           4 , -0.87959147954838057     
  0.97500000055879354      ,           4 , -0.87893800244199205     
  0.97640000055730336      ,           4 , -0.87828169385846255     
  0.97780000055581329      ,           4 , -0.87762256699730468     
  0.97920000055432310      ,           4 , -0.87696063511013433     
  0.98060000055283303      ,           4 , -0.87629591149897601     
  0.98200000055134296      ,           4 , -0.87562840951459009     
  0.98340000054985277      ,           4 , -0.87495814255482152     
  0.98480000054836270      ,           4 , -0.87428512406297065     
  0.98620000054687251      ,           4 , -0.87360936752618434     
  0.98760000054538244      ,           4 , -0.87293088647386918     
  0.98900000054389237      ,           4 , -0.87224969447612422     
  0.99040000054240218      ,           4 , -0.87156580514219406     
  0.99180000054091211      ,           4 , -0.87087923211894247     
  0.99320000053942203      ,           4 , -0.87018998908934475     
  0.99460000053793185      ,           4 , -0.86949808977099874     
  0.99600000053644178      ,           4 , -0.86880354791465642     
  0.99740000053495159      ,           4 , -0.86810637730277185     
  0.99880000053346152      ,           4 , -0.86740659174806634     
   1.0002000005319713      ,           4 , -0.86670420509211432     
   1.0016000005304813      ,           4 , -0.86599923120394251     
   1.0030000005289912      ,           4 , -0.86529168397864664     
   1.0044000005275011      ,           4 , -0.86458157733602414     
   1.0058000005260110      ,           4 , -0.86386892521922265     
   1.0072000005245210      ,           4 , -0.86315374159340119     
   1.0086000005230307      ,           4 , -0.86243604044440791     
   1.0100000005215406      ,           4 , -0.86171583577746780     
   1.0114000005200505      ,           4 , -0.86099314161588658     
   1.0128000005185602      ,           4 , -0.86026797199976390     
   1.0142000005170702      ,           4 , -0.85954034098471821     
   1.0156000005155801      ,           4 , -0.85881026264062144     
   1.0170000005140900      ,           4 , -0.85807775105034445     
   1.0184000005125999      ,           4 , -0.85734282030850817     
   1.0198000005111099      ,           4 , -0.85660548452024399     
   1.0212000005096198      ,           4 , -0.85586575779995921     
   1.0226000005081295      ,           4 , -0.85512365427010839     
   1.0240000005066394      ,           4 , -0.85437918805996582     
   1.0254000005051493      ,           4 , -0.85363237330440345     
   1.0268000005036590      ,           5 , -0.85288325656733688     
   1.0282000005021690      ,           5 , -0.85213179061309341     
   1.0296000005006789      ,           5 , -0.85137801889462572     
   1.0310000004991888      ,           5 , -0.85062195559173504     
   1.0324000004976988      ,           5 , -0.84986361488695006     
   1.0338000004962087      ,           5 , -0.84910301096457652     
   1.0352000004947186      ,           5 , -0.84834015800976559     
   1.0366000004932285      ,           5 , -0.84757507020759459     
   1.0380000004917382      ,           5 , -0.84680776174216510     
   1.0394000004902482      ,           5 , -0.84603824679571438     
   1.0408000004887579      ,           5 , -0.84526653954774245     
   1.0422000004872678      ,           5 , -0.84449265417415331     
   1.0436000004857777      ,           5 , -0.84371660484641020     
   1.0450000004842876      ,           5 , -0.84293840573070611     
   1.0464000004827976      ,           5 , -0.84215807098714734     
   1.0478000004813075      ,           5 , -0.84137561476895073     
   1.0492000004798174      ,           5 , -0.84059105122165501     
   1.0506000004783274      ,           5 , -0.83980439448234634     
   1.0520000004768371      ,           5 , -0.83901565867889538     
   1.0534000004753470      ,           5 , -0.83822485792920864     
   1.0548000004738569      ,           5 , -0.83743200634049275     
   1.0562000004723666      ,           5 , -0.83663711800853169     
   1.0576000004708765      ,           5 , -0.83584020701697581     
   1.0590000004693865      ,           5 , -0.83504128743664341     
   1.0604000004678964      ,           5 , -0.83424037332483547     
   1.0618000004664063      ,           5 , -0.83343747872466312     
   1.0632000004649163      ,           5 , -0.83263261766438323     
   1.0646000004634262      ,           5 , -0.83182580415675100     
   1.0660000004619361      ,           5 , -0.83101705219838062     
   1.0674000004604458      ,           5 , -0.83020637576911882     
   1.0688000004589557      ,           5 , -0.82939378883142889     
   1.0702000004574654      ,           5 , -0.82857930532978741     
   1.0716000004559754      ,           5 , -0.82776293919008970     
   1.0730000004544853      ,           5 , -0.82694470431906864     
   1.0744000004529952      ,           5 , -0.82612461460372233     
   1.0758000004515051      ,           5 , -0.82530268391075290     
   1.0772000004500151      ,           5 , -0.82447892608601603     
   1.0786000004485250      ,           5 , -0.82365335495398029     
   1.0800000004470349      ,           5 , -0.82282598431660892     
   1.0814000004455446      ,           5 , -0.82199682795503304     
   1.0828000004440546      ,           5 , -0.82116589962594544     
   1.0842000004425645      ,           5 , -0.82033321306305063     
   1.0856000004410742      ,           5 , -0.81949878197610859     
   1.0870000004395841      ,           5 , -0.81866262005045154     
   1.0884000004380940      ,           5 , -0.81782474094651125     
   1.0898000004366040      ,           5 , -0.81698515829935270     
   1.0912000004351139      ,           5 , -0.81614388571821761     
   1.0926000004336238      ,           5 , -0.81530093678607574     
   1.0940000004321337      ,           5 , -0.81445632505918442     
   1.0954000004306435      ,           5 , -0.81361006406665637     
   1.0968000004291534      ,           5 , -0.81276216731003326     
   1.0982000004276633      ,           5 , -0.81191264826286857     
   1.0996000004261730      ,           5 , -0.81106152037031543     
   1.1010000004246829      ,           5 , -0.81020879704872029     
   1.1024000004231929      ,           5 , -0.80935449168522500     
   1.1038000004217028      ,           5 , -0.80849861763736963     
   1.1052000004202127      ,           5 , -0.80764118823270381     
   1.1066000004187226      ,           5 , -0.80678221676839867     
   1.1080000004172323      ,           5 , -0.80592171651086242     
   1.1094000004157423      ,           5 , -0.80505970069535693     
   1.1108000004142522      ,           5 , -0.80419618252561453     
   1.1122000004127621      ,           5 , -0.80333117517345254     
   1.1136000004112721      ,           5 , -0.80246469177838597     
   1.1150000004097820      ,           5 , -0.80159674544723036     
   1.1164000004082917      ,           5 , -0.80072734925370048     
   1.1178000004068016      ,           5 , -0.79985651623799336     
   1.1192000004053115      ,           5 , -0.79898425940635820     
   1.1206000004038215      ,           5 , -0.79811059173064236     
   1.1220000004023314      ,           5 , -0.79723552614781268     
   1.1234000004008411      ,           5 , -0.79635907555944341     
   1.1248000003993510      ,           5 , -0.79548125283115956     
   1.1262000003978609      ,           5 , -0.79460207079203127     
   1.1276000003963709      ,           5 , -0.79372154223390134     
   1.1290000003948808      ,           5 , -0.79283967991063398     
   1.1304000003933905      ,           5 , -0.79195649653726685     
   1.1318000003919004      ,           5 , -0.79107200478904183     
   1.1332000003904104      ,           5 , -0.79018621730029270     
   1.1346000003889203      ,           5 , -0.78929914666315448     
   1.1360000003874302      ,           5 , -0.78841080542605424     
   1.1374000003859399      ,           5 , -0.78752120609194032     
   1.1388000003844498      ,           5 , -0.78663036111618867     
   1.1402000003829598      ,           5 , -0.78573828290411940     
   1.1416000003814697      ,           5 , -0.78484498380803547     
   1.1430000003799796      ,           5 , -0.78395047612368307     
   1.1444000003784893      ,           6 , -0.78305480042016196     
   1.1458000003769993      ,           6 , -0.78215791791583789     
   1.1472000003755092      ,           6 , -0.78125986448976537     
   1.1486000003740191      ,           6 , -0.78036065240000940     
   1.1500000003725290      ,           6 , -0.77946029386653837     
   1.1514000003710390      ,           6 , -0.77855880107106057     
   1.1528000003695487      ,           6 , -0.77765618615686616     
   1.1542000003680586      ,           6 , -0.77675246122867281     
   1.1556000003665685      ,           6 , -0.77584763835247827     
   1.1570000003650784      ,           6 , -0.77494172955541385     
   1.1584000003635884      ,           6 , -0.77403474682560547     
   1.1598000003620981      ,           6 , -0.77312670211203771     
   1.1612000003606080      ,           6 , -0.77221760732442146     
   1.1626000003591179      ,           6 , -0.77130747433306668     
   1.1640000003576279      ,           6 , -0.77039631436576472     
   1.1654000003561378      ,           6 , -0.76948414013527044     
   1.1668000003546475      ,           6 , -0.76857096293923233     
   1.1682000003531574      ,           6 , -0.76765679442443480     
   1.1696000003516673      ,           6 , -0.76674164616640150     
   1.1710000003501773      ,           6 , -0.76582552965403117     
   1.1724000003486872      ,           6 , -0.76490845626672443     
   1.1738000003471969      ,           6 , -0.76399043724025872     
   1.1752000003457068      ,           6 , -0.76307148361580412     
   1.1766000003442167      ,           6 , -0.76215160616363309     
   1.1780000003427267      ,           7 , -0.76123084511406824     
   1.1794000003412366      ,           7 , -0.76030916506810786     
   1.1808000003397463      ,           7 , -0.75938659749730675     
   1.1822000003382562      ,           7 , -0.75846315370938511     
   1.1836000003367662      ,           7 , -0.75753884497123469     
   1.1850000003352761      ,           7 , -0.75661368250884176     
   1.1864000003337860      ,           7 , -0.75568767750720456     
   1.1878000003322959      ,           7 , -0.75476084111022668     
   1.1892000003308056      ,           7 , -0.75383318442055625     
   1.1906000003293156      ,           7 , -0.75290471849929153     
   1.1920000003278255      ,           7 , -0.75197545436539581     
   1.1934000003263354      ,           7 , -0.75104540299442513     
   1.1948000003248453      ,           7 , -0.75011457531571613     
   1.1962000003233551      ,           8 , -0.74918298232219238     
   1.1976000003218650      ,           8 , -0.74825063473766007     
   1.1990000003203749      ,           8 , -0.74731754342674284     
   1.2004000003188848      ,           8 , -0.74638371915660895     
   1.2018000003173948      ,           8 , -0.74544917262876176     
   1.2032000003159045      ,           8 , -0.74451391437516168     
   1.2046000003144144      ,           9 , -0.74357795576105190     
   1.2060000003129243      ,           9 , -0.74264130619082958     
   1.2074000003114342      ,          11 , -0.74170397771749397     
   1.2088000003099442      ,          13 , -0.58691862625197910     
   1.2102000003084539      ,          10 , -0.73982732232601489     
   1.2116000003069638      ,          10 , -0.58506404328962369     
   1.2130000003054737      ,          11 , -0.58413686486971794     
   1.2144000003039837      ,          10 , -0.58320977169338428     
   1.2158000003024936      ,           9 , -0.58228277120778205     
   1.2172000003010033      ,           9 , -0.58135587051315984     
   1.2186000002995132      ,           8 , -0.58042908095900692     
   1.2200000002980231      ,           8 , -0.57950239836712247     
   1.2214000002965331      ,           8 , -0.57857584107955862     
   1.2228000002950430      ,           8 , -0.57764941279300297     
   1.2242000002935529      ,           8 , -0.57672312054145214     
   1.2256000002920626      ,           7 , -0.57579697519565975     
   1.2270000002905725      ,           7 , -0.57487097312200719     
   1.2284000002890825      ,           7 , -0.57394513092208921     
   1.2298000002875924      ,           7 , -0.57301945337449034     
   1.2312000002861023      ,           7 , -0.57209394707002492     
   1.2326000002846120      ,           7 , -0.57116861886650694     
   1.2340000002831220      ,           7 , -0.57024347563378530     
   1.2354000002816319      ,           7 , -0.56931852421247064     
   1.2368000002801418      ,           6 , -0.56839378584740452     
   1.2382000002786517      ,           6 , -0.56746922938250677     
   1.2396000002771614      ,           6 , -0.56654489067644853     
   1.2410000002756714      ,           6 , -0.56562077291749491     
   1.2424000002741813      ,           6 , -0.56469688142795471     
   1.2438000002726912      ,           6 , -0.56377322232608540     
   1.2452000002712011      ,           6 , -0.56284980200973267     
   1.2466000002697109      ,           6 , -0.56192662695914164     
   1.2480000002682208      ,           6 , -0.56100370366248908     
   1.2494000002667307      ,           6 , -0.56008103858811387     
   1.2508000002652406      ,           6 , -0.55915863817432554     
   1.2522000002637506      ,           6 , -0.55823650882575182     
   1.2536000002622603      ,           6 , -0.55731465691209303     
   1.2550000002607702      ,           6 , -0.55639308876774640     
   1.2564000002592801      ,           6 , -0.55547181069174589     
   1.2578000002577900      ,           6 , -0.55455082894781127     
   1.2592000002563000      ,           5 , -0.55363015930777659     
   1.2606000002548099      ,           5 , -0.55270978453409891     
   1.2620000002533196      ,           5 , -0.55178972662197423     
   1.2634000002518295      ,           5 , -0.55086999083297605     
   1.2648000002503395      ,           5 , -0.54995058276922004     
   1.2662000002488494      ,           5 , -0.54903150821251334     
   1.2676000002473593      ,           5 , -0.54811277303143879     
   1.2690000002458690      ,           5 , -0.54719438312816837     
   1.2704000002443789      ,           5 , -0.54627634440830686     
   1.2718000002428889      ,           5 , -0.54535866276398104     
   1.2732000002413988      ,           5 , -0.54444134406446443     
   1.2746000002399087      ,           5 , -0.54352439415106091     
   1.2760000002384184      ,           5 , -0.54260781883436227     
   1.2774000002369283      ,           5 , -0.54169162389282111     
   1.2788000002354383      ,           5 , -0.54077581507204087     
   1.2802000002339482      ,           5 , -0.53986039808445485     
   1.2816000002324581      ,           5 , -0.53894537860921077     
   1.2830000002309678      ,           5 , -0.53803076229216540     
   1.2844000002294778      ,           5 , -0.53711655474593534     
   1.2858000002279877      ,           5 , -0.53620276154997759     
   1.2872000002264976      ,           5 , -0.53528938825068328     
   1.2886000002250075      ,           5 , -0.53437644036147913     
   1.2900000002235172      ,           5 , -0.53346392336293336     
   1.2914000002220272      ,           4 , -0.53255184970655756     
   1.2928000002205371      ,           4 , -0.53164020795588607     
   1.2942000002190470      ,           4 , -0.53072901444880838     
   1.2956000002175569      ,           4 , -0.52981827412374827     
   1.2970000002160669      ,           4 , -0.52890799203249284     
   1.2984000002145766      ,           4 , -0.52799817329147891     
   1.2998000002130865      ,           4 , -0.52708882304850380     
   1.3012000002115964      ,           4 , -0.52617994646028676     
   1.3026000002101064      ,           4 , -0.52527154867757975     
   1.3040000002086163      ,           4 , -0.52436363483545712     
   1.3054000002071260      ,           4 , -0.52345621004711052     
   1.3068000002056359      ,           4 , -0.52254927939997287     
   1.3082000002041458      ,           4 , -0.52164284795337146     
   1.3096000002026558      ,           4 , -0.52073692073715605     
   1.3110000002011657      ,           4 , -0.51983150275094203     
   1.3124000001996754      ,           4 , -0.51892659896372939     
   1.3138000001981853      ,           4 , -0.51802221431374262     
   1.3152000001966953      ,           4 , -0.51711835370840076     
   1.3166000001952052      ,           4 , -0.51621502202435521     
   1.3180000001937151      ,           3 , -0.51531222961029166     
   1.3194000001922248      ,           3 , -0.51440996622583746     
   1.3208000001907347      ,           3 , -0.51350824903502823     
   1.3222000001892447      ,           3 , -0.51260708097158858     
   1.3236000001877546      ,           3 , -0.51170646596338698     
   1.3250000001862645      ,           3 , -0.51080640852023940     
   1.3264000001847742      ,           3 , -0.50990691341251859     
   1.3278000001832841      ,           3 , -0.50900798543511838     
   1.3292000001817941      ,           3 , -0.50810962925284275     
   1.3306000001803040      ,           3 , -0.50721184932436547     
   1.3320000001788139      ,           3 , -0.50631464990247566     
   1.3334000001773239      ,           3 , -0.50541803510828986     
   1.3348000001758336      ,           3 , -0.50452200907641154     
   1.3362000001743435      ,           3 , -0.50362657616655693     
   1.3376000001728534      ,           3 , -0.50273174123487585     
   1.3390000001713633      ,           3 , -0.50183750995496479     
   1.3404000001698733      ,           3 , -0.50094388917435040     
   1.3418000001683830      ,           4 , -0.50005087501694090     
   1.3432000001668929      ,           4 , -0.49915847919425999     
   1.3446000001654028      ,           4 , -0.49826670351766561     
   1.3460000001639127      ,           4 , -0.49737555224104063     
   1.3474000001624227      ,           4 , -0.49648502958978141     
   1.3488000001609324      ,           4 , -0.49559513976092684     
   1.3502000001594423      ,           4 , -0.49470588692329920     
   1.3516000001579522      ,           4 , -0.49381727521765911     
   1.3530000001564622      ,           4 , -0.49292930875686441     
   1.3544000001549721      ,           4 , -0.49204199162602252     
   1.3558000001534818      ,           4 , -0.49115532788260080     
   1.3572000001519917      ,           4 , -0.49026932155645148     
   1.3586000001505016      ,           4 , -0.48938397664969019     
   1.3600000001490116      ,           4 , -0.48849929713635099     
   1.3614000001475215      ,           4 , -0.48761528696177558     
   1.3628000001460312      ,           4 , -0.48673195004174680     
   1.3642000001445411      ,           4 , -0.48584929026154794     
   1.3656000001430511      ,           4 , -0.48496731147543926     
   1.3670000001415610      ,           4 , -0.48408601750758945     
   1.3684000001400709      ,           4 , -0.48320541215640578     
   1.3698000001385808      ,           4 , -0.48232549920557466     
   1.3712000001370905      ,           4 , -0.48144628244714621     
   1.3726000001356005      ,           4 , -0.48056776572473425     
   1.3740000001341104      ,           4 , -0.47968995300841377     
   1.3754000001326203      ,           4 , -0.47881284851685768     
   1.3768000001311302      ,           5 , -0.47793645178104521     
   1.3782000001296399      ,           5 , -0.47706077145246650     
   1.3796000001281499      ,           5 , -0.47618580929151461     
   1.3810000001266598      ,           5 , -0.47531156886885467     
   1.3824000001251697      ,           5 , -0.47443805372906389     
   1.3838000001236797      ,           5 , -0.47356526739072524     
   1.3852000001221894      ,           5 , -0.47269321337309922     
   1.3866000001206993      ,           4 , -0.47182189519387713     
   1.3880000001192092      ,           4 , -0.47095131681279523     
   1.3894000001177191      ,           4 , -0.47008148242739584     
   1.3908000001162291      ,           4 , -0.46921239699154976     
   1.3922000001147388      ,           5 , -0.46834404797726381     
   1.3936000001132487      ,           5 , -0.46747645960366352     
   1.3950000001117586      ,           5 , -0.46660962725471028     
   1.3964000001102685      ,           5 , -0.46574355421898289     
   1.3978000001087785      ,           5 , -0.46487824376005010     
   1.3992000001072882      ,           5 , -0.46401369911677470     
   1.4006000001057981      ,           5 , -0.46314992350394635     
   1.4020000001043080      ,           5 , -0.46228692011367567     
   1.4034000001028180      ,           5 , -0.46142469211845050     
   1.4048000001013279      ,           5 , -0.46056324267768167     
   1.4062000000998378      ,           5 , -0.45970257495122274     
   1.4076000000983475      ,           5 , -0.45884269212619672     
   1.4090000000968574      ,           5 , -0.45798359746789813     
   1.4104000000953674      ,           5 , -0.45712529441173017     
   1.4118000000938773      ,           5 , -0.45626778672008844     
   1.4132000000923872      ,           5 , -0.45541107873219100     
   1.4146000000908969      ,           6 , -0.45455515311622230     
   1.4160000000894069      ,           6 , -0.45370004182408491     
   1.4174000000879168      ,           6 , -0.45284573619983193     
   1.4188000000864267      ,           6 , -0.45199223913895809     
   1.4202000000849366      ,           6 , -0.45113955351302792     
   1.4216000000834463      ,           6 , -0.45028768216975545     
   1.4230000000819563      ,           6 , -0.44943662793303341     
   1.4244000000804662      ,           6 , -0.44858639360281555     
   1.4258000000789761      ,           6 , -0.44773698195479622     
   1.4272000000774860      ,           6 , -0.44688839574030753     
   1.4286000000759957      ,           6 , -0.44604063768761931     
   1.4300000000745057      ,           6 , -0.44519371050424250     
   1.4314000000730156      ,           6 , -0.44434761687354751     
   1.4328000000715255      ,           6 , -0.44350235948446803     
   1.4342000000700355      ,           6 , -0.44265794159853894     
   1.4356000000685452      ,           6 , -0.44181437056978479     
   1.4370000000670551      ,           7 , -0.44097163067666517     
   1.4384000000655650      ,           7 , -0.44012974420756534     
   1.4398000000640749      ,           6 , -0.43928870756584537     
   1.4412000000625849      ,           7 , -0.43844852138598772     
   1.4426000000610948      ,           8 , -0.43760918975185259     
   1.4440000000596045      ,           8 , -0.43677071490178809     
   1.4454000000581144      ,           8 , -0.43593310144418151     
   1.4468000000566243      ,           9 , -0.43509634490290117     
   1.4482000000551343      ,          10 , -0.43426046181417344     
   1.4496000000536442      ,          11 , -0.32752946745245048     
   1.4510000000521539      ,           5 , -0.32679115013525045     
   1.4524000000506638      ,           5 , -0.32605366806440411     
   1.4538000000491738      ,           5 , -0.32531703177889904     
   1.4552000000476837      ,           5 , -0.32458123553622237     
   1.4566000000461936      ,           5 , -0.32384627512019487     
   1.4580000000447033      ,           5 , -0.32311214667183957     
   1.4594000000432132      ,           5 , -0.32237884633908809     
   1.4608000000417232      ,           5 , -0.32164637017578385     
   1.4622000000402331      ,           5 , -0.32091471411321781     
   1.4636000000387430      ,           5 , -0.32018387395172365     
   1.4650000000372527      ,           5 , -0.31945384535750615     
   1.4664000000357627      ,           4 , -0.31872462652160288     
   1.4678000000342726      ,           4 , -0.31799620562865327     
   1.4692000000327825      ,           4 , -0.31726858378777184     
   1.4706000000312924      ,           4 , -0.31654175522607086     
   1.4720000000298021      ,           4 , -0.31581571461157831     
   1.4734000000283121      ,           4 , -0.31509045668020658     
   1.4748000000268220      ,           4 , -0.31436597609090133     
   1.4762000000253319      ,           4 , -0.31364226737478812     
   1.4776000000238418      ,           3 , -0.31291932563922459     
   1.4790000000223518      ,           2 , -0.31219714365930551     
   1.4804000000208615      ,           3 , -0.31147571607228064     
   1.4818000000193714      ,           3 , -0.31075504239265045     
   1.4832000000178813      ,           4 , -0.31003510020996966     
   1.4846000000163913      ,           4 , -0.30931589960639605     
   1.4860000000149012      ,           4 , -0.30859742841046250     
   1.4874000000134109      ,           4 , -0.30787967993764198     
   1.4888000000119208      ,           4 , -0.30716264734510140     
   1.4902000000104307      ,           4 , -0.30644632363053503     
   1.4916000000089407      ,           4 , -0.30573070163095650     
   1.4930000000074506      ,           4 , -0.30501577402167546     
   1.4944000000059603      ,           4 , -0.30430153331672899     
   1.4958000000044702      ,           4 , -0.30358797187401382     
   1.4972000000029801      ,           4 , -0.30287508191038071     
   1.4986000000014901      ,           4 , -0.30216285553135674     
   1.5000000000000000      ,           4 , -0.30145128477231697     
