   1.0000000116860974E-007 ,           4 , -0.20323866613052102     
   1.9989999864122864E-007 ,           4 , -0.20323866613052102     
   2.9979999611384754E-007 ,           4 , -0.20323866613052102     
   3.9969999358646649E-007 ,           4 , -0.20323866613052102     
   4.9959999105908533E-007 ,           4 , -0.20323866613052102     
   5.9949998853170428E-007 ,           4 , -0.20323866613052102     
   6.9939998600432323E-007 ,           4 , -0.20323866613052102     
   7.9929998347694208E-007 ,           4 , -0.20323866613052102     
   8.9919998094956103E-007 ,           4 , -0.20323866613052102     
   9.9909997842217987E-007 ,           4 , -0.20323866613052102     
   1.0989999758947988E-006 ,           4 , -0.20323866613052102     
   1.1988999733674178E-006 ,           4 , -0.20323866613052102     
   1.2987999708400367E-006 ,           4 , -0.20323866613052102     
   1.3986999683126557E-006 ,           4 , -0.20323866613052102     
   1.4985999657852744E-006 ,           4 , -0.20323866613052102     
   1.5984999632578934E-006 ,           4 , -0.20323866613052102     
   1.6983999607305123E-006 ,           4 , -0.20323866613052102     
   1.7982999582031313E-006 ,           4 , -0.20323866613052102     
   1.8981999556757502E-006 ,           4 , -0.20323866613052102     
   1.9980999531483690E-006 ,           4 , -0.20323866613052102     
   2.0979999506209879E-006 ,           4 , -0.20323866613052102     
   2.1978999480936069E-006 ,           4 , -0.20323866613052102     
   2.2977999455662258E-006 ,           4 , -0.20323866613052102     
   2.3976999430388448E-006 ,           4 , -0.20323866613052102     
   2.4975999405114637E-006 ,           4 , -0.20323866613052102     
   2.5974999379840827E-006 ,           4 , -0.20323866613052102     
   2.6973999354567016E-006 ,           4 , -0.20323866613052102     
   2.7972999329293201E-006 ,           4 , -0.20323866613052102     
   2.8971999304019391E-006 ,           4 , -0.20323866613052102     
   2.9970999278745580E-006 ,           4 , -0.20323866613052102     
   3.0969999253471770E-006 ,           4 , -0.20323866613052102     
   3.1968999228197959E-006 ,           3 , -0.20323866613925046     
   3.2967999202924149E-006 ,           3 , -0.20323866613925046     
   3.3966999177650338E-006 ,           3 , -0.20323866613925046     
   3.4965999152376528E-006 ,           3 , -0.20323866613925046     
   3.5964999127102717E-006 ,           3 , -0.20323866613925046     
   3.6963999101828907E-006 ,           3 , -0.20323866613925046     
   3.7962999076555096E-006 ,           3 , -0.20323866613925046     
   3.8961999051281282E-006 ,           3 , -0.20323866613925046     
   3.9960999026007475E-006 ,           3 , -0.20323866613925046     
   4.0959999000733661E-006 ,           3 , -0.20323866613925046     
   4.1958998975459854E-006 ,           3 , -0.20323866613925046     
   4.2957998950186040E-006 ,           3 , -0.20323866613925046     
   4.3956998924912225E-006 ,           3 , -0.20323866613925046     
   4.4955998899638419E-006 ,           3 , -0.20323866613925046     
   4.5954998874364604E-006 ,           3 , -0.20323866613925046     
   4.6953998849090798E-006 ,           3 , -0.20323866613925046     
   4.7952998823816983E-006 ,           3 , -0.20323866613925046     
   4.8951998798543177E-006 ,           3 , -0.20323866613925046     
   4.9950998773269362E-006 ,           3 , -0.20323866613925046     
   5.0949998747995556E-006 ,           3 , -0.20323866613925046     
   5.1948998722721741E-006 ,           3 , -0.20323866613925046     
   5.2947998697447935E-006 ,           3 , -0.20323866613925046     
   5.3946998672174120E-006 ,           3 , -0.20323866613925046     
   5.4945998646900305E-006 ,           3 , -0.20323866613925046     
   5.5944998621626499E-006 ,           3 , -0.20323866613925046     
   5.6943998596352684E-006 ,           3 , -0.20323866613925046     
   5.7942998571078878E-006 ,           3 , -0.20323866613925046     
   5.8941998545805063E-006 ,           3 , -0.20323866613925046     
   5.9940998520531257E-006 ,           3 , -0.20323866613925046     
   6.0939998495257442E-006 ,           3 , -0.20323866613925046     
   6.1938998469983636E-006 ,           3 , -0.20323866613925046     
   6.2937998444709821E-006 ,           3 , -0.20323866613925046     
   6.3936998419436015E-006 ,           3 , -0.20323866613925046     
   6.4935998394162200E-006 ,           3 , -0.20323866613925046     
   6.5934998368888386E-006 ,           3 , -0.20323866613925046     
   6.6933998343614579E-006 ,           3 , -0.20323866613925046     
   6.7932998318340765E-006 ,           3 , -0.20323866613925046     
   6.8931998293066958E-006 ,           3 , -0.20323866613925046     
   6.9930998267793144E-006 ,           3 , -0.20323866613925046     
   7.0929998242519337E-006 ,           3 , -0.20323866613925046     
   7.1928998217245523E-006 ,           3 , -0.20323866613925046     
   7.2927998191971716E-006 ,           3 , -0.20323866613925046     
   7.3926998166697902E-006 ,           3 , -0.20323866613925046     
   7.4925998141424095E-006 ,           3 , -0.20323866613925046     
   7.5924998116150281E-006 ,           3 , -0.20323866613925046     
   7.6923998090876466E-006 ,           3 , -0.20323866613925046     
   7.7922998065602651E-006 ,           3 , -0.20323866613925046     
   7.8921998040328854E-006 ,           3 , -0.20323866613925046     
   7.9920998015055039E-006 ,           3 , -0.20323866613925046     
   8.0919997989781224E-006 ,           3 , -0.20323866613925046     
   8.1918997964507409E-006 ,           3 , -0.20323866613925046     
   8.2917997939233612E-006 ,           3 , -0.20323866613925046     
   8.3916997913959797E-006 ,           3 , -0.20323866613925046     
   8.4915997888685982E-006 ,           3 , -0.20323866613925046     
   8.5914997863412167E-006 ,           3 , -0.20323866613925046     
   8.6913997838138353E-006 ,           3 , -0.20323866613925046     
   8.7912997812864555E-006 ,           3 , -0.20323866613925046     
   8.8911997787590740E-006 ,           3 , -0.20323866613925046     
   8.9910997762316925E-006 ,           3 , -0.20323866613925046     
   9.0909997737043111E-006 ,           3 , -0.20323866613925046     
   9.1908997711769313E-006 ,           3 , -0.20323866613925046     
   9.2907997686495498E-006 ,           3 , -0.20323866613925046     
   9.3906997661221683E-006 ,           3 , -0.20323866613925046     
   9.4905997635947869E-006 ,           3 , -0.20323866613925046     
   9.5904997610674071E-006 ,           3 , -0.20323866613925046     
   9.6903997585400256E-006 ,           3 , -0.20323866613925046     
   9.7902997560126441E-006 ,           3 , -0.20323866613925046     
   9.8901997534852627E-006 ,           3 , -0.20323866613925046     
   9.9900997509578812E-006 ,           3 , -0.20323866613925046     
   1.0089999748430501E-005 ,           3 , -0.20323866613925046     
   1.0189899745903120E-005 ,           3 , -0.20323866613925046     
   1.0289799743375738E-005 ,           3 , -0.20323866613925046     
   1.0389699740848357E-005 ,           3 , -0.20323866613925046     
   1.0489599738320977E-005 ,           3 , -0.20323866613925046     
   1.0589499735793596E-005 ,           3 , -0.20323866613925046     
   1.0689399733266214E-005 ,           3 , -0.20323866613925046     
   1.0789299730738833E-005 ,           3 , -0.20323866613925046     
   1.0889199728211451E-005 ,           3 , -0.20323866613925046     
   1.0989099725684072E-005 ,           3 , -0.20323866613925046     
   1.1088999723156690E-005 ,           3 , -0.20323866613925046     
   1.1188899720629309E-005 ,           3 , -0.20323866613925046     
   1.1288799718101927E-005 ,           3 , -0.20323866613925046     
   1.1388699715574547E-005 ,           3 , -0.20323866613925046     
   1.1488599713047166E-005 ,           3 , -0.20323866613925046     
   1.1588499710519784E-005 ,           3 , -0.20323866613925046     
   1.1688399707992403E-005 ,           3 , -0.20323866613925046     
   1.1788299705465023E-005 ,           3 , -0.20323866613925046     
   1.1888199702937642E-005 ,           3 , -0.20323866613925046     
   1.1988099700410260E-005 ,           3 , -0.20323866613925046     
   1.2087999697882879E-005 ,           3 , -0.20323866613925046     
   1.2187899695355497E-005 ,           3 , -0.20323866613925046     
   1.2287799692828117E-005 ,           3 , -0.20323866613925046     
   1.2387699690300736E-005 ,           3 , -0.20323866613925046     
   1.2487599687773355E-005 ,           3 , -0.20323866613925046     
   1.2587499685245973E-005 ,           3 , -0.20323866613925046     
   1.2687399682718593E-005 ,           3 , -0.20323866613925046     
   1.2787299680191212E-005 ,           3 , -0.20323866613925046     
   1.2887199677663830E-005 ,           3 , -0.20323866613925046     
   1.2987099675136449E-005 ,           3 , -0.20323866613925046     
   1.3086999672609067E-005 ,           3 , -0.20323866613925046     
   1.3186899670081688E-005 ,           3 , -0.20323866613925046     
   1.3286799667554306E-005 ,           3 , -0.20323866613925046     
   1.3386699665026925E-005 ,           3 , -0.20323866613925046     
   1.3486599662499543E-005 ,           3 , -0.20323866613925046     
   1.3586499659972163E-005 ,           3 , -0.20323866613925046     
   1.3686399657444782E-005 ,           3 , -0.20323866613925046     
   1.3786299654917400E-005 ,           3 , -0.20323866613925046     
   1.3886199652390019E-005 ,           3 , -0.20323866613925046     
   1.3986099649862638E-005 ,           3 , -0.20323866613925046     
   1.4085999647335258E-005 ,           3 , -0.20323866613925046     
   1.4185899644807876E-005 ,           3 , -0.20323866613925046     
   1.4285799642280495E-005 ,           3 , -0.20323866613925046     
   1.4385699639753113E-005 ,           3 , -0.20323866613925046     
   1.4485599637225734E-005 ,           3 , -0.20323866613925046     
   1.4585499634698352E-005 ,           3 , -0.20323866613925046     
   1.4685399632170971E-005 ,           3 , -0.20323866613925046     
   1.4785299629643589E-005 ,           3 , -0.20323866613925046     
   1.4885199627116209E-005 ,           3 , -0.20323866613925046     
   1.4985099624588828E-005 ,           3 , -0.20323866613925046     
   1.5084999622061446E-005 ,           3 , -0.20323866613925046     
   1.5184899619534065E-005 ,           3 , -0.20323866613925046     
   1.5284799617006683E-005 ,           3 , -0.20323866613925046     
   1.5384699614479302E-005 ,           3 , -0.20323866613925046     
   1.5484599611951921E-005 ,           3 , -0.20323866613925046     
   1.5584499609424542E-005 ,           3 , -0.20323866613925046     
   1.5684399606897161E-005 ,           3 , -0.20323866613925046     
   1.5784299604369779E-005 ,           3 , -0.20323866613925046     
   1.5884199601842398E-005 ,           3 , -0.20323866613925046     
   1.5984099599315017E-005 ,           3 , -0.20323866613925046     
   1.6083999596787635E-005 ,           3 , -0.20323866613925046     
   1.6183899594260254E-005 ,           3 , -0.20323866613925046     
   1.6283799591732872E-005 ,           3 , -0.20323866613925046     
   1.6383699589205491E-005 ,           3 , -0.20323866613925046     
   1.6483599586678113E-005 ,           3 , -0.20323866613925046     
   1.6583499584150731E-005 ,           3 , -0.20323866613925046     
   1.6683399581623350E-005 ,           3 , -0.20323866613925046     
   1.6783299579095968E-005 ,           3 , -0.20323866613925046     
   1.6883199576568587E-005 ,           3 , -0.20323866613925046     
   1.6983099574041205E-005 ,           3 , -0.20323866613925046     
   1.7082999571513824E-005 ,           3 , -0.20323866613925046     
   1.7182899568986442E-005 ,           3 , -0.20323866613925046     
   1.7282799566459061E-005 ,           3 , -0.20323866613925046     
   1.7382699563931683E-005 ,           3 , -0.20323866613925046     
   1.7482599561404301E-005 ,           3 , -0.20323866613925046     
   1.7582499558876920E-005 ,           3 , -0.20323866613925046     
   1.7682399556349538E-005 ,           3 , -0.20323866613925046     
   1.7782299553822157E-005 ,           3 , -0.20323866613925046     
   1.7882199551294775E-005 ,           3 , -0.20323866613925046     
   1.7982099548767394E-005 ,           3 , -0.20323866613925046     
   1.8081999546240012E-005 ,           3 , -0.20323866613925046     
   1.8181899543712634E-005 ,           3 , -0.20323866613925046     
   1.8281799541185253E-005 ,           3 , -0.20323866613925046     
   1.8381699538657871E-005 ,           3 , -0.20323866613925046     
   1.8481599536130490E-005 ,           3 , -0.20323866613925046     
   1.8581499533603108E-005 ,           3 , -0.20323866613925046     
   1.8681399531075727E-005 ,           3 , -0.20323866613925046     
   1.8781299528548345E-005 ,           3 , -0.20323866613925046     
   1.8881199526020964E-005 ,           3 , -0.20323866613925046     
   1.8981099523493583E-005 ,           3 , -0.20323866613925046     
   1.9080999520966204E-005 ,           3 , -0.20323866613925046     
   1.9180899518438823E-005 ,           3 , -0.20323866613925046     
   1.9280799515911441E-005 ,           3 , -0.20323866613925046     
   1.9380699513384060E-005 ,           3 , -0.20323866613925046     
   1.9480599510856679E-005 ,           3 , -0.20323866613925046     
   1.9580499508329297E-005 ,           3 , -0.20323866613925046     
   1.9680399505801916E-005 ,           3 , -0.20323866613925046     
   1.9780299503274534E-005 ,           3 , -0.20323866613925046     
   1.9880199500747153E-005 ,           3 , -0.20323866613925046     
   1.9980099498219775E-005 ,           3 , -0.20323866613925046     
   2.0079999495692393E-005 ,           3 , -0.20323866613925046     
   2.0179899493165012E-005 ,           3 , -0.20323866613925046     
   2.0279799490637630E-005 ,           3 , -0.20323866613925046     
   2.0379699488110249E-005 ,           3 , -0.20323866613925046     
   2.0479599485582867E-005 ,           3 , -0.20323866613925046     
   2.0579499483055486E-005 ,           3 , -0.20323866613925046     
   2.0679399480528104E-005 ,           3 , -0.20323866613925046     
   2.0779299478000723E-005 ,           3 , -0.20323866613925046     
   2.0879199475473345E-005 ,           3 , -0.20323866613925046     
   2.0979099472945963E-005 ,           3 , -0.20323866613925046     
   2.1078999470418582E-005 ,           3 , -0.20323866613925046     
   2.1178899467891200E-005 ,           3 , -0.20323866613925046     
   2.1278799465363819E-005 ,           3 , -0.20323866613925046     
   2.1378699462836437E-005 ,           3 , -0.20323866613925046     
   2.1478599460309056E-005 ,           3 , -0.20323866613925046     
   2.1578499457781674E-005 ,           3 , -0.20323866613925046     
   2.1678399455254293E-005 ,           3 , -0.20323866613925046     
   2.1778299452726915E-005 ,           3 , -0.20323866613925046     
   2.1878199450199533E-005 ,           3 , -0.20323866613925046     
   2.1978099447672152E-005 ,           3 , -0.20323866613925046     
   2.2077999445144770E-005 ,           3 , -0.20323866613925046     
   2.2177899442617389E-005 ,           3 , -0.20323866613925046     
   2.2277799440090007E-005 ,           3 , -0.20323866613925046     
   2.2377699437562626E-005 ,           3 , -0.20323866613925046     
   2.2477599435035245E-005 ,           3 , -0.20323866613925046     
   2.2577499432507863E-005 ,           3 , -0.20323866613925046     
   2.2677399429980485E-005 ,           3 , -0.20323866613925046     
   2.2777299427453103E-005 ,           3 , -0.20323866613925046     
   2.2877199424925722E-005 ,           3 , -0.20323866613925046     
   2.2977099422398341E-005 ,           3 , -0.20323866613925046     
   2.3076999419870959E-005 ,           3 , -0.20323866613925046     
   2.3176899417343578E-005 ,           3 , -0.20323866613925046     
   2.3276799414816196E-005 ,           3 , -0.20323866613925046     
   2.3376699412288815E-005 ,           3 , -0.20323866613925046     
   2.3476599409761437E-005 ,           3 , -0.20323866613925046     
   2.3576499407234055E-005 ,           3 , -0.20323866613925046     
   2.3676399404706674E-005 ,           3 , -0.20323866613925046     
   2.3776299402179292E-005 ,           3 , -0.20323866613925046     
   2.3876199399651911E-005 ,           3 , -0.20323866613925046     
   2.3976099397124529E-005 ,           3 , -0.20323866613925046     
   2.4075999394597148E-005 ,           3 , -0.20323866613925046     
   2.4175899392069766E-005 ,           3 , -0.20323866613925046     
   2.4275799389542385E-005 ,           3 , -0.20323866613925046     
   2.4375699387015007E-005 ,           3 , -0.20323866613925046     
   2.4475599384487625E-005 ,           3 , -0.20323866613925046     
   2.4575499381960244E-005 ,           3 , -0.20323866613925046     
   2.4675399379432862E-005 ,           3 , -0.20323866613925046     
   2.4775299376905481E-005 ,           3 , -0.20323866613925046     
   2.4875199374378099E-005 ,           3 , -0.20323866613925046     
   2.4975099371850718E-005 ,           3 , -0.20323866613925046     
   2.5074999369323336E-005 ,           3 , -0.20323866613925046     
   2.5174899366795955E-005 ,           3 , -0.20323866613925046     
   2.5274799364268577E-005 ,           3 , -0.20323866613925046     
   2.5374699361741195E-005 ,           3 , -0.20323866613925046     
   2.5474599359213814E-005 ,           3 , -0.20323866613925046     
   2.5574499356686432E-005 ,           3 , -0.20323866613925046     
   2.5674399354159051E-005 ,           3 , -0.20323866613925046     
   2.5774299351631669E-005 ,           3 , -0.20323866613925046     
   2.5874199349104288E-005 ,           3 , -0.20323866613925046     
   2.5974099346576907E-005 ,           3 , -0.20323866613925046     
   2.6073999344049525E-005 ,           3 , -0.20323866613925046     
   2.6173899341522147E-005 ,           3 , -0.20323866613925046     
   2.6273799338994765E-005 ,           3 , -0.20323866613925046     
   2.6373699336467384E-005 ,           3 , -0.20323866613925046     
   2.6473599333940003E-005 ,           3 , -0.20323866613925046     
   2.6573499331412621E-005 ,           3 , -0.20323866613925046     
   2.6673399328885240E-005 ,           3 , -0.20323866613925046     
   2.6773299326357858E-005 ,           3 , -0.20323866613925046     
   2.6873199323830477E-005 ,           3 , -0.20323866613925046     
   2.6973099321303095E-005 ,           3 , -0.20323866613925046     
   2.7072999318775717E-005 ,           3 , -0.20323866613925046     
   2.7172899316248336E-005 ,           3 , -0.20323866613925046     
   2.7272799313720954E-005 ,           3 , -0.20323866613925046     
   2.7372699311193573E-005 ,           3 , -0.20323866613925046     
   2.7472599308666191E-005 ,           3 , -0.20323866613925046     
   2.7572499306138810E-005 ,           3 , -0.20323866613925046     
   2.7672399303611428E-005 ,           3 , -0.20323866613925046     
   2.7772299301084047E-005 ,           3 , -0.20323866613925046     
   2.7872199298556665E-005 ,           3 , -0.20323866613925046     
   2.7972099296029287E-005 ,           3 , -0.20323866613925046     
   2.8071999293501906E-005 ,           3 , -0.20323866613925046     
   2.8171899290974524E-005 ,           3 , -0.20323866613925046     
   2.8271799288447143E-005 ,           3 , -0.20323866613925046     
   2.8371699285919761E-005 ,           3 , -0.20323866613925046     
   2.8471599283392380E-005 ,           3 , -0.20323866613925046     
   2.8571499280864998E-005 ,           3 , -0.20323866613925046     
   2.8671399278337617E-005 ,           3 , -0.20323866613925046     
   2.8771299275810239E-005 ,           3 , -0.20323866613925046     
   2.8871199273282857E-005 ,           3 , -0.20323866613925046     
   2.8971099270755476E-005 ,           3 , -0.20323866613925046     
   2.9070999268228094E-005 ,           3 , -0.20323866613925046     
   2.9170899265700713E-005 ,           3 , -0.20323866613925046     
   2.9270799263173331E-005 ,           3 , -0.20323866613925046     
   2.9370699260645950E-005 ,           3 , -0.20323866613925046     
   2.9470599258118569E-005 ,           3 , -0.20323866613925046     
   2.9570499255591187E-005 ,           3 , -0.20323866613925046     
   2.9670399253063809E-005 ,           3 , -0.20323866613925046     
   2.9770299250536428E-005 ,           3 , -0.20323866613925046     
   2.9870199248009046E-005 ,           3 , -0.20323866613925046     
   2.9970099245481665E-005 ,           3 , -0.20323866613925046     
   3.0069999242954283E-005 ,           3 , -0.20323866613925046     
   3.0169899240426902E-005 ,           3 , -0.20323866613925046     
   3.0269799237899520E-005 ,           3 , -0.20323866613925046     
   3.0369699235372139E-005 ,           3 , -0.20323866613925046     
   3.0469599232844757E-005 ,           3 , -0.20323866613925046     
   3.0569499230317376E-005 ,           3 , -0.20323866613925046     
   3.0669399227789994E-005 ,           3 , -0.20323866613925046     
   3.0769299225262613E-005 ,           3 , -0.20323866613925046     
   3.0869199222735231E-005 ,           3 , -0.20323866613925046     
   3.0969099220207857E-005 ,           3 , -0.20323866613925046     
   3.1068999217680475E-005 ,           3 , -0.20323866613925046     
   3.1168899215153094E-005 ,           3 , -0.20323866613925046     
   3.1268799212625712E-005 ,           3 , -0.20323866613925046     
   3.1368699210098331E-005 ,           3 , -0.20323866613925046     
   3.1468599207570949E-005 ,           3 , -0.20323866613925046     
   3.1568499205043568E-005 ,           3 , -0.20323866613925046     
   3.1668399202516186E-005 ,           3 , -0.20323866613925046     
   3.1768299199988805E-005 ,           3 , -0.20323866613925046     
   3.1868199197461423E-005 ,           3 , -0.20323866613925046     
   3.1968099194934042E-005 ,           3 , -0.20323866613925046     
   3.2067999192406660E-005 ,           3 , -0.20323866613925046     
   3.2167899189879279E-005 ,           3 , -0.20323866613925046     
   3.2267799187351897E-005 ,           3 , -0.20323866613925046     
   3.2367699184824516E-005 ,           3 , -0.20323866613925046     
   3.2467599182297135E-005 ,           3 , -0.20323866613925046     
   3.2567499179769753E-005 ,           3 , -0.20323866613925046     
   3.2667399177242372E-005 ,           3 , -0.20323866613925046     
   3.2767299174714997E-005 ,           3 , -0.20323866613925046     
   3.2867199172187615E-005 ,           3 , -0.20323866613925046     
   3.2967099169660234E-005 ,           3 , -0.20323866613925046     
   3.3066999167132852E-005 ,           3 , -0.20323866613925046     
   3.3166899164605471E-005 ,           3 , -0.20323866613925046     
   3.3266799162078090E-005 ,           3 , -0.20323866613925046     
   3.3366699159550708E-005 ,           3 , -0.20323866613925046     
   3.3466599157023327E-005 ,           3 , -0.20323866613925046     
   3.3566499154495945E-005 ,           3 , -0.20323866613925046     
   3.3666399151968564E-005 ,           3 , -0.20323866613925046     
   3.3766299149441182E-005 ,           3 , -0.20323866613925046     
   3.3866199146913801E-005 ,           3 , -0.20323866613925046     
   3.3966099144386419E-005 ,           3 , -0.20323866613925046     
   3.4065999141859038E-005 ,           3 , -0.20323866613925046     
   3.4165899139331656E-005 ,           3 , -0.20323866613925046     
   3.4265799136804275E-005 ,           3 , -0.20323866613925046     
   3.4365699134276893E-005 ,           3 , -0.20323866613925046     
   3.4465599131749512E-005 ,           3 , -0.20323866613925046     
   3.4565499129222137E-005 ,           3 , -0.20323866613925046     
   3.4665399126694756E-005 ,           3 , -0.20323866613925046     
   3.4765299124167374E-005 ,           3 , -0.20323866613925046     
   3.4865199121639993E-005 ,           3 , -0.20323866613925046     
   3.4965099119112611E-005 ,           3 , -0.20323866613925046     
   3.5064999116585230E-005 ,           3 , -0.20323866613925046     
   3.5164899114057848E-005 ,           3 , -0.20323866613925046     
   3.5264799111530467E-005 ,           3 , -0.20323866613925046     
   3.5364699109003085E-005 ,           3 , -0.20323866613925046     
   3.5464599106475704E-005 ,           3 , -0.20323866613925046     
   3.5564499103948322E-005 ,           3 , -0.20323866613925046     
   3.5664399101420941E-005 ,           3 , -0.20323866613925046     
   3.5764299098893559E-005 ,           3 , -0.20323866613925046     
   3.5864199096366178E-005 ,           3 , -0.20323866613925046     
   3.5964099093838797E-005 ,           3 , -0.20323866613925046     
   3.6063999091311415E-005 ,           3 , -0.20323866613925046     
   3.6163899088784034E-005 ,           3 , -0.20323866613925046     
   3.6263799086256659E-005 ,           3 , -0.20323866613925046     
   3.6363699083729277E-005 ,           3 , -0.20323866613925046     
   3.6463599081201896E-005 ,           3 , -0.20323866613925046     
   3.6563499078674514E-005 ,           3 , -0.20323866613925046     
   3.6663399076147133E-005 ,           3 , -0.20323866613925046     
   3.6763299073619752E-005 ,           3 , -0.20323866613925046     
   3.6863199071092370E-005 ,           3 , -0.20323866613925046     
   3.6963099068564989E-005 ,           3 , -0.20323866613925046     
   3.7062999066037607E-005 ,           3 , -0.20323866613925046     
   3.7162899063510226E-005 ,           3 , -0.20323866613925046     
   3.7262799060982844E-005 ,           3 , -0.20323866613925046     
   3.7362699058455463E-005 ,           3 , -0.20323866613925046     
   3.7462599055928081E-005 ,           3 , -0.20323866613925046     
   3.7562499053400700E-005 ,           3 , -0.20323866613925046     
   3.7662399050873318E-005 ,           3 , -0.20323866613925046     
   3.7762299048345937E-005 ,           3 , -0.20323866613925046     
   3.7862199045818555E-005 ,           3 , -0.20323866613925046     
   3.7962099043291174E-005 ,           3 , -0.20323866613925046     
   3.8061999040763799E-005 ,           3 , -0.20323866613925046     
   3.8161899038236418E-005 ,           3 , -0.20323866613925046     
   3.8261799035709036E-005 ,           3 , -0.20323866613925046     
   3.8361699033181655E-005 ,           3 , -0.20323866613925046     
   3.8461599030654273E-005 ,           3 , -0.20323866613925046     
   3.8561499028126892E-005 ,           3 , -0.20323866613925046     
   3.8661399025599510E-005 ,           3 , -0.20323866613925046     
   3.8761299023072129E-005 ,           3 , -0.20323866613925046     
   3.8861199020544747E-005 ,           3 , -0.20323866613925046     
   3.8961099018017366E-005 ,           3 , -0.20323866613925046     
   3.9060999015489984E-005 ,           3 , -0.20323866613925046     
   3.9160899012962603E-005 ,           3 , -0.20323866613925046     
   3.9260799010435221E-005 ,           3 , -0.20323866613925046     
   3.9360699007907840E-005 ,           3 , -0.20323866613925046     
   3.9460599005380459E-005 ,           3 , -0.20323866613925046     
   3.9560499002853077E-005 ,           3 , -0.20323866613925046     
   3.9660399000325696E-005 ,           3 , -0.20323866613925046     
   3.9760298997798314E-005 ,           3 , -0.20323866613925046     
   3.9860198995270939E-005 ,           3 , -0.20323866613925046     
   3.9960098992743558E-005 ,           3 , -0.20323866613925046     
   4.0059998990216176E-005 ,           3 , -0.20323866613925046     
   4.0159898987688795E-005 ,           3 , -0.20323866613925046     
   4.0259798985161414E-005 ,           3 , -0.20323866613925046     
   4.0359698982634032E-005 ,           3 , -0.20323866613925046     
   4.0459598980106651E-005 ,           3 , -0.20323866613925046     
   4.0559498977579269E-005 ,           3 , -0.20323866613925046     
   4.0659398975051888E-005 ,           3 , -0.20323866613925046     
   4.0759298972524506E-005 ,           3 , -0.20323866613925046     
   4.0859198969997125E-005 ,           3 , -0.20323866613925046     
   4.0959098967469743E-005 ,           3 , -0.20323866613925046     
   4.1058998964942362E-005 ,           3 , -0.20323866613925046     
   4.1158898962414980E-005 ,           3 , -0.20323866613925046     
   4.1258798959887599E-005 ,           3 , -0.20323866613925046     
   4.1358698957360217E-005 ,           3 , -0.20323866613925046     
   4.1458598954832836E-005 ,           3 , -0.20323866613925046     
   4.1558498952305461E-005 ,           3 , -0.20323866613925046     
   4.1658398949778080E-005 ,           3 , -0.20323866613925046     
   4.1758298947250698E-005 ,           3 , -0.20323866613925046     
   4.1858198944723317E-005 ,           3 , -0.20323866613925046     
   4.1958098942195935E-005 ,           3 , -0.20323866613925046     
   4.2057998939668554E-005 ,           3 , -0.20323866613925046     
   4.2157898937141172E-005 ,           3 , -0.20323866613925046     
   4.2257798934613791E-005 ,           3 , -0.20323866613925046     
   4.2357698932086409E-005 ,           3 , -0.20323866613925046     
   4.2457598929559028E-005 ,           3 , -0.20323866613925046     
   4.2557498927031646E-005 ,           3 , -0.20323866613925046     
   4.2657398924504265E-005 ,           3 , -0.20323866613925046     
   4.2757298921976883E-005 ,           3 , -0.20323866613925046     
   4.2857198919449502E-005 ,           3 , -0.20323866613925046     
   4.2957098916922121E-005 ,           3 , -0.20323866613925046     
   4.3056998914394739E-005 ,           3 , -0.20323866613925046     
   4.3156898911867358E-005 ,           3 , -0.20323866613925046     
   4.3256798909339976E-005 ,           3 , -0.20323866613925046     
   4.3356698906812601E-005 ,           3 , -0.20323866613925046     
   4.3456598904285220E-005 ,           3 , -0.20323866613925046     
   4.3556498901757838E-005 ,           3 , -0.20323866613925046     
   4.3656398899230457E-005 ,           3 , -0.20323866613925046     
   4.3756298896703076E-005 ,           3 , -0.20323866613925046     
   4.3856198894175694E-005 ,           3 , -0.20323866613925046     
   4.3956098891648313E-005 ,           3 , -0.20323866613925046     
   4.4055998889120931E-005 ,           3 , -0.20323866613925046     
   4.4155898886593550E-005 ,           3 , -0.20323866613925046     
   4.4255798884066168E-005 ,           3 , -0.20323866613925046     
   4.4355698881538787E-005 ,           3 , -0.20323866613925046     
   4.4455598879011405E-005 ,           3 , -0.20323866613925046     
   4.4555498876484024E-005 ,           3 , -0.20323866613925046     
   4.4655398873956642E-005 ,           3 , -0.20323866613925046     
   4.4755298871429261E-005 ,           3 , -0.20323866613925046     
   4.4855198868901879E-005 ,           3 , -0.20323866613925046     
   4.4955098866374498E-005 ,           3 , -0.20323866613925046     
   4.5054998863847116E-005 ,           3 , -0.20323866613925046     
   4.5154898861319742E-005 ,           3 , -0.20323866613925046     
   4.5254798858792360E-005 ,           3 , -0.20323866613925046     
   4.5354698856264979E-005 ,           3 , -0.20323866613925046     
   4.5454598853737597E-005 ,           3 , -0.20323866613925046     
   4.5554498851210216E-005 ,           3 , -0.20323866613925046     
   4.5654398848682834E-005 ,           3 , -0.20323866613925046     
   4.5754298846155453E-005 ,           3 , -0.20323866613925046     
   4.5854198843628071E-005 ,           3 , -0.20323866613925046     
   4.5954098841100690E-005 ,           3 , -0.20323866613925046     
   4.6053998838573308E-005 ,           3 , -0.20323866613925046     
   4.6153898836045927E-005 ,           3 , -0.20323866613925046     
   4.6253798833518545E-005 ,           3 , -0.20323866613925046     
   4.6353698830991164E-005 ,           3 , -0.20323866613925046     
   4.6453598828463783E-005 ,           3 , -0.20323866613925046     
   4.6553498825936401E-005 ,           3 , -0.20323866613925046     
   4.6653398823409020E-005 ,           3 , -0.20323866613925046     
   4.6753298820881638E-005 ,           3 , -0.20323866613925046     
   4.6853198818354263E-005 ,           3 , -0.20323866613925046     
   4.6953098815826882E-005 ,           3 , -0.20323866613925046     
   4.7052998813299500E-005 ,           3 , -0.20323866613925046     
   4.7152898810772119E-005 ,           3 , -0.20323866613925046     
   4.7252798808244738E-005 ,           3 , -0.20323866613925046     
   4.7352698805717356E-005 ,           3 , -0.20323866613925046     
   4.7452598803189975E-005 ,           3 , -0.20323866613925046     
   4.7552498800662593E-005 ,           3 , -0.20323866613925046     
   4.7652398798135212E-005 ,           3 , -0.20323866613925046     
   4.7752298795607830E-005 ,           3 , -0.20323866613925046     
   4.7852198793080449E-005 ,           3 , -0.20323866613925046     
   4.7952098790553067E-005 ,           3 , -0.20323866613925046     
   4.8051998788025686E-005 ,           3 , -0.20323866613925046     
   4.8151898785498304E-005 ,           3 , -0.20323866613925046     
   4.8251798782970923E-005 ,           3 , -0.20323866613925046     
   4.8351698780443541E-005 ,           3 , -0.20323866613925046     
   4.8451598777916160E-005 ,           3 , -0.20323866613925046     
   4.8551498775388778E-005 ,           3 , -0.20323866613925046     
   4.8651398772861404E-005 ,           3 , -0.20323866613925046     
   4.8751298770334022E-005 ,           3 , -0.20323866613925046     
   4.8851198767806641E-005 ,           3 , -0.20323866613925046     
   4.8951098765279259E-005 ,           3 , -0.20323866613925046     
   4.9050998762751878E-005 ,           3 , -0.20323866613925046     
   4.9150898760224496E-005 ,           3 , -0.20323866613925046     
   4.9250798757697115E-005 ,           3 , -0.20323866613925046     
   4.9350698755169733E-005 ,           3 , -0.20323866613925046     
   4.9450598752642352E-005 ,           3 , -0.20323866613925046     
   4.9550498750114970E-005 ,           3 , -0.20323866613925046     
   4.9650398747587589E-005 ,           3 , -0.20323866613925046     
   4.9750298745060207E-005 ,           3 , -0.20323866613925046     
   4.9850198742532826E-005 ,           3 , -0.20323866613925046     
   4.9950098740005445E-005 ,           3 , -0.20323866613925046     
   5.0049998737478063E-005 ,           3 , -0.20323866613925046     
   5.0149898734950682E-005 ,           3 , -0.20323866613925046     
   5.0249798732423300E-005 ,           3 , -0.20323866613925046     
   5.0349698729895919E-005 ,           3 , -0.20323866613925046     
   5.0449598727368544E-005 ,           3 , -0.20323866613925046     
   5.0549498724841162E-005 ,           3 , -0.20323866613925046     
   5.0649398722313781E-005 ,           3 , -0.20323866613925046     
   5.0749298719786400E-005 ,           3 , -0.20323866613925046     
   5.0849198717259018E-005 ,           3 , -0.20323866613925046     
   5.0949098714731637E-005 ,           3 , -0.20323866613925046     
   5.1048998712204255E-005 ,           3 , -0.20323866613925046     
   5.1148898709676874E-005 ,           3 , -0.20323866613925046     
   5.1248798707149492E-005 ,           3 , -0.20323866613925046     
   5.1348698704622111E-005 ,           3 , -0.20323866613925046     
   5.1448598702094729E-005 ,           3 , -0.20323866613925046     
   5.1548498699567348E-005 ,           3 , -0.20323866613925046     
   5.1648398697039966E-005 ,           3 , -0.20323866613925046     
   5.1748298694512585E-005 ,           3 , -0.20323866613925046     
   5.1848198691985203E-005 ,           3 , -0.20323866613925046     
   5.1948098689457822E-005 ,           3 , -0.20323866613925046     
   5.2047998686930440E-005 ,           3 , -0.20323866613925046     
   5.2147898684403066E-005 ,           3 , -0.20323866613925046     
   5.2247798681875684E-005 ,           3 , -0.20323866613925046     
   5.2347698679348303E-005 ,           3 , -0.20323866613925046     
   5.2447598676820921E-005 ,           3 , -0.20323866613925046     
   5.2547498674293540E-005 ,           3 , -0.20323866613925046     
   5.2647398671766158E-005 ,           3 , -0.20323866613925046     
   5.2747298669238777E-005 ,           3 , -0.20323866613925046     
   5.2847198666711395E-005 ,           3 , -0.20323866613925046     
   5.2947098664184014E-005 ,           3 , -0.20323866613925046     
   5.3046998661656632E-005 ,           3 , -0.20323866613925046     
   5.3146898659129251E-005 ,           3 , -0.20323866613925046     
   5.3246798656601869E-005 ,           3 , -0.20323866613925046     
   5.3346698654074488E-005 ,           3 , -0.20323866613925046     
   5.3446598651547107E-005 ,           3 , -0.20323866613925046     
   5.3546498649019725E-005 ,           3 , -0.20323866613925046     
   5.3646398646492344E-005 ,           3 , -0.20323866613925046     
   5.3746298643964962E-005 ,           3 , -0.20323866613925046     
   5.3846198641437581E-005 ,           3 , -0.20323866613925046     
   5.3946098638910206E-005 ,           3 , -0.20323866613925046     
   5.4045998636382824E-005 ,           3 , -0.20323866613925046     
   5.4145898633855443E-005 ,           3 , -0.20323866613925046     
   5.4245798631328062E-005 ,           3 , -0.20323866613925046     
   5.4345698628800680E-005 ,           3 , -0.20323866613925046     
   5.4445598626273299E-005 ,           3 , -0.20323866613925046     
   5.4545498623745917E-005 ,           3 , -0.20323866613925046     
   5.4645398621218536E-005 ,           3 , -0.20323866613925046     
   5.4745298618691154E-005 ,           3 , -0.20323866613925046     
   5.4845198616163773E-005 ,           3 , -0.20323866613925046     
   5.4945098613636391E-005 ,           3 , -0.20323866613925046     
   5.5044998611109010E-005 ,           3 , -0.20323866613925046     
   5.5144898608581628E-005 ,           3 , -0.20323866613925046     
   5.5244798606054247E-005 ,           3 , -0.20323866613925046     
   5.5344698603526865E-005 ,           3 , -0.20323866613925046     
   5.5444598600999484E-005 ,           3 , -0.20323866613925046     
   5.5544498598472102E-005 ,           3 , -0.20323866613925046     
   5.5644398595944721E-005 ,           3 , -0.20323866613925046     
   5.5744298593417346E-005 ,           3 , -0.20323866613925046     
   5.5844198590889965E-005 ,           3 , -0.20323866613925046     
   5.5944098588362583E-005 ,           3 , -0.20323866613925046     
   5.6043998585835202E-005 ,           3 , -0.20323866613925046     
   5.6143898583307820E-005 ,           3 , -0.20323866613925046     
   5.6243798580780439E-005 ,           3 , -0.20323866613925046     
   5.6343698578253057E-005 ,           3 , -0.20323866613925046     
   5.6443598575725676E-005 ,           3 , -0.20323866613925046     
   5.6543498573198294E-005 ,           3 , -0.20323866613925046     
   5.6643398570670913E-005 ,           3 , -0.20323866613925046     
   5.6743298568143531E-005 ,           3 , -0.20323866613925046     
   5.6843198565616150E-005 ,           3 , -0.20323866613925046     
   5.6943098563088769E-005 ,           3 , -0.20323866613925046     
   5.7042998560561387E-005 ,           3 , -0.20323866613925046     
   5.7142898558034006E-005 ,           3 , -0.20323866613925046     
   5.7242798555506624E-005 ,           3 , -0.20323866613925046     
   5.7342698552979243E-005 ,           3 , -0.20323866613925046     
   5.7442598550451868E-005 ,           3 , -0.20323866613925046     
   5.7542498547924486E-005 ,           3 , -0.20323866613925046     
   5.7642398545397105E-005 ,           3 , -0.20323866613925046     
   5.7742298542869724E-005 ,           3 , -0.20323866613925046     
   5.7842198540342342E-005 ,           3 , -0.20323866613925046     
   5.7942098537814961E-005 ,           3 , -0.20323866613925046     
   5.8041998535287579E-005 ,           3 , -0.20323866613925046     
   5.8141898532760198E-005 ,           3 , -0.20323866613925046     
   5.8241798530232816E-005 ,           3 , -0.20323866613925046     
   5.8341698527705435E-005 ,           3 , -0.20323866613925046     
   5.8441598525178053E-005 ,           3 , -0.20323866613925046     
   5.8541498522650672E-005 ,           3 , -0.20323866613925046     
   5.8641398520123290E-005 ,           3 , -0.20323866613925046     
   5.8741298517595909E-005 ,           3 , -0.20323866613925046     
   5.8841198515068527E-005 ,           3 , -0.20323866613925046     
   5.8941098512541146E-005 ,           3 , -0.20323866613925046     
   5.9040998510013764E-005 ,           3 , -0.20323866613925046     
   5.9140898507486383E-005 ,           3 , -0.20323866613925046     
   5.9240798504959008E-005 ,           3 , -0.20323866613925046     
   5.9340698502431627E-005 ,           3 , -0.20323866613925046     
   5.9440598499904245E-005 ,           3 , -0.20323866613925046     
   5.9540498497376864E-005 ,           3 , -0.20323866613925046     
   5.9640398494849482E-005 ,           3 , -0.20323866613925046     
   5.9740298492322101E-005 ,           3 , -0.20323866613925046     
   5.9840198489794719E-005 ,           3 , -0.20323866613925046     
   5.9940098487267338E-005 ,           3 , -0.20323866613925046     
   6.0039998484739956E-005 ,           3 , -0.20323866613925046     
   6.0139898482212575E-005 ,           3 , -0.20323866613925046     
   6.0239798479685193E-005 ,           3 , -0.20323866613925046     
   6.0339698477157812E-005 ,           3 , -0.20323866613925046     
   6.0439598474630431E-005 ,           3 , -0.20323866613925046     
   6.0539498472103049E-005 ,           3 , -0.20323866613925046     
   6.0639398469575668E-005 ,           3 , -0.20323866613925046     
   6.0739298467048286E-005 ,           3 , -0.20323866613925046     
   6.0839198464520905E-005 ,           3 , -0.20323866613925046     
   6.0939098461993523E-005 ,           3 , -0.20323866613925046     
   6.1038998459466142E-005 ,           3 , -0.20323866613925046     
   6.1138898456938767E-005 ,           3 , -0.20323866613925046     
   6.1238798454411379E-005 ,           3 , -0.20323866613925046     
   6.1338698451884004E-005 ,           3 , -0.20323866613925046     
   6.1438598449356616E-005 ,           3 , -0.20323866613925046     
   6.1538498446829241E-005 ,           3 , -0.20323866613925046     
   6.1638398444301853E-005 ,           3 , -0.20323866613925046     
   6.1738298441774478E-005 ,           3 , -0.20323866613925046     
   6.1838198439247103E-005 ,           3 , -0.20323866613925046     
   6.1938098436719715E-005 ,           3 , -0.20323866613925046     
   6.2037998434192341E-005 ,           3 , -0.20323866613925046     
   6.2137898431664952E-005 ,           3 , -0.20323866613925046     
   6.2237798429137578E-005 ,           3 , -0.20323866613925046     
   6.2337698426610189E-005 ,           3 , -0.20323866613925046     
   6.2437598424082815E-005 ,           3 , -0.20323866613925046     
   6.2537498421555426E-005 ,           3 , -0.20323866613925046     
   6.2637398419028052E-005 ,           3 , -0.20323866613925046     
   6.2737298416500663E-005 ,           3 , -0.20323866613925046     
   6.2837198413973289E-005 ,           3 , -0.20323866613925046     
   6.2937098411445900E-005 ,           3 , -0.20323866613925046     
   6.3036998408918526E-005 ,           3 , -0.20323866613925046     
   6.3136898406391138E-005 ,           3 , -0.20323866613925046     
   6.3236798403863763E-005 ,           3 , -0.20323866613925046     
   6.3336698401336375E-005 ,           3 , -0.20323866613925046     
   6.3436598398809000E-005 ,           3 , -0.20323866613925046     
   6.3536498396281612E-005 ,           3 , -0.20323866613925046     
   6.3636398393754237E-005 ,           3 , -0.20323866613925046     
   6.3736298391226862E-005 ,           3 , -0.20323866613925046     
   6.3836198388699474E-005 ,           3 , -0.20323866613925046     
   6.3936098386172099E-005 ,           3 , -0.20323866613925046     
   6.4035998383644711E-005 ,           3 , -0.20323866613925046     
   6.4135898381117336E-005 ,           3 , -0.20323866613925046     
   6.4235798378589948E-005 ,           3 , -0.20323866613925046     
   6.4335698376062573E-005 ,           3 , -0.20323866613925046     
   6.4435598373535185E-005 ,           3 , -0.20323866613925046     
   6.4535498371007810E-005 ,           3 , -0.20323866613925046     
   6.4635398368480422E-005 ,           3 , -0.20323866613925046     
   6.4735298365953048E-005 ,           3 , -0.20323866613925046     
   6.4835198363425659E-005 ,           3 , -0.20323866613925046     
   6.4935098360898285E-005 ,           3 , -0.20323866613925046     
   6.5034998358370896E-005 ,           3 , -0.20323866613925046     
   6.5134898355843522E-005 ,           3 , -0.20323866613925046     
   6.5234798353316133E-005 ,           3 , -0.20323866613925046     
   6.5334698350788759E-005 ,           3 , -0.20323866613925046     
   6.5434598348261384E-005 ,           3 , -0.20323866613925046     
   6.5534498345733996E-005 ,           3 , -0.20323866613925046     
   6.5634398343206621E-005 ,           3 , -0.20323866613925046     
   6.5734298340679233E-005 ,           3 , -0.20323866613925046     
   6.5834198338151858E-005 ,           3 , -0.20323866613925046     
   6.5934098335624470E-005 ,           3 , -0.20323866613925046     
   6.6033998333097095E-005 ,           3 , -0.20323866613925046     
   6.6133898330569707E-005 ,           3 , -0.20323866613925046     
   6.6233798328042332E-005 ,           3 , -0.20323866613925046     
   6.6333698325514944E-005 ,           3 , -0.20323866613925046     
   6.6433598322987569E-005 ,           3 , -0.20323866613925046     
   6.6533498320460181E-005 ,           3 , -0.20323866613925046     
   6.6633398317932806E-005 ,           3 , -0.20323866613925046     
   6.6733298315405418E-005 ,           3 , -0.20323866613925046     
   6.6833198312878043E-005 ,           3 , -0.20323866613925046     
   6.6933098310350655E-005 ,           3 , -0.20323866613925046     
   6.7032998307823280E-005 ,           3 , -0.20323866613925046     
   6.7132898305295906E-005 ,           3 , -0.20323866613925046     
   6.7232798302768517E-005 ,           3 , -0.20323866613925046     
   6.7332698300241143E-005 ,           3 , -0.20323866613925046     
   6.7432598297713755E-005 ,           3 , -0.20323866613925046     
   6.7532498295186380E-005 ,           3 , -0.20323866613925046     
   6.7632398292658992E-005 ,           3 , -0.20323866613925046     
   6.7732298290131617E-005 ,           3 , -0.20323866613925046     
   6.7832198287604229E-005 ,           3 , -0.20323866613925046     
   6.7932098285076854E-005 ,           3 , -0.20323866613925046     
   6.8031998282549466E-005 ,           3 , -0.20323866613925046     
   6.8131898280022091E-005 ,           3 , -0.20323866613925046     
   6.8231798277494703E-005 ,           3 , -0.20323866613925046     
   6.8331698274967328E-005 ,           3 , -0.20323866613925046     
   6.8431598272439940E-005 ,           3 , -0.20323866613925046     
   6.8531498269912565E-005 ,           3 , -0.20323866613925046     
   6.8631398267385177E-005 ,           3 , -0.20323866613925046     
   6.8731298264857802E-005 ,           3 , -0.20323866613925046     
   6.8831198262330414E-005 ,           3 , -0.20323866613925046     
   6.8931098259803039E-005 ,           3 , -0.20323866613925046     
   6.9030998257275665E-005 ,           3 , -0.20323866613925046     
   6.9130898254748276E-005 ,           3 , -0.20323866613925046     
   6.9230798252220902E-005 ,           3 , -0.20323866613925046     
   6.9330698249693513E-005 ,           3 , -0.20323866613925046     
   6.9430598247166139E-005 ,           3 , -0.20323866613925046     
   6.9530498244638750E-005 ,           3 , -0.20323866613925046     
   6.9630398242111376E-005 ,           3 , -0.20323866613925046     
   6.9730298239583987E-005 ,           3 , -0.20323866613925046     
   6.9830198237056613E-005 ,           3 , -0.20323866613925046     
   6.9930098234529224E-005 ,           3 , -0.20323866613925046     
   7.0029998232001850E-005 ,           3 , -0.20323866613925046     
   7.0129898229474462E-005 ,           3 , -0.20323866613925046     
   7.0229798226947087E-005 ,           3 , -0.20323866613925046     
   7.0329698224419699E-005 ,           3 , -0.20323866613925046     
   7.0429598221892324E-005 ,           3 , -0.20323866613925046     
   7.0529498219364936E-005 ,           3 , -0.20323866613925046     
   7.0629398216837561E-005 ,           3 , -0.20323866613925046     
   7.0729298214310186E-005 ,           3 , -0.20323866613925046     
   7.0829198211782798E-005 ,           3 , -0.20323866613925046     
   7.0929098209255423E-005 ,           3 , -0.20323866613925046     
   7.1028998206728035E-005 ,           3 , -0.20323866613925046     
   7.1128898204200660E-005 ,           3 , -0.20323866613925046     
   7.1228798201673272E-005 ,           3 , -0.20323866613925046     
   7.1328698199145897E-005 ,           3 , -0.20323866613925046     
   7.1428598196618509E-005 ,           3 , -0.20323866613925046     
   7.1528498194091134E-005 ,           3 , -0.20323866613925046     
   7.1628398191563746E-005 ,           3 , -0.20323866613925046     
   7.1728298189036372E-005 ,           3 , -0.20323866613925046     
   7.1828198186508983E-005 ,           3 , -0.20323866613925046     
   7.1928098183981609E-005 ,           3 , -0.20323866613925046     
   7.2027998181454220E-005 ,           3 , -0.20323866613925046     
   7.2127898178926846E-005 ,           3 , -0.20323866613925046     
   7.2227798176399457E-005 ,           3 , -0.20323866613925046     
   7.2327698173872083E-005 ,           3 , -0.20323866613925046     
   7.2427598171344708E-005 ,           3 , -0.20323866613925046     
   7.2527498168817320E-005 ,           3 , -0.20323866613925046     
   7.2627398166289945E-005 ,           3 , -0.20323866613925046     
   7.2727298163762557E-005 ,           3 , -0.20323866613925046     
   7.2827198161235182E-005 ,           3 , -0.20323866613925046     
   7.2927098158707794E-005 ,           3 , -0.20323866613925046     
   7.3026998156180419E-005 ,           3 , -0.20323866613925046     
   7.3126898153653031E-005 ,           3 , -0.20323866613925046     
   7.3226798151125656E-005 ,           3 , -0.20323866613925046     
   7.3326698148598268E-005 ,           3 , -0.20323866613925046     
   7.3426598146070893E-005 ,           3 , -0.20323866613925046     
   7.3526498143543505E-005 ,           3 , -0.20323866613925046     
   7.3626398141016130E-005 ,           3 , -0.20323866613925046     
   7.3726298138488742E-005 ,           3 , -0.20323866613925046     
   7.3826198135961367E-005 ,           3 , -0.20323866613925046     
   7.3926098133433979E-005 ,           3 , -0.20323866613925046     
   7.4025998130906604E-005 ,           3 , -0.20323866613925046     
   7.4125898128379216E-005 ,           3 , -0.20323866613925046     
   7.4225798125851841E-005 ,           3 , -0.20323866613925046     
   7.4325698123324467E-005 ,           3 , -0.20323866613925046     
   7.4425598120797079E-005 ,           3 , -0.20323866613925046     
   7.4525498118269704E-005 ,           3 , -0.20323866613925046     
   7.4625398115742316E-005 ,           3 , -0.20323866613925046     
   7.4725298113214941E-005 ,           3 , -0.20323866613925046     
   7.4825198110687553E-005 ,           3 , -0.20323866613925046     
   7.4925098108160178E-005 ,           3 , -0.20323866613925046     
   7.5024998105632790E-005 ,           3 , -0.20323866613925046     
   7.5124898103105415E-005 ,           3 , -0.20323866613925046     
   7.5224798100578027E-005 ,           3 , -0.20323866613925046     
   7.5324698098050652E-005 ,           3 , -0.20323866613925046     
   7.5424598095523264E-005 ,           3 , -0.20323866613925046     
   7.5524498092995889E-005 ,           3 , -0.20323866613925046     
   7.5624398090468501E-005 ,           3 , -0.20323866613925046     
   7.5724298087941126E-005 ,           3 , -0.20323866613925046     
   7.5824198085413738E-005 ,           3 , -0.20323866613925046     
   7.5924098082886363E-005 ,           3 , -0.20323866613925046     
   7.6023998080358989E-005 ,           3 , -0.20323866613925046     
   7.6123898077831600E-005 ,           3 , -0.20323866613925046     
   7.6223798075304226E-005 ,           3 , -0.20323866613925046     
   7.6323698072776837E-005 ,           3 , -0.20323866613925046     
   7.6423598070249463E-005 ,           3 , -0.20323866613925046     
   7.6523498067722074E-005 ,           3 , -0.20323866613925046     
   7.6623398065194700E-005 ,           3 , -0.20323866613925046     
   7.6723298062667311E-005 ,           3 , -0.20323866613925046     
   7.6823198060139937E-005 ,           3 , -0.20323866613925046     
   7.6923098057612548E-005 ,           3 , -0.20323866613925046     
   7.7022998055085174E-005 ,           3 , -0.20323866613925046     
   7.7122898052557786E-005 ,           3 , -0.20323866613925046     
   7.7222798050030411E-005 ,           3 , -0.20323866613925046     
   7.7322698047503023E-005 ,           3 , -0.20323866613925046     
   7.7422598044975648E-005 ,           3 , -0.20323866613925046     
   7.7522498042448260E-005 ,           3 , -0.20323866613925046     
   7.7622398039920885E-005 ,           3 , -0.20323866613925046     
   7.7722298037393510E-005 ,           3 , -0.20323866613925046     
   7.7822198034866122E-005 ,           3 , -0.20323866613925046     
   7.7922098032338747E-005 ,           3 , -0.20323866613925046     
   7.8021998029811359E-005 ,           3 , -0.20323866613925046     
   7.8121898027283984E-005 ,           3 , -0.20323866613925046     
   7.8221798024756596E-005 ,           3 , -0.20323866613925046     
   7.8321698022229221E-005 ,           3 , -0.20323866613925046     
   7.8421598019701833E-005 ,           3 , -0.20323866613925046     
   7.8521498017174458E-005 ,           3 , -0.20323866613925046     
   7.8621398014647070E-005 ,           3 , -0.20323866613925046     
   7.8721298012119696E-005 ,           3 , -0.20323866613925046     
   7.8821198009592307E-005 ,           3 , -0.20323866613925046     
   7.8921098007064933E-005 ,           3 , -0.20323866613925046     
   7.9020998004537544E-005 ,           3 , -0.20323866613925046     
   7.9120898002010170E-005 ,           3 , -0.20323866613925046     
   7.9220797999482781E-005 ,           3 , -0.20323866613925046     
   7.9320697996955407E-005 ,           3 , -0.20323866613925046     
   7.9420597994428018E-005 ,           3 , -0.20323866613925046     
   7.9520497991900644E-005 ,           3 , -0.20323866613925046     
   7.9620397989373269E-005 ,           3 , -0.20323866613925046     
   7.9720297986845881E-005 ,           3 , -0.20323866613925046     
   7.9820197984318506E-005 ,           3 , -0.20323866613925046     
   7.9920097981791118E-005 ,           3 , -0.20323866613925046     
   8.0019997979263743E-005 ,           3 , -0.20323866613925046     
   8.0119897976736355E-005 ,           3 , -0.20323866613925046     
   8.0219797974208980E-005 ,           3 , -0.20323866613925046     
   8.0319697971681592E-005 ,           3 , -0.20323866613925046     
   8.0419597969154217E-005 ,           3 , -0.20323866613925046     
   8.0519497966626829E-005 ,           3 , -0.20323866613925046     
   8.0619397964099454E-005 ,           3 , -0.20323866613925046     
   8.0719297961572066E-005 ,           3 , -0.20323866613925046     
   8.0819197959044691E-005 ,           3 , -0.20323866613925046     
   8.0919097956517303E-005 ,           3 , -0.20323866613925046     
   8.1018997953989928E-005 ,           3 , -0.20323866613925046     
   8.1118897951462540E-005 ,           3 , -0.20323866613925046     
   8.1218797948935165E-005 ,           3 , -0.20323866613925046     
   8.1318697946407791E-005 ,           3 , -0.20323866613925046     
   8.1418597943880403E-005 ,           3 , -0.20323866613925046     
   8.1518497941353028E-005 ,           3 , -0.20323866613925046     
   8.1618397938825640E-005 ,           3 , -0.20323866613925046     
   8.1718297936298265E-005 ,           3 , -0.20323866613925046     
   8.1818197933770877E-005 ,           3 , -0.20323866613925046     
   8.1918097931243502E-005 ,           3 , -0.20323866613925046     
   8.2017997928716114E-005 ,           3 , -0.20323866613925046     
   8.2117897926188739E-005 ,           3 , -0.20323866613925046     
   8.2217797923661351E-005 ,           3 , -0.20323866613925046     
   8.2317697921133976E-005 ,           3 , -0.20323866613925046     
   8.2417597918606588E-005 ,           3 , -0.20323866613925046     
   8.2517497916079213E-005 ,           3 , -0.20323866613925046     
   8.2617397913551825E-005 ,           3 , -0.20323866613925046     
   8.2717297911024450E-005 ,           3 , -0.20323866613925046     
   8.2817197908497062E-005 ,           3 , -0.20323866613925046     
   8.2917097905969687E-005 ,           3 , -0.20323866613925046     
   8.3016997903442313E-005 ,           3 , -0.20323866613925046     
   8.3116897900914924E-005 ,           3 , -0.20323866613925046     
   8.3216797898387550E-005 ,           3 , -0.20323866613925046     
   8.3316697895860161E-005 ,           3 , -0.20323866613925046     
   8.3416597893332787E-005 ,           3 , -0.20323866613925046     
   8.3516497890805398E-005 ,           3 , -0.20323866613925046     
   8.3616397888278024E-005 ,           3 , -0.20323866613925046     
   8.3716297885750635E-005 ,           3 , -0.20323866613925046     
   8.3816197883223261E-005 ,           3 , -0.20323866613925046     
   8.3916097880695872E-005 ,           3 , -0.20323866613925046     
   8.4015997878168498E-005 ,           3 , -0.20323866613925046     
   8.4115897875641110E-005 ,           3 , -0.20323866613925046     
   8.4215797873113735E-005 ,           3 , -0.20323866613925046     
   8.4315697870586347E-005 ,           3 , -0.20323866613925046     
   8.4415597868058972E-005 ,           3 , -0.20323866613925046     
   8.4515497865531584E-005 ,           3 , -0.20323866613925046     
   8.4615397863004209E-005 ,           3 , -0.20323866613925046     
   8.4715297860476821E-005 ,           3 , -0.20323866613925046     
   8.4815197857949446E-005 ,           3 , -0.20323866613925046     
   8.4915097855422071E-005 ,           3 , -0.20323866613925046     
   8.5014997852894683E-005 ,           3 , -0.20323866613925046     
   8.5114897850367308E-005 ,           3 , -0.20323866613925046     
   8.5214797847839920E-005 ,           3 , -0.20323866613925046     
   8.5314697845312545E-005 ,           3 , -0.20323866613925046     
   8.5414597842785157E-005 ,           3 , -0.20323866613925046     
   8.5514497840257782E-005 ,           3 , -0.20323866613925046     
   8.5614397837730394E-005 ,           3 , -0.20323866613925046     
   8.5714297835203020E-005 ,           3 , -0.20323866613925046     
   8.5814197832675631E-005 ,           3 , -0.20323866613925046     
   8.5914097830148257E-005 ,           3 , -0.20323866613925046     
   8.6013997827620868E-005 ,           3 , -0.20323866613925046     
   8.6113897825093494E-005 ,           3 , -0.20323866613925046     
   8.6213797822566105E-005 ,           3 , -0.20323866613925046     
   8.6313697820038731E-005 ,           3 , -0.20323866613925046     
   8.6413597817511342E-005 ,           3 , -0.20323866613925046     
   8.6513497814983968E-005 ,           3 , -0.20323866613925046     
   8.6613397812456593E-005 ,           3 , -0.20323866613925046     
   8.6713297809929205E-005 ,           3 , -0.20323866613925046     
   8.6813197807401830E-005 ,           3 , -0.20323866613925046     
   8.6913097804874442E-005 ,           3 , -0.20323866613925046     
   8.7012997802347067E-005 ,           3 , -0.20323866613925046     
   8.7112897799819679E-005 ,           3 , -0.20323866613925046     
   8.7212797797292304E-005 ,           3 , -0.20323866613925046     
   8.7312697794764916E-005 ,           3 , -0.20323866613925046     
   8.7412597792237541E-005 ,           3 , -0.20323866613925046     
   8.7512497789710153E-005 ,           3 , -0.20323866613925046     
   8.7612397787182778E-005 ,           3 , -0.20323866613925046     
   8.7712297784655390E-005 ,           3 , -0.20323866613925046     
   8.7812197782128015E-005 ,           3 , -0.20323866613925046     
   8.7912097779600627E-005 ,           3 , -0.20323866613925046     
   8.8011997777073252E-005 ,           3 , -0.20323866613925046     
   8.8111897774545864E-005 ,           3 , -0.20323866613925046     
   8.8211797772018489E-005 ,           3 , -0.20323866613925046     
   8.8311697769491115E-005 ,           3 , -0.20323866613925046     
   8.8411597766963727E-005 ,           3 , -0.20323866613925046     
   8.8511497764436352E-005 ,           3 , -0.20323866613925046     
   8.8611397761908964E-005 ,           3 , -0.20323866613925046     
   8.8711297759381589E-005 ,           3 , -0.20323866613925046     
   8.8811197756854201E-005 ,           3 , -0.20323866613925046     
   8.8911097754326826E-005 ,           3 , -0.20323866613925046     
   8.9010997751799438E-005 ,           3 , -0.20323866613925046     
   8.9110897749272063E-005 ,           3 , -0.20323866613925046     
   8.9210797746744675E-005 ,           3 , -0.20323866613925046     
   8.9310697744217300E-005 ,           3 , -0.20323866613925046     
   8.9410597741689912E-005 ,           3 , -0.20323866613925046     
   8.9510497739162537E-005 ,           3 , -0.20323866613925046     
   8.9610397736635149E-005 ,           3 , -0.20323866613925046     
   8.9710297734107774E-005 ,           3 , -0.20323866613925046     
   8.9810197731580386E-005 ,           3 , -0.20323866613925046     
   8.9910097729053011E-005 ,           3 , -0.20323866613925046     
   9.0009997726525623E-005 ,           3 , -0.20323866613925046     
   9.0109897723998248E-005 ,           3 , -0.20323866613925046     
   9.0209797721470874E-005 ,           3 , -0.20323866613925046     
   9.0309697718943485E-005 ,           3 , -0.20323866613925046     
   9.0409597716416111E-005 ,           3 , -0.20323866613925046     
   9.0509497713888722E-005 ,           3 , -0.20323866613925046     
   9.0609397711361348E-005 ,           3 , -0.20323866613925046     
   9.0709297708833959E-005 ,           3 , -0.20323866613925046     
   9.0809197706306585E-005 ,           3 , -0.20323866613925046     
   9.0909097703779197E-005 ,           3 , -0.20323866613925046     
   9.1008997701251822E-005 ,           3 , -0.20323866613925046     
   9.1108897698724434E-005 ,           3 , -0.20323866613925046     
   9.1208797696197059E-005 ,           3 , -0.20323866613925046     
   9.1308697693669671E-005 ,           3 , -0.20323866613925046     
   9.1408597691142296E-005 ,           3 , -0.20323866613925046     
   9.1508497688614908E-005 ,           3 , -0.20323866613925046     
   9.1608397686087533E-005 ,           3 , -0.20323866613925046     
   9.1708297683560145E-005 ,           3 , -0.20323866613925046     
   9.1808197681032770E-005 ,           3 , -0.20323866613925046     
   9.1908097678505395E-005 ,           3 , -0.20323866613925046     
   9.2007997675978007E-005 ,           3 , -0.20323866613925046     
   9.2107897673450632E-005 ,           3 , -0.20323866613925046     
   9.2207797670923244E-005 ,           3 , -0.20323866613925046     
   9.2307697668395869E-005 ,           3 , -0.20323866613925046     
   9.2407597665868481E-005 ,           3 , -0.20323866613925046     
   9.2507497663341106E-005 ,           3 , -0.20323866613925046     
   9.2607397660813718E-005 ,           3 , -0.20323866613925046     
   9.2707297658286344E-005 ,           3 , -0.20323866613925046     
   9.2807197655758955E-005 ,           3 , -0.20323866613925046     
   9.2907097653231581E-005 ,           3 , -0.20323866613925046     
   9.3006997650704192E-005 ,           3 , -0.20323866613925046     
   9.3106897648176818E-005 ,           3 , -0.20323866613925046     
   9.3206797645649429E-005 ,           3 , -0.20323866613925046     
   9.3306697643122055E-005 ,           3 , -0.20323866613925046     
   9.3406597640594666E-005 ,           3 , -0.20323866613925046     
   9.3506497638067292E-005 ,           3 , -0.20323866613925046     
   9.3606397635539917E-005 ,           3 , -0.20323866613925046     
   9.3706297633012529E-005 ,           3 , -0.20323866613925046     
   9.3806197630485154E-005 ,           3 , -0.20323866613925046     
   9.3906097627957766E-005 ,           3 , -0.20323866613925046     
   9.4005997625430391E-005 ,           3 , -0.20323866613925046     
   9.4105897622903003E-005 ,           3 , -0.20323866613925046     
   9.4205797620375628E-005 ,           3 , -0.20323866613925046     
   9.4305697617848240E-005 ,           3 , -0.20323866613925046     
   9.4405597615320865E-005 ,           3 , -0.20323866613925046     
   9.4505497612793477E-005 ,           3 , -0.20323866613925046     
   9.4605397610266102E-005 ,           3 , -0.20323866613925046     
   9.4705297607738714E-005 ,           3 , -0.20323866613925046     
   9.4805197605211339E-005 ,           3 , -0.20323866613925046     
   9.4905097602683951E-005 ,           3 , -0.20323866613925046     
   9.5004997600156576E-005 ,           3 , -0.20323866613925046     
   9.5104897597629188E-005 ,           3 , -0.20323866613925046     
   9.5204797595101814E-005 ,           3 , -0.20323866613925046     
   9.5304697592574425E-005 ,           3 , -0.20323866613925046     
   9.5404597590047051E-005 ,           3 , -0.20323866613925046     
   9.5504497587519676E-005 ,           3 , -0.20323866613925046     
   9.5604397584992288E-005 ,           3 , -0.20323866613925046     
   9.5704297582464913E-005 ,           3 , -0.20323866613925046     
   9.5804197579937525E-005 ,           3 , -0.20323866613925046     
   9.5904097577410150E-005 ,           3 , -0.20323866613925046     
   9.6003997574882762E-005 ,           3 , -0.20323866613925046     
   9.6103897572355387E-005 ,           3 , -0.20323866613925046     
   9.6203797569827999E-005 ,           3 , -0.20323866613925046     
   9.6303697567300624E-005 ,           3 , -0.20323866613925046     
   9.6403597564773236E-005 ,           3 , -0.20323866613925046     
   9.6503497562245861E-005 ,           3 , -0.20323866613925046     
   9.6603397559718473E-005 ,           3 , -0.20323866613925046     
   9.6703297557191098E-005 ,           3 , -0.20323866613925046     
   9.6803197554663710E-005 ,           3 , -0.20323866613925046     
   9.6903097552136335E-005 ,           3 , -0.20323866613925046     
   9.7002997549608947E-005 ,           3 , -0.20323866613925046     
   9.7102897547081572E-005 ,           3 , -0.20323866613925046     
   9.7202797544554198E-005 ,           3 , -0.20323866613925046     
   9.7302697542026809E-005 ,           3 , -0.20323866613925046     
   9.7402597539499435E-005 ,           3 , -0.20323866613925046     
   9.7502497536972046E-005 ,           3 , -0.20323866613925046     
   9.7602397534444672E-005 ,           3 , -0.20323866613925046     
   9.7702297531917283E-005 ,           3 , -0.20323866613925046     
   9.7802197529389909E-005 ,           3 , -0.20323866613925046     
   9.7902097526862521E-005 ,           3 , -0.20323866613925046     
   9.8001997524335146E-005 ,           3 , -0.20323866613925046     
   9.8101897521807758E-005 ,           3 , -0.20323866613925046     
   9.8201797519280383E-005 ,           3 , -0.20323866613925046     
   9.8301697516752995E-005 ,           3 , -0.20323866613925046     
   9.8401597514225620E-005 ,           3 , -0.20323866613925046     
   9.8501497511698232E-005 ,           3 , -0.20323866613925046     
   9.8601397509170857E-005 ,           3 , -0.20323866613925046     
   9.8701297506643469E-005 ,           3 , -0.20323866613925046     
   9.8801197504116094E-005 ,           3 , -0.20323866613925046     
   9.8901097501588719E-005 ,           3 , -0.20323866613925046     
   9.9000997499061331E-005 ,           3 , -0.20323866613925046     
   9.9100897496533956E-005 ,           3 , -0.20323866613925046     
   9.9200797494006568E-005 ,           3 , -0.20323866613925046     
   9.9300697491479193E-005 ,           3 , -0.20323866613925046     
   9.9400597488951805E-005 ,           3 , -0.20323866613925046     
   9.9500497486424430E-005 ,           3 , -0.20323866613925046     
   9.9600397483897042E-005 ,           3 , -0.20323866613925046     
   9.9700297481369668E-005 ,           3 , -0.20323866613925046     
   9.9800197478842279E-005 ,           3 , -0.20323866613925046     
   9.9900097476314905E-005 ,           3 , -0.20323866613925046     
   9.9999997473787516E-005 ,           3 , -0.20323866613925046     
