  -2.0000000000000000        0.0000000000000000     
  -1.9930000000000001        0.0000000000000000     
  -1.9860000000000000        0.0000000000000000     
  -1.9790000000000001        0.0000000000000000     
  -1.9720000000000000        0.0000000000000000     
  -1.9650000000000001        0.0000000000000000     
  -1.9580000000000000        0.0000000000000000     
  -1.9510000000000001        0.0000000000000000     
  -1.9440000000000000        0.0000000000000000     
  -1.9370000000000001        0.0000000000000000     
  -1.9299999999999999        0.0000000000000000     
  -1.9230000000000000        0.0000000000000000     
  -1.9159999999999999        0.0000000000000000     
  -1.9090000000000000        0.0000000000000000     
  -1.9019999999999999        0.0000000000000000     
  -1.8950000000000000        0.0000000000000000     
  -1.8879999999999999        0.0000000000000000     
  -1.8810000000000000        0.0000000000000000     
  -1.8740000000000001        0.0000000000000000     
  -1.8670000000000000        0.0000000000000000     
  -1.8599999999999999        0.0000000000000000     
  -1.8530000000000000        0.0000000000000000     
  -1.8460000000000001        0.0000000000000000     
  -1.8390000000000000        0.0000000000000000     
  -1.8320000000000001        0.0000000000000000     
  -1.8250000000000000        0.0000000000000000     
  -1.8180000000000001        0.0000000000000000     
  -1.8109999999999999        0.0000000000000000     
  -1.8040000000000000        0.0000000000000000     
  -1.7969999999999999        0.0000000000000000     
  -1.7900000000000000        0.0000000000000000     
  -1.7829999999999999        0.0000000000000000     
  -1.7760000000000000        0.0000000000000000     
  -1.7689999999999999        0.0000000000000000     
  -1.7620000000000000        0.0000000000000000     
  -1.7549999999999999        0.0000000000000000     
  -1.7480000000000000        0.0000000000000000     
  -1.7410000000000001        0.0000000000000000     
  -1.7340000000000000        0.0000000000000000     
  -1.7269999999999999        0.0000000000000000     
  -1.7200000000000000        0.0000000000000000     
  -1.7130000000000001        0.0000000000000000     
  -1.7060000000000000        0.0000000000000000     
  -1.6990000000000001        0.0000000000000000     
  -1.6919999999999999        0.0000000000000000     
  -1.6850000000000001        0.0000000000000000     
  -1.6779999999999999        0.0000000000000000     
  -1.6710000000000000        0.0000000000000000     
  -1.6639999999999999        0.0000000000000000     
  -1.6570000000000000        0.0000000000000000     
  -1.6499999999999999        0.0000000000000000     
  -1.6430000000000000        0.0000000000000000     
  -1.6360000000000001        0.0000000000000000     
  -1.6290000000000000        0.0000000000000000     
  -1.6219999999999999        0.0000000000000000     
  -1.6150000000000000        0.0000000000000000     
  -1.6080000000000001        0.0000000000000000     
  -1.6010000000000000        0.0000000000000000     
  -1.5939999999999999        0.0000000000000000     
  -1.5870000000000000        0.0000000000000000     
  -1.5800000000000001        0.0000000000000000     
  -1.5730000000000000        0.0000000000000000     
  -1.5660000000000001        0.0000000000000000     
  -1.5589999999999999        0.0000000000000000     
  -1.5520000000000000        0.0000000000000000     
  -1.5449999999999999        0.0000000000000000     
  -1.5380000000000000        0.0000000000000000     
  -1.5309999999999999        0.0000000000000000     
  -1.5240000000000000        0.0000000000000000     
  -1.5169999999999999        0.0000000000000000     
  -1.5100000000000000        0.0000000000000000     
  -1.5030000000000001        0.0000000000000000     
  -1.4960000000000000        0.0000000000000000     
  -1.4889999999999999        0.0000000000000000     
  -1.4820000000000000        0.0000000000000000     
  -1.4750000000000001        0.0000000000000000     
  -1.4680000000000000        0.0000000000000000     
  -1.4609999999999999        0.0000000000000000     
  -1.4540000000000000        0.0000000000000000     
  -1.4470000000000001        0.0000000000000000     
  -1.4399999999999999        0.0000000000000000     
  -1.4329999999999998        0.0000000000000000     
  -1.4259999999999999        0.0000000000000000     
  -1.4190000000000000        0.0000000000000000     
  -1.4119999999999999        0.0000000000000000     
  -1.4050000000000000        0.0000000000000000     
  -1.3980000000000001        0.0000000000000000     
  -1.3910000000000000        0.0000000000000000     
  -1.3839999999999999        0.0000000000000000     
  -1.3770000000000000        0.0000000000000000     
  -1.3700000000000001        0.0000000000000000     
  -1.3630000000000000        0.0000000000000000     
  -1.3559999999999999        0.0000000000000000     
  -1.3490000000000000        0.0000000000000000     
  -1.3420000000000001        0.0000000000000000     
  -1.3350000000000000        0.0000000000000000     
  -1.3279999999999998        0.0000000000000000     
  -1.3210000000000000        0.0000000000000000     
  -1.3140000000000001        0.0000000000000000     
  -1.3069999999999999        0.0000000000000000     
  -1.2999999999999998        0.0000000000000000     
  -1.2930000000000001        0.0000000000000000     
  -1.2860000000000000        0.0000000000000000     
  -1.2789999999999999        0.0000000000000000     
  -1.2720000000000000        0.0000000000000000     
  -1.2650000000000001        0.0000000000000000     
  -1.2580000000000000        0.0000000000000000     
  -1.2509999999999999        0.0000000000000000     
  -1.2440000000000000        0.0000000000000000     
  -1.2370000000000001        0.0000000000000000     
  -1.2300000000000000        0.0000000000000000     
  -1.2229999999999999        0.0000000000000000     
  -1.2160000000000000        0.0000000000000000     
  -1.2090000000000001        0.0000000000000000     
  -1.2020000000000000        0.0000000000000000     
  -1.1949999999999998        0.0000000000000000     
  -1.1879999999999999        0.0000000000000000     
  -1.1810000000000000        0.0000000000000000     
  -1.1739999999999999        0.0000000000000000     
  -1.1670000000000000        0.0000000000000000     
  -1.1600000000000001        0.0000000000000000     
  -1.1530000000000000        0.0000000000000000     
  -1.1459999999999999        0.0000000000000000     
  -1.1390000000000000        0.0000000000000000     
  -1.1320000000000001        0.0000000000000000     
  -1.1250000000000000        0.0000000000000000     
  -1.1179999999999999        0.0000000000000000     
  -1.1110000000000000        0.0000000000000000     
  -1.1040000000000001        0.0000000000000000     
  -1.0970000000000000        0.0000000000000000     
  -1.0899999999999999        0.0000000000000000     
  -1.0830000000000000        0.0000000000000000     
  -1.0760000000000001        0.0000000000000000     
  -1.0690000000000000        0.0000000000000000     
  -1.0619999999999998        0.0000000000000000     
  -1.0549999999999999        0.0000000000000000     
  -1.0480000000000000        0.0000000000000000     
  -1.0409999999999999        0.0000000000000000     
  -1.0340000000000000        0.0000000000000000     
  -1.0270000000000001        0.0000000000000000     
  -1.0200000000000000        0.0000000000000000     
  -1.0129999999999999        0.0000000000000000     
  -1.0060000000000000        0.0000000000000000     
 -0.99899999999999989       0.41300955788411287     
 -0.99199999999999999       0.37805299938475656     
 -0.98499999999999988       0.34306068818909097     
 -0.97799999999999998       0.30805994392094860     
 -0.97100000000000009       0.27308005226081633     
 -0.96399999999999997       0.23809101722341808     
 -0.95700000000000007       0.20308862152630880     
 -0.94999999999999996       0.16811476210947518     
 -0.94300000000000006       0.13318233615019182     
 -0.93599999999999994        9.8292526398552127E-002
 -0.92900000000000005        6.3450967488943633E-002
 -0.92199999999999993        2.8688577635531232E-002
 -0.91500000000000004       -5.9702892410662400E-003
 -0.90799999999999992       -4.0558304987037275E-002
 -0.90100000000000002       -7.5071457084739279E-002
 -0.89399999999999991      -0.10947113657956820     
 -0.88700000000000001      -0.14374800736689863     
 -0.87999999999999989      -0.17789554105900152     
 -0.87300000000000000      -0.21189709183518346     
 -0.86599999999999988      -0.24571779434015895     
 -0.85899999999999999      -0.27933952650586846     
 -0.85199999999999987      -0.31278728252794252     
 -0.84499999999999997      -0.34604937005973468     
 -0.83800000000000008      -0.37909291682750990     
 -0.83099999999999996      -0.41189964996904394     
 -0.82400000000000007      -0.44445865211667268     
 -0.81699999999999995      -0.47675964506949242     
 -0.81000000000000005      -0.50877104215858182     
 -0.80299999999999994      -0.54048173522481235     
 -0.79600000000000004      -0.57191157098764478     
 -0.78899999999999992      -0.60303641067109481     
 -0.78200000000000003      -0.63382626152081301     
 -0.77499999999999991      -0.66428110179525746     
 -0.76800000000000002      -0.69438988329188334     
 -0.76099999999999990      -0.72413023470391735     
 -0.75400000000000000      -0.75347622773530532     
 -0.74699999999999989      -0.78242572730246707     
 -0.73999999999999999      -0.81099394629469401     
 -0.73299999999999987      -0.83916159585545458     
 -0.72599999999999998      -0.86690538507984982     
 -0.71900000000000008      -0.89421104008022922     
 -0.71199999999999997      -0.92105498496849592     
 -0.70500000000000007      -0.94742354613457280     
 -0.69799999999999995      -0.97333332072891210     
 -0.69100000000000006      -0.99877903219158526     
 -0.68399999999999994       -1.0237326144369732     
 -0.67700000000000005       -1.0481540761684585     
 -0.66999999999999993       -1.0720680382466306     
 -0.66300000000000003       -1.0955316984475090     
 -0.65599999999999992       -1.1184030401560037     
 -0.64900000000000002       -1.1406401061615554     
 -0.64199999999999990       -1.1624308091347473     
 -0.63500000000000001       -1.1837153897546600     
 -0.62799999999999989       -1.2043612765962450     
 -0.62100000000000000       -1.2243859842445879     
 -0.61399999999999988       -1.2438300837242053     
 -0.60699999999999998       -1.2627180148560058     
 -0.59999999999999987       -1.2810126341806090     
 -0.59299999999999997       -1.2986738825568160     
 -0.58600000000000008       -1.3156861655057313     
 -0.57899999999999996       -1.3321101561236510     
 -0.57200000000000006       -1.3479817194295016     
 -0.56499999999999995       -1.3632534669432239     
 -0.55800000000000005       -1.3779015509679589     
 -0.55099999999999993       -1.3919430291519568     
 -0.54400000000000004       -1.4054496115820925     
 -0.53699999999999992       -1.4184269787755746     
 -0.53000000000000003       -1.4308377968664310     
 -0.52299999999999991       -1.4427082123488439     
 -0.51600000000000001       -1.4540659599153010     
 -0.50899999999999990       -1.4649120355265879     
 -0.50200000000000000       -1.4751882697826382     
 -0.49499999999999988       -1.4848969862440313     
 -0.48799999999999999       -1.4941681842768375     
 -0.48099999999999987       -1.5029761118838536     
 -0.47399999999999998       -1.5112444297691709     
 -0.46699999999999986       -1.5190172699856284     
 -0.45999999999999996       -1.5263193027165656     
 -0.45300000000000007       -1.5331388543350748     
 -0.44599999999999995       -1.5394544216133461     
 -0.43900000000000006       -1.5453009368519020     
 -0.43199999999999994       -1.5507630374009800     
 -0.42500000000000004       -1.5557733940618839     
 -0.41799999999999993       -1.5602857884413304     
 -0.41100000000000003       -1.5643991619630420     
 -0.40399999999999991       -1.5681054068982192     
 -0.39700000000000002       -1.5713536209469865     
 -0.38999999999999990       -1.5741827962682926     
 -0.38300000000000001       -1.5766261088358959     
 -0.37599999999999989       -1.5787015272828597     
 -0.36899999999999999       -1.5804456785217731     
 -0.36199999999999988       -1.5818743338281784     
 -0.35499999999999998       -1.5829736833446653     
 -0.34799999999999986       -1.5837664236958133     
 -0.34099999999999997       -1.5842851669784430     
 -0.33400000000000007       -1.5845503848946336     
 -0.32699999999999996       -1.5845961153176837     
 -0.32000000000000006       -1.5844481110819366     
 -0.31299999999999994       -1.5840813738752395     
 -0.30600000000000005       -1.5835337000203502     
 -0.29899999999999993       -1.5828836911462680     
 -0.29200000000000004       -1.5820794008846448     
 -0.28499999999999992       -1.5811095635768382     
 -0.27800000000000002       -1.5800633546393570     
 -0.27099999999999991       -1.5789438738329338     
 -0.26400000000000001       -1.5777390095658248     
 -0.25699999999999990       -1.5764915282066596     
 -0.25000000000000000       -1.5752064147730174     
 -0.24299999999999988       -1.5738743542451914     
 -0.23599999999999999       -1.5725375086340208     
 -0.22899999999999987       -1.5712038036729794     
 -0.22199999999999998       -1.5698548995042536     
 -0.21499999999999986       -1.5685644969685058     
 -0.20799999999999996       -1.5673662200060363     
 -0.20100000000000007       -1.5662010764274150     
 -0.19399999999999995       -1.5650848510765201     
 -0.18700000000000006       -1.5640593622666472     
 -0.17999999999999994       -1.5631382019190099     
 -0.17300000000000004       -1.5623659975742434     
 -0.16599999999999993       -1.5617731833117148     
 -0.15900000000000003       -1.5612602933492639     
 -0.15199999999999991       -1.5608325158648206     
 -0.14500000000000002       -1.5606161038878419     
 -0.13799999999999990       -1.5606269208560128     
 -0.13100000000000001       -1.5608275231395901     
 -0.12399999999999989       -1.5611709289288349     
 -0.11699999999999999       -1.5617162437443675     
 -0.10999999999999988       -1.5625219420588756     
 -0.10299999999999998       -1.5635204438021972     
  -9.5999999999999863E-002  -1.5647372600145850     
  -8.8999999999999968E-002  -1.5662533936818352     
  -8.1999999999999851E-002  -1.5680400756012709     
  -7.4999999999999956E-002  -1.5701212150910138     
  -6.8000000000000060E-002  -1.5725846648739541     
  -6.0999999999999943E-002  -1.5753776281248832     
  -5.4000000000000048E-002  -1.5784865608231691     
  -4.6999999999999931E-002  -1.5820349195261674     
  -4.0000000000000036E-002  -1.5860496576411993     
  -3.2999999999999918E-002  -1.5905023625089463     
  -2.6000000000000023E-002  -1.5953834959739943     
  -1.8999999999999906E-002  -1.6007304140542828     
  -1.2000000000000011E-002  -1.6066071203572143     
  -4.9999999999998934E-003  -1.6130422928750558     
   2.0000000000002238E-003  -1.6200466366723916     
   8.9999999999998970E-003  -1.6276178504868266     
   1.6000000000000014E-002  -1.6357452400476244     
   2.3000000000000131E-002  -1.6444392016817773     
   3.0000000000000249E-002  -1.6537455711463842     
   3.6999999999999922E-002  -1.6636441918132050     
   4.4000000000000039E-002  -1.6740973687207585     
   5.1000000000000156E-002  -1.6851258126706004     
   5.7999999999999829E-002  -1.6967039186973416     
   6.4999999999999947E-002  -1.7087878815622766     
   7.2000000000000064E-002  -1.7214567685089701     
   7.9000000000000181E-002  -1.7347431977742644     
   8.5999999999999854E-002  -1.7485891777061973     
   9.2999999999999972E-002  -1.7629974369807115     
  0.10000000000000009       -1.7779772510017882     
  0.10700000000000021       -1.7935096537016921     
  0.11399999999999988       -1.8095973821471230     
  0.12100000000000000       -1.8262605189899830     
  0.12800000000000011       -1.8435249891014927     
  0.13500000000000023       -1.8613985315338510     
  0.14199999999999990       -1.8798746053957451     
  0.14900000000000002       -1.8989635591213254     
  0.15600000000000014       -1.9186526821783705     
  0.16300000000000026       -1.9389094881608813     
  0.16999999999999993       -1.9598281631178587     
  0.17700000000000005       -1.9814653725294473     
  0.18400000000000016       -2.0037016992326002     
  0.19099999999999984       -2.0265515696762417     
  0.19799999999999995       -2.0501039801006211     
  0.20500000000000007       -2.0743633595939457     
  0.21200000000000019       -2.0992852621560960     
  0.21899999999999986       -2.1248192931952889     
  0.22599999999999998       -2.1510345100838499     
  0.23300000000000010       -2.1779616902807586     
  0.24000000000000021       -2.2055319704742846     
  0.24699999999999989       -2.2337406633193595     
  0.25400000000000000       -2.2625999150262057     
  0.26100000000000012       -2.2920788643912626     
  0.26800000000000024       -2.3222004024781882     
  0.27499999999999991       -2.3529980968801958     
  0.28200000000000003       -2.3844076554253562     
  0.28900000000000015       -2.4164186656983873     
  0.29600000000000026       -2.4490836628583317     
  0.30299999999999994       -2.4823883982196548     
  0.31000000000000005       -2.5162805801365860     
  0.31700000000000017       -2.5506994404346042     
  0.32399999999999984       -2.5857007460704917     
  0.33099999999999996       -2.6213456423470909     
  0.33800000000000008       -2.6575775132325727     
  0.34500000000000020       -2.6943385369654411     
  0.35199999999999987       -2.7316108648783288     
  0.35899999999999999       -2.7694730469856772     
  0.36600000000000010       -2.8078727951872064     
  0.37300000000000022       -2.8466543275103078     
  0.37999999999999989       -2.8859369872223049     
  0.38700000000000001       -2.9257922941127088     
  0.39400000000000013       -2.9660811944746133     
  0.40100000000000025       -3.0068203749026861     
  0.40799999999999992       -3.0480616314521018     
  0.41500000000000004       -3.0897248028578268     
  0.42200000000000015       -3.1317651152849226     
  0.42900000000000027       -3.1741830705588931     
  0.43599999999999994       -3.2169888824973434     
  0.44300000000000006       -3.2601814715723059     
  0.45000000000000018       -3.3037423429370936     
  0.45699999999999985       -3.3476396572297737     
  0.46399999999999997       -3.3918531916754979     
  0.47100000000000009       -3.4363896255897046     
  0.47800000000000020       -3.4812493331330998     
  0.48499999999999988       -3.5264057492900953     
  0.49199999999999999       -3.5717833883143602     
  0.49900000000000011       -3.6174000000000071     
  0.50600000000000023       -3.6633184810435786     
  0.51299999999999990       -3.7094697820691689     
  0.52000000000000002       -3.7558009018772562     
  0.52700000000000014       -3.8023076915672149     
  0.53400000000000025       -3.8489266169908927     
  0.54099999999999993       -3.8956288090686826     
  0.54800000000000004       -3.9424836888283004     
  0.55500000000000016       -3.9894810913983676     
  0.56199999999999983       -4.0365515613397314     
  0.56899999999999995       -4.0836151300933476     
  0.57600000000000007       -4.1306903435628328     
  0.58300000000000018       -4.1778359398515157     
  0.58999999999999986       -4.2249138729000695     
  0.59699999999999998       -4.2718588586987476     
  0.60400000000000009       -4.3187550435899293     
  0.61100000000000021       -4.3656082550984259     
  0.61799999999999988       -4.4123694994547336     
  0.62500000000000000       -4.4589630260428166     
  0.63200000000000012       -4.5054045611318134     
  0.63900000000000023       -4.5517040833391675     
  0.64599999999999991       -4.5976892820611859     
  0.65300000000000002       -4.6433798230328485     
  0.66000000000000014       -4.6889381458743831     
  0.66700000000000026       -4.7342330711531027     
  0.67399999999999993       -4.7791692932803134     
  0.68100000000000005       -4.8238014992635048     
  0.68800000000000017       -4.8680698884900355     
  0.69499999999999984       -4.9119163663617726     
  0.70199999999999996       -4.9553908200824797     
  0.70900000000000007       -4.9984491041500423     
  0.71600000000000019       -5.0410263793857286     
  0.72299999999999986       -5.0832087464700813     
  0.72999999999999998       -5.1249738110995988     
  0.73700000000000010       -5.1661952222788585     
  0.74400000000000022       -5.2068966449788281     
  0.75099999999999989       -5.2470985715715219     
  0.75800000000000001       -5.2867532956780998     
  0.76500000000000012       -5.3258727427972250     
  0.77200000000000024       -5.3644741666470708     
  0.77899999999999991       -5.4025194950631947     
  0.78600000000000003       -5.4399845197865266     
  0.79300000000000015       -5.4768477425194702     
  0.80000000000000027       -5.5130490018835232     
  0.80699999999999994       -5.5485829013480714     
  0.81400000000000006       -5.5834986268998268     
  0.82100000000000017       -5.6177894096335779     
  0.82799999999999985       -5.6514241895170851     
  0.83499999999999996       -5.6843693574193477     
  0.84200000000000008       -5.7166332085907028     
  0.84900000000000020       -5.7482153039806150     
  0.85599999999999987       -5.7790496061099539     
  0.86299999999999999       -5.8091482267774630     
  0.87000000000000011       -5.8385547703927170     
  0.87700000000000022       -5.8672001216361807     
  0.88399999999999990       -5.8950768620565395     
  0.89100000000000001       -5.9222471029044286     
  0.89800000000000013       -5.9486438975053195     
  0.90500000000000025       -5.9742161666407263     
  0.91199999999999992       -5.9990083597963029     
  0.91900000000000004       -6.0230255631638059     
  0.92600000000000016       -6.0462467672615690     
  0.93300000000000027       -6.0686520273227762     
  0.93999999999999995       -6.0902641232701651     
  0.94700000000000006       -6.1111201858642108     
  0.95400000000000018       -6.1311854236577146     
  0.96099999999999985       -6.1504314937221398     
  0.96799999999999997       -6.1688588060824792     
  0.97500000000000009       -6.1864762831806512     
  0.98200000000000021       -6.2033028409382007     
  0.98899999999999988       -6.2193663885168347     
  0.99600000000000000       -6.2346573544442698     
   1.0030000000000001       -6.2491444927664048     
   1.0100000000000002       -6.2627992854784749     
   1.0169999999999999       -6.2755999999999990     
   1.0240000000000000       -6.2875534906503363     
   1.0310000000000001       -6.2987570762995109     
   1.0380000000000003       -6.3092282009150455     
   1.0449999999999999       -6.3188756331859892     
   1.0520000000000000       -6.3277287947645338     
   1.0590000000000002       -6.3358247826519944     
   1.0660000000000003       -6.3431223615149763     
   1.0730000000000000       -6.3495825927318403     
   1.0800000000000001       -6.3551982098412321     
   1.0870000000000002       -6.3600278100322640     
   1.0939999999999999       -6.3640951566602455     
   1.1010000000000000       -6.3673891302041739     
   1.1080000000000001       -6.3699236177693743     
   1.1150000000000002       -6.3716814161956332     
   1.1219999999999999       -6.3726122465272761     
   1.1290000000000000       -6.3727740164077211     
   1.1360000000000001       -6.3722326472578930     
   1.1430000000000002       -6.3709761281877597     
   1.1499999999999999       -6.3689631364780412     
   1.1570000000000000       -6.3661697436565943     
   1.1640000000000001       -6.3626606768528342     
   1.1710000000000003       -6.3584928212264584     
   1.1779999999999999       -6.3536819801358071     
   1.1850000000000001       -6.3481620992332370     
   1.1920000000000002       -6.3419246370885070     
   1.1990000000000003       -6.3350556679770662     
   1.2060000000000000       -6.3275105928378714     
   1.2130000000000001       -6.3192642847211467     
   1.2200000000000002       -6.3104424924883018     
   1.2269999999999999       -6.3010014767715745     
   1.2340000000000000       -6.2908317574805936     
   1.2410000000000001       -6.2800229776830694     
   1.2480000000000002       -6.2686357390030985     
   1.2549999999999999       -6.2566508121339872     
   1.2620000000000000       -6.2440025602749056     
   1.2690000000000001       -6.2307144503515204     
   1.2760000000000002       -6.2169301147912215     
   1.2829999999999999       -6.2025747516036347     
   1.2900000000000000       -6.1875431843700817     
   1.2970000000000002       -6.1718972367844405     
   1.3040000000000003       -6.1556553400047811     
   1.3109999999999999       -6.1388306786418516     
   1.3180000000000001       -6.1215695068842066     
   1.3250000000000002       -6.1038141157284684     
   1.3319999999999999       -6.0853376567200748     
   1.3390000000000000       -6.0662990830303034     
   1.3460000000000001       -6.0468157875994910     
   1.3530000000000002       -6.0267512698302745     
   1.3599999999999999       -6.0061353978078227     
   1.3670000000000000       -5.9850978244401514     
   1.3740000000000001       -5.9637578118151708     
   1.3810000000000002       -5.9419681033634317     
   1.3879999999999999       -5.9195063162228614     
   1.3950000000000000       -5.8965770723744342     
   1.4020000000000001       -5.8732890798238326     
   1.4090000000000003       -5.8495484102418454     
   1.4159999999999999       -5.8253454018287130     
   1.4230000000000000       -5.8007619008879097     
   1.4300000000000002       -5.7759371136215689     
   1.4370000000000003       -5.7506908317231717     
   1.4440000000000000       -5.7248374237642654     
   1.4510000000000001       -5.6985951142375830     
   1.4580000000000002       -5.6720173607415258     
   1.4649999999999999       -5.6450397960382031     
   1.4720000000000000       -5.6178369325945701     
   1.4790000000000001       -5.5903668722116180     
   1.4860000000000002       -5.5623316559794844     
   1.4929999999999999       -5.5338179192111365     
   1.5000000000000000       -5.5049896837423580     
   1.5070000000000001       -5.4758663459375132     
   1.5140000000000002       -5.4463548829883344     
   1.5209999999999999       -5.4164492893609042     
   1.5280000000000000       -5.3864874496373369     
   1.5350000000000001       -5.3563349054389473     
   1.5420000000000003       -5.3255847917852499     
   1.5489999999999999       -5.2945157565115650     
   1.5560000000000000       -5.2632502321355297     
   1.5630000000000002       -5.2315710335128198     
   1.5700000000000003       -5.1997931894308724     
   1.5770000000000000       -5.1680563735627603     
   1.5840000000000001       -5.1358300139934556     
   1.5910000000000002       -5.1031572394525142     
   1.5979999999999999       -5.0703512417081296     
   1.6050000000000000       -5.0373649848469224     
   1.6120000000000001       -5.0041521514223621     
   1.6190000000000002       -4.9707554219234149     
   1.6259999999999999       -4.9373439409681836     
   1.6330000000000000       -4.9038584900391555     
   1.6400000000000001       -4.8699652581623019     
   1.6470000000000002       -4.8357926101075464     
   1.6539999999999999       -4.8015118796838427     
   1.6610000000000000       -4.7669991572049248     
   1.6680000000000001       -4.7324563198095309     
   1.6750000000000003       -4.6980781369566174     
   1.6819999999999999       -4.6633946231983634     
   1.6890000000000001       -4.6283092165120303     
   1.6960000000000002       -4.5931390911334633     
   1.7030000000000003       -4.5578957560302422     
   1.7100000000000000       -4.5225024217441234     
   1.7170000000000001       -4.4869286743572490     
   1.7240000000000002       -4.4513995948695708     
   1.7309999999999999       -4.4159961783764574     
   1.7380000000000000       -4.3803048830262954     
   1.7450000000000001       -4.3443277091939674     
   1.7520000000000002       -4.3082846888587465     
   1.7589999999999999       -4.2720529090072716     
   1.7660000000000000       -4.2357797301696483     
   1.7730000000000001       -4.1997947473762203     
   1.7800000000000002       -4.1636498333266321     
   1.7869999999999999       -4.1270800441351607     
   1.7940000000000000       -4.0904305072185458     
   1.8010000000000002       -4.0537588562078994     
   1.8080000000000003       -4.0169870120906648     
   1.8149999999999999       -3.9801127767764259     
   1.8220000000000001       -3.9433031739944937     
   1.8290000000000002       -3.9066902523671576     
   1.8360000000000003       -3.8699238399312690     
   1.8430000000000000       -3.8329050869610386     
   1.8500000000000001       -3.7958710772492581     
   1.8570000000000002       -3.7588201424328291     
   1.8639999999999999       -3.7218339646323142     
   1.8710000000000000       -3.6851929008991533     
   1.8780000000000001       -3.6486072152336031     
   1.8850000000000002       -3.6117521616701942     
   1.8919999999999999       -3.5749252453738318     
   1.8990000000000000       -3.5382537194933343     
   1.9060000000000001       -3.5016606654886515     
   1.9130000000000003       -3.4650729488578587     
   1.9199999999999999       -3.4286370827048813     
   1.9270000000000000       -3.3926299664938897     
   1.9340000000000002       -3.3566942832393805     
   1.9410000000000003       -3.3205877585275450     
   1.9480000000000000       -3.2846122665636015     
   1.9550000000000001       -3.2487685224000060     
   1.9620000000000002       -3.2130122315740097     
   1.9689999999999999       -3.1776446449182729     
   1.9760000000000000       -3.1425000000000001     
   1.9830000000000001       -3.1071701479934601     
   1.9900000000000002       -3.0719397706484255     
   1.9969999999999999       -3.0369816373612344     
   2.0040000000000004       -3.0021405369305336     
   2.0110000000000001       -2.9673766621695856     
   2.0179999999999998       -2.9328031232244167     
   2.0250000000000004       -2.8986626893907208     
   2.0320000000000000       -2.8647321430757424     
   2.0389999999999997       -2.8307213184787181     
   2.0460000000000003       -2.7968894450484711     
   2.0529999999999999       -2.7632796157321673     
   2.0600000000000005       -2.7297682285177580     
   2.0670000000000002       -2.6966475494500832     
   2.0739999999999998       -2.6639108618459071     
   2.0810000000000004       -2.6311214421829612     
   2.0880000000000001       -2.5984206790006712     
   2.0949999999999998       -2.5660307023739519     
   2.1020000000000003       -2.5338541299246362     
   2.1090000000000000       -2.5018520927127006     
   2.1159999999999997       -2.4700890403569913     
   2.1230000000000002       -2.4387438434362743     
   2.1299999999999999       -2.4077271910965079     
   2.1370000000000005       -2.3767669609625637     
   2.1440000000000001       -2.3459312253181284     
   2.1509999999999998       -2.3153465272011533     
   2.1580000000000004       -2.2850666250186151     
   2.1650000000000000       -2.2550171888088926     
   2.1719999999999997       -2.2252019360225388     
   2.1790000000000003       -2.1958501190387425     
   2.1859999999999999       -2.1668133601185557     
   2.1930000000000005       -2.1378220813056661     
   2.2000000000000002       -2.1090302773061631     
   2.2069999999999999       -2.0805217796912698     
   2.2140000000000004       -2.0522687318277089     
   2.2210000000000001       -2.0244075084776449     
   2.2279999999999998       -1.9969519918547263     
   2.2350000000000003       -1.9696973010695018     
   2.2420000000000000       -1.9426140114290171     
   2.2489999999999997       -1.9157899200526445     
   2.2560000000000002       -1.8893543675590183     
   2.2629999999999999       -1.8632411428222895     
   2.2700000000000005       -1.8373634930327658     
   2.2770000000000001       -1.8119987540448892     
   2.2839999999999998       -1.7871223643731269     
   2.2910000000000004       -1.7624128912800656     
   2.2980000000000000       -1.7379562814377172     
   2.3049999999999997       -1.7138622357795270     
   2.3120000000000003       -1.6900925935466198     
   2.3190000000000000       -1.6667864998401742     
   2.3260000000000005       -1.6440082675355485     
   2.3330000000000002       -1.6214689984894588     
   2.3399999999999999       -1.5991509660546070     
   2.3470000000000004       -1.5772260844058561     
   2.3540000000000001       -1.5556978661961431     
   2.3609999999999998       -1.5345044295710444     
   2.3680000000000003       -1.5135959975749800     
   2.3750000000000000       -1.4931438781240911     
   2.3819999999999997       -1.4731862287795441     
   2.3890000000000002       -1.4534650867228200     
   2.3959999999999999       -1.4339840649167988     
   2.4030000000000005       -1.4148532717115185     
   2.4100000000000001       -1.3960758093128434     
   2.4169999999999998       -1.3776802602516982     
   2.4240000000000004       -1.3596891390256967     
   2.4310000000000000       -1.3419890046452352     
   2.4379999999999997       -1.3245255561327651     
   2.4450000000000003       -1.3073456693396790     
   2.4520000000000000       -1.2904690958917464     
   2.4590000000000005       -1.2738689634721290     
   2.4660000000000002       -1.2574787728038015     
   2.4729999999999999       -1.2414024213983317     
   2.4800000000000004       -1.2257326306066003     
   2.4870000000000001       -1.2102988351198936     
   2.4939999999999998       -1.1950000000000012     
   2.5010000000000003       -1.1798503007645222     
   2.5080000000000000       -1.1649543393930308     
   2.5149999999999997       -1.1503621637912191     
   2.5220000000000002       -1.1360268223822272     
   2.5289999999999999       -1.1218706917202508     
   2.5360000000000005       -1.1078629912706299     
   2.5430000000000001       -1.0940668945500944     
   2.5499999999999998       -1.0804579626159632     
   2.5570000000000004       -1.0669963432189380     
   2.5640000000000001       -1.0537540632182165     
   2.5709999999999997       -1.0407832392692045     
   2.5780000000000003       -1.0280685730448424     
   2.5850000000000000       -1.0154578923237572     
   2.5920000000000005       -1.0029268454969322     
   2.5990000000000002      -0.99063076727207311     
   2.6059999999999999      -0.97851340399242703     
   2.6130000000000004      -0.96652738659645498     
   2.6200000000000001      -0.95480008036854414     
   2.6269999999999998      -0.94325826630522769     
   2.6340000000000003      -0.93176728668421460     
   2.6410000000000000      -0.92040974665371167     
   2.6479999999999997      -0.90922596808056355     
   2.6550000000000002      -0.89818257189683171     
   2.6619999999999999      -0.88726194745663933     
   2.6690000000000005      -0.87649539428909107     
   2.6760000000000002      -0.86595003847707219     
   2.6829999999999998      -0.85553150826837654     
   2.6900000000000004      -0.84515464987694588     
   2.6970000000000001      -0.83489326078404436     
   2.7039999999999997      -0.82475454173546958     
   2.7110000000000003      -0.81472124883622632     
   2.7180000000000000      -0.80487168403532006     
   2.7250000000000005      -0.79517139093790867     
   2.7320000000000002      -0.78549337285618193     
   2.7389999999999999      -0.77587943335933107     
   2.7460000000000004      -0.76638129346052086     
   2.7530000000000001      -0.75698561335660242     
   2.7599999999999998      -0.74766911286195059     
   2.7670000000000003      -0.73844001490343503     
   2.7740000000000000      -0.72936910637744834     
   2.7809999999999997      -0.72040860079057745     
   2.7880000000000003      -0.71146637734750362     
   2.7949999999999999      -0.70259363513991480     
   2.8020000000000005      -0.69382683347931584     
   2.8090000000000002      -0.68515468016302017     
   2.8159999999999998      -0.67656243058814325     
   2.8230000000000004      -0.66806976738580193     
   2.8300000000000001      -0.65973390096965434     
   2.8369999999999997      -0.65149049948277926     
   2.8440000000000003      -0.64327123428369526     
   2.8510000000000000      -0.63513564767904795     
   2.8580000000000005      -0.62709701871425794     
   2.8650000000000002      -0.61914177887386501     
   2.8719999999999999      -0.61132673221335743     
   2.8790000000000004      -0.60363596856298574     
   2.8860000000000001      -0.59597915237139487     
   2.8929999999999998      -0.58838335979598644     
   2.9000000000000004      -0.58089046273016998     
   2.9070000000000000      -0.57349533163167077     
   2.9139999999999997      -0.56618100614824807     
   2.9210000000000003      -0.55895258394428582     
   2.9279999999999999      -0.55187107936871471     
   2.9350000000000005      -0.54490066142532734     
   2.9420000000000002      -0.53795879212761621     
   2.9489999999999998      -0.53109378470723301     
   2.9560000000000004      -0.52433329215482227     
   2.9630000000000001      -0.51765496866461103     
   2.9699999999999998      -0.51109993732927639     
   2.9770000000000003      -0.50467467583416692     
   2.9840000000000000      -0.49829569891872683     
   2.9910000000000005      -0.49197267368362485     
   2.9980000000000002      -0.48575376882724769     
   3.0049999999999999      -0.47963511383451318     
   3.0120000000000005      -0.47359999999999974     
   3.0190000000000001      -0.46764201340506650     
   3.0259999999999998      -0.46180804018391763     
   3.0330000000000004      -0.45609276103580743     
   3.0400000000000000      -0.45042480050045497     
   3.0469999999999997      -0.44481601317040598     
   3.0540000000000003      -0.43929224914551024     
   3.0609999999999999      -0.43384474625576375     
   3.0680000000000005      -0.42850035221284843     
   3.0750000000000002      -0.42327654309145135     
   3.0819999999999999      -0.41810529997758417     
   3.0890000000000004      -0.41297544124375241     
   3.0960000000000001      -0.40792896580624682     
   3.1029999999999998      -0.40296136769876933     
   3.1100000000000003      -0.39806279797923927     
   3.1170000000000000      -0.39323643791317425     
   3.1239999999999997      -0.38850318428197350     
   3.1310000000000002      -0.38386306306497692     
   3.1379999999999999      -0.37926745745461082     
   3.1450000000000005      -0.37471822609598310     
   3.1520000000000001      -0.37024005461397086     
   3.1589999999999998      -0.36582059412236323     
   3.1660000000000004      -0.36147397319049007     
   3.1730000000000000      -0.35722819101506526     
   3.1799999999999997      -0.35303418935487096     
   3.1870000000000003      -0.34886689257830583     
   3.1940000000000000      -0.34476142090520545     
   3.2010000000000005      -0.34072186030311191     
   3.2080000000000002      -0.33673623471330039     
   3.2149999999999999      -0.33279525640808771     
   3.2220000000000004      -0.32892170779551044     
   3.2290000000000001      -0.32513579264803155     
   3.2359999999999998      -0.32138678423489581     
   3.2430000000000003      -0.31766381526588905     
   3.2500000000000000      -0.31399999913564813     
   3.2569999999999997      -0.31038106723996450     
   3.2640000000000002      -0.30680635840939874     
   3.2709999999999999      -0.30330925737987124     
   3.2780000000000005      -0.29986176828875799     
   3.2850000000000001      -0.29643308482367597     
   3.2919999999999998      -0.29305107591967705     
   3.2990000000000004      -0.28972079748885193     
   3.3060000000000000      -0.28642878040798736     
   3.3129999999999997      -0.28317408925201093     
   3.3200000000000003      -0.27997122943709929     
   3.3270000000000000      -0.27683843398255437     
   3.3340000000000005      -0.27374552337736902     
   3.3410000000000002      -0.27067164128220933     
   3.3479999999999999      -0.26763378543731114     
   3.3550000000000004      -0.26463618820756318     
   3.3620000000000001      -0.26168278053624983     
   3.3689999999999998      -0.25879296570668386     
   3.3760000000000003      -0.25594895078277402     
   3.3830000000000000      -0.25311717899103542     
   3.3899999999999997      -0.25031323455980148     
   3.3970000000000002      -0.24755261536875495     
   3.4039999999999999      -0.24483530906371792     
   3.4110000000000005      -0.24214754555361931     
   3.4180000000000001      -0.23949281246844695     
   3.4249999999999998      -0.23690223617157152     
   3.4320000000000004      -0.23434886775136465     
   3.4390000000000001      -0.23179892158584184     
   3.4459999999999997      -0.22928058775847077     
   3.4530000000000003      -0.22680488480759287     
   3.4600000000000000      -0.22436133516604453     
   3.4670000000000005      -0.22194016177565684     
   3.4740000000000002      -0.21955270290243467     
   3.4809999999999999      -0.21722438947023393     
   3.4880000000000004      -0.21492163705900300     
   3.4950000000000001      -0.21262181100387678     
   3.5019999999999998      -0.21035644675400694     
   3.5090000000000003      -0.20812159267473956     
   3.5160000000000000      -0.20590613569920330     
   3.5229999999999997      -0.20373890518308835     
   3.5300000000000002      -0.20161035437489855     
   3.5369999999999999      -0.19948606317585560     
   3.5440000000000005      -0.19738316543104550     
   3.5510000000000002      -0.19531311750466035     
   3.5579999999999998      -0.19326548172183572     
   3.5650000000000004      -0.19124481060877249     
   3.5720000000000001      -0.18925879654366445     
   3.5789999999999997      -0.18730781212589451     
   3.5860000000000003      -0.18538034017250160     
   3.5930000000000000      -0.18346665286406122     
   3.6000000000000005      -0.18158001971086338     
   3.6070000000000002      -0.17972274336520103     
   3.6139999999999999      -0.17788737236728575     
   3.6210000000000004      -0.17608229249774027     
   3.6280000000000001      -0.17430755755400296     
   3.6349999999999998      -0.17254908201882763     
   3.6420000000000003      -0.17081001289460643     
   3.6490000000000000      -0.16909722222004486     
   3.6559999999999997      -0.16740932949134588     
   3.6630000000000003      -0.16574452315550167     
   3.6699999999999999      -0.16410351902540937     
   3.6770000000000005      -0.16249257868955669     
   3.6840000000000002      -0.16090980999344215     
   3.6909999999999998      -0.15934571001322700     
   3.6980000000000004      -0.15779590738988908     
   3.7050000000000001      -0.15626344486610486     
   3.7119999999999997      -0.15475869116313512     
   3.7190000000000003      -0.15328642672237175     
   3.7260000000000000      -0.15184225314782038     
   3.7330000000000005      -0.15040987538137554     
   3.7400000000000002      -0.14898916163303455     
   3.7469999999999999      -0.14759014625456202     
   3.7540000000000004      -0.14621630559941046     
   3.7610000000000001      -0.14486573459045898     
   3.7679999999999998      -0.14353418924015632     
   3.7750000000000004      -0.14222568785490117     
   3.7820000000000000      -0.14094105278393707     
   3.7889999999999997      -0.13967335195388367     
   3.7960000000000003      -0.13842072533476296     
   3.8029999999999999      -0.13718452078537144     
   3.8100000000000005      -0.13596714115311501     
   3.8170000000000002      -0.13477242369623085     
   3.8239999999999998      -0.13360192419705993     
   3.8310000000000004      -0.13244666792700677     
   3.8380000000000001      -0.13130345543728139     
   3.8449999999999998      -0.13017687120067808     
   3.8520000000000003      -0.12906716007808144     
   3.8590000000000000      -0.12797330738105639     
   3.8660000000000005      -0.12689512030279715     
   3.8730000000000002      -0.12583447645743034     
   3.8799999999999999      -0.12479237356270301     
   3.8870000000000005      -0.12376550428028382     
   3.8940000000000001      -0.12275117750729948     
   3.9009999999999998      -0.12174855885152447     
   3.9080000000000004      -0.12076010263912244     
   3.9150000000000000      -0.11978957847309737     
   3.9219999999999997      -0.11883906408658171     
   3.9290000000000003      -0.11789771964858467     
   3.9359999999999999      -0.11696139878536582     
   3.9430000000000005      -0.11604301731936863     
   3.9500000000000002      -0.11513809397983826     
   3.9569999999999999      -0.11423875007578620     
   3.9640000000000004      -0.11335439700555253     
   3.9710000000000001      -0.11248772091696116     
   3.9779999999999998      -0.11163390518274140     
   3.9850000000000003      -0.11078840329827981     
   3.9920000000000000      -0.10994928995878836     
   3.9990000000000006      -0.10911785486167182     
   4.0060000000000002      -0.10829653213858351     
   4.0129999999999999      -0.10748817193073629     
   4.0200000000000005      -0.10669474300644421     
   4.0270000000000001      -0.10590897200292040     
   4.0339999999999998      -0.10512448074043527     
   4.0410000000000004      -0.10435104898269675     
   4.0480000000000000      -0.10359079834172363     
   4.0549999999999997      -0.10283797930673430     
   4.0620000000000003      -0.10209163777468466     
   4.0690000000000000      -0.10135459442609350     
   4.0760000000000005      -0.10063126007308265     
   4.0830000000000002       -9.9916580365700447E-002
   4.0899999999999999       -9.9205964818796843E-002
   4.0970000000000004       -9.8502653106619445E-002
   4.1040000000000001       -9.7806775387606404E-002
   4.1109999999999998       -9.7118036815448935E-002
   4.1180000000000003       -9.6441479857497764E-002
   4.1250000000000000       -9.5774524613412571E-002
   4.1320000000000006       -9.5109379187014315E-002
   4.1390000000000002       -9.4449486870745475E-002
   4.1459999999999999       -9.3798128185611937E-002
   4.1530000000000005       -9.3153939701588653E-002
   4.1600000000000001       -9.2515362529937223E-002
   4.1669999999999998       -9.1883308919333315E-002
   4.1740000000000004       -9.1262675225352738E-002
   4.1810000000000000       -9.0649486024441922E-002
   4.1879999999999997       -9.0037135597047624E-002
   4.1950000000000003       -8.9429204090324482E-002
   4.2020000000000000       -8.8828148963827694E-002
   4.2090000000000005       -8.8233296230139424E-002
   4.2160000000000002       -8.7643424592165911E-002
   4.2229999999999999       -8.7059636734228868E-002
   4.2300000000000004       -8.6485351463662014E-002
   4.2370000000000001       -8.5916018248401685E-002
   4.2439999999999998       -8.5347276953262413E-002
   4.2510000000000003       -8.4782781860672229E-002
   4.2580000000000000       -8.4223140188862428E-002
   4.2650000000000006       -8.3667745049779169E-002
   4.2720000000000002       -8.3120837335030964E-002
   4.2789999999999999       -8.2580332203681106E-002
   4.2860000000000005       -8.2038903401294702E-002
   4.2930000000000001       -8.1499839434975824E-002
   4.2999999999999998       -8.0966368668488609E-002
   4.3070000000000004       -8.0436392535787132E-002
   4.3140000000000001       -7.9908581296482928E-002
   4.3209999999999997       -7.9384011208068844E-002
   4.3280000000000003       -7.8867201584444879E-002
   4.3350000000000000       -7.8355025463030137E-002
   4.3420000000000005       -7.7841239089500358E-002
   4.3490000000000002       -7.7328994275202040E-002
   4.3559999999999999       -7.6819821077286063E-002
   4.3630000000000004       -7.6312690089377064E-002
   4.3700000000000001       -7.5811039882741363E-002
   4.3769999999999998       -7.5314724806680194E-002
   4.3840000000000003       -7.4816587791090045E-002
   4.3910000000000000       -7.4317652612930052E-002
   4.3980000000000006       -7.3821694391071863E-002
   4.4050000000000002       -7.3327905151364101E-002
   4.4119999999999999       -7.2834913885726618E-002
   4.4190000000000005       -7.2342587504278771E-002
   4.4260000000000002       -7.1854822131796017E-002
   4.4329999999999998       -7.1370434535642305E-002
   4.4400000000000004       -7.0883009573098829E-002
   4.4470000000000001       -7.0394731643702274E-002
   4.4539999999999997       -6.9908106811048434E-002
   4.4610000000000003       -6.9421130802887435E-002
   4.4680000000000000       -6.8936104546284044E-002
   4.4750000000000005       -6.8454718237173764E-002
   4.4820000000000002       -6.7970918194688631E-002
   4.4889999999999999       -6.7483999999999988E-002
   4.4960000000000004       -6.6997683107044431E-002
   4.5030000000000001       -6.6511647628786266E-002
   4.5099999999999998       -6.6024696968912069E-002
   4.5170000000000003       -6.5536500835722267E-002
   4.5240000000000000       -6.5050731464678338E-002
   4.5309999999999997       -6.4568161919668396E-002
   4.5380000000000003       -6.4082497354741627E-002
   4.5449999999999999       -6.3594253212905349E-002
   4.5520000000000005       -6.3106818737042172E-002
   4.5590000000000002       -6.2619395604379485E-002
   4.5659999999999998       -6.2133898122119093E-002
   4.5730000000000004       -6.1653213455117352E-002
   4.5800000000000001       -6.1172056453064033E-002
   4.5869999999999997       -6.0687989604085973E-002
   4.5940000000000003       -6.0204691014542275E-002
   4.6010000000000000       -5.9723453752575387E-002
   4.6080000000000005       -5.9243736072567700E-002
   4.6150000000000002       -5.8764164200687377E-002
   4.6219999999999999       -5.8287932452295327E-002
   4.6290000000000004       -5.7817637002138711E-002
   4.6360000000000001       -5.7346343002949163E-002
   4.6429999999999998       -5.6873221016332083E-002
   4.6500000000000004       -5.6403344663818356E-002
   4.6570000000000000       -5.5935787965650983E-002
   4.6639999999999997       -5.5470758936518288E-002
   4.6710000000000003       -5.5011441233597996E-002
   4.6779999999999999       -5.4554422984319298E-002
   4.6850000000000005       -5.4096571061304846E-002
   4.6920000000000002       -5.3641195069072813E-002
   4.6989999999999998       -5.3189391707442468E-002
   4.7060000000000004       -5.2740324558219621E-002
   4.7130000000000001       -5.2293478647316427E-002
   4.7199999999999998       -5.1851050322161266E-002
   4.7270000000000003       -5.1416040918749607E-002
   4.7340000000000000       -5.0983253543549142E-002
   4.7410000000000005       -5.0550304867225435E-002
   4.7480000000000002       -5.0121784379239642E-002
   4.7549999999999999       -4.9697200701748864E-002
   4.7620000000000005       -4.9275859247266393E-002
   4.7690000000000001       -4.8861774162134636E-002
   4.7759999999999998       -4.8452630137255356E-002
   4.7830000000000004       -4.8043563914262510E-002
   4.7900000000000000       -4.7637185307479034E-002
   4.7969999999999997       -4.7235265898275779E-002
   4.8040000000000003       -4.6837052432044834E-002
   4.8109999999999999       -4.6441777130505686E-002
   4.8180000000000005       -4.6050492004419658E-002
   4.8250000000000002       -4.5666136762993532E-002
   4.8319999999999999       -4.5285220329875253E-002
   4.8390000000000004       -4.4904266364184001E-002
   4.8460000000000001       -4.4526522814513012E-002
   4.8529999999999998       -4.4153065145683193E-002
   4.8600000000000003       -4.3782722752618068E-002
   4.8670000000000000       -4.3414917371403697E-002
   4.8740000000000006       -4.3051042682898027E-002
   4.8810000000000002       -4.2693383092843075E-002
   4.8879999999999999       -4.2338420545105088E-002
   4.8950000000000005       -4.1983806371066433E-002
   4.9020000000000001       -4.1632051938778461E-002
   4.9089999999999998       -4.1283403614769745E-002
   4.9160000000000004       -4.0937806233256865E-002
   4.9230000000000000       -4.0597643673295131E-002
   4.9299999999999997       -4.0261195744325164E-002
   4.9370000000000003       -3.9924772915341050E-002
   4.9440000000000000       -3.9590317875586284E-002
   4.9510000000000005       -3.9259332527807889E-002
   4.9580000000000002       -3.8931235172818171E-002
   4.9649999999999999       -3.8605513770831795E-002
   4.9720000000000004       -3.8282778149328067E-002
   4.9790000000000001       -3.7964976859012511E-002
   4.9859999999999998       -3.7650016291248159E-002
   4.9930000000000003       -3.7335310909299049E-002
