Name,Degree,Closeness,Betweenness
AERON,0.028368794326241134,0.27451619411207845,0.0
AERYS,0.0070921985815602835,0.29588184129532985,0.0
ALLISER_THORNE,0.06382978723404255,0.3001289490651193,7.526414821247646e-05
AREO,0.028368794326241134,0.19602171985815606,0.0
ARTHUR,0.028368794326241134,0.2897318723076671,0.0
ARTHUR_CHILD,0.0070921985815602835,0.24172235204088605,0.0
ARYA,0.12056737588652482,0.404690002287806,0.03303032217105966
BALON,0.028368794326241134,0.27451619411207845,0.0
BELICHO,0.04964539007092199,0.3089997554414282,0.0
BENJEN,0.04964539007092199,0.291753257463302,0.0006885833405590239
BERIC,0.02127659574468085,0.03159252095422308,0.0
BIANCA,0.0851063829787234,0.3884021693783897,0.003530031346980636
BLACK_WALDER,0.0425531914893617,0.29588184129532985,0.0
BOBONO,0.09219858156028368,0.38960838729571384,0.003882108347993805
BOWEN_MARSH,0.05673758865248227,0.2994126508573266,0.0
BRAN,0.12056737588652482,0.3657548125633232,0.06337530003783402
BRIENNE,0.0851063829787234,0.395753629997539,0.020221356268736553
BRONN,0.04964539007092199,0.31363475177304967,0.0012408508422035785
BRYNDEN,0.07801418439716312,0.3574185205390879,0.033754525535551916
CAMELLO,0.06382978723404255,0.35946676420979906,0.00022402341551277721
CATELYN,0.035460992907801414,0.3615386187585587,0.008060918498092458
CERSEI,0.19148936170212766,0.4181796690307329,0.11721858119776944
CLARENZO,0.0851063829787234,0.3767384405682278,0.0010937095663539425
DAARIO,0.035460992907801414,0.24990816874346586,6.754474839581222e-05
DAENERYS,0.1276595744680851,0.3354382371904274,0.08319682522132983
DAVOS,0.1631205673758865,0.36682427107959026,0.023022843120090446
DICKON,0.035460992907801414,0.23232203835040716,0.0
DIM_DALBA,0.035460992907801414,0.3399834707566934,0.0
EDDISON_TOLLETT,0.0851063829787234,0.3475177304964539,0.004206562330834862
DOM,0.014184397163120567,0.2619079346747805,0.0
DORAN,0.035460992907801414,0.19632848311302015,0.0001519756838905775
DOSH_KHALEEN_LEADER,0.028368794326241134,0.24941133341793212,0.0
DROGO,0.014184397163120567,0.2484235657608314,0.0
EDMURE,0.07092198581560283,0.30598512368102404,0.01705814111589188
ELLARIA,0.05673758865248227,0.24550665500825802,0.032573454913880445
EURON,0.028368794326241134,0.27451619411207845,0.0
FLYNN,0.02127659574468085,0.028959810874704495,0.0
GATINS,0.0070921985815602835,0.023167848699763596,0.0
GILLY,0.04964539007092199,0.23318568905059453,0.0002735562310030395
GLOVER,0.0425531914893617,0.34090733888374963,0.0007949574628905934
GREY_WORM,0.06382978723404255,0.32755587652537826,0.0009084165581126065
GUARD_CAPTAIN,0.014184397163120567,0.2619079346747805,0.0
HARALD,0.04964539007092199,0.3475177304964539,0.0
HIGH_SPARROW,0.07092198581560283,0.31363475177304967,0.0008234099571485584
HODOR,0.06382978723404255,0.2931165904421025,0.002153039744225156
HOSTER,0.0070921985815602835,0.2314647614561252,0.0
HOUND,0.035460992907801414,0.038613081166272656,0.0007092198581560283
HOWLAND,0.028368794326241134,0.2897318723076671,0.0
IZEMBARO,0.09219858156028368,0.38960838729571384,0.0032277423394844614
JAIME,0.1702127659574468,0.4140392762680523,0.13044955131298
JAQEN,0.02127659574468085,0.3037624714508955,0.0006913338310314794
JEOR,0.0070921985815602835,0.2931165904421025,0.0
JOFFREY,0.07092198581560283,0.37448925584841747,3.546099290780141e-05
JON,0.21985815602836878,0.4238307456392563,0.19134542283724257
JORAH,0.035460992907801414,0.24990816874346586,6.754474839581222e-05
KEVAN,0.07092198581560283,0.3144208037825059,0.0006306990881458968
KHAL_MORO,0.028368794326241134,0.24941133341793212,0.00010131712259371833
KINVARA,0.02127659574468085,0.3052406343290021,0.0
KRAZNYS_MO_NAKLOZ,0.0070921985815602835,0.24407373678836553,0.0
LADY_CRANE,0.09929078014184398,0.3790148057680358,0.0063256248408624025
LANCEL,0.04964539007092199,0.29518564872757613,0.00030395136778115493
LEAF,0.035460992907801414,0.2663564770896388,0.0
LEM,0.0425531914893617,0.04343971631205674,0.0007092198581560283
LHAZAREEN_WOMAN,0.028368794326241134,0.24941133341793212,0.0
LITTLE_SAM,0.035460992907801414,0.23232203835040716,0.0
LITTLEFINGER,0.07092198581560283,0.3504298902492175,0.002977270955994359
LORAS,0.06382978723404255,0.31285262022249344,0.0004318039272446568
LOTHAR,0.0425531914893617,0.29588184129532985,0.0
LYANNA,0.035460992907801414,0.2904025479380089,0.0
LYANNA_MORMONT,0.07092198581560283,0.3514114865804478,0.002217867267259365
MACE,0.06382978723404255,0.31285262022249344,0.0004833067978964634
MAESTER_AEMON,0.0070921985815602835,0.23061378806841887,0.0
MAESTER_CITADEL,0.014184397163120567,0.2310384911772005,0.0
MAESTER_DORNE,0.028368794326241134,0.19602171985815606,0.0
MAESTER_MORMONT,0.028368794326241134,0.33815067576609126,0.0
MAESTER_WOLKAN,0.028368794326241134,0.26806389040431594,0.00010131712259371833
MANCE,0.0070921985815602835,0.264113475177305,0.0
MANDERLY,0.028368794326241134,0.31521080580205996,2.0263424518743667e-05
MARGAERY,0.12056737588652482,0.3995347156344582,0.04393195568747484
MEERA,0.04964539007092199,0.2674923256060125,0.000121580547112462
MELESSA,0.0425531914893617,0.2327530625402966,2.0263424518743667e-05
MELISANDRE,0.09219858156028368,0.3574185205390879,0.005856116974124557
MINISA,0.0070921985815602835,0.25973892486380923,0.0
MISSANDEI,0.07092198581560283,0.32841335264193683,0.014282276740483425
MORGAN,0.02127659574468085,0.028959810874704495,0.0
MOUNTAIN,0.0070921985815602835,0.2904025479380089,0.0
MYRANDA,0.014184397163120567,0.26692319299834016,0.0
MYRCELLA,0.02127659574468085,0.3015718767048554,0.0
NED,0.1631205673758865,0.40599967867061443,0.11267022269017846
NIGHT_KING,0.035460992907801414,0.2663564770896388,0.0
NYMERIA,0.035460992907801414,0.24407373678836553,0.006636271529888551
OBARA,0.035460992907801414,0.24407373678836553,0.006636271529888551
OBERYN,0.014184397163120567,0.19541106029473498,0.0
OLD_NAN,0.035460992907801414,0.2904025479380089,0.0005112783760200171
OLENNA,0.09929078014184398,0.32085396600823496,0.11357549660741148
OLLY,0.05673758865248227,0.2994126508573266,0.0
OSHA,0.014184397163120567,0.26692319299834016,0.0
OTHELL_YARWYCK,0.05673758865248227,0.2994126508573266,0.0
PODRICK,0.07092198581560283,0.3920434397163121,0.020361699495664128
PYCELLE,0.04964539007092199,0.31207437987368125,0.0004584599797365756
QYBURN,0.05673758865248227,0.3241702860703356,0.016761390135250315
RAMSAY,0.1347517730496454,0.3700705035670202,0.05948133293584903
RANDYLL,0.0425531914893617,0.2327530625402966,2.0263424518743667e-05
RAY,0.028368794326241134,0.03475177304964539,0.00020263424518743666
RAZDAL,0.04964539007092199,0.3089997554414282,0.0
RED_PRIEST,0.02127659574468085,0.3052406343290021,0.0
RICKARD_KARSTARK,0.028368794326241134,0.26806389040431594,3.377237419790611e-05
RICKARD_STARK,0.0070921985815602835,0.2844759653270291,0.0
RICKON,0.06382978723404255,0.36469157182912754,0.004305714201130932
ROBB,0.06382978723404255,0.37226676768314504,0.01770034447138232
ROBERT,0.0425531914893617,0.33633753541345807,0.0018226032367769686
ROBETT,0.0425531914893617,0.3504298902492175,0.0006869260706646725
ROBIN,0.02127659574468085,0.32250360079490964,0.0
RODRIK,0.02127659574468085,0.28906428734843287,0.0
ROOSE_BOLTON,0.04964539007092199,0.345603032256804,0.011936116141353285
SAM,0.06382978723404255,0.30449975900296083,0.10229989868287741
SANSA,0.2836879432624113,0.48437799501629286,0.2626236959730493
SEPTA_UNELLA,0.035460992907801414,0.2994126508573266,0.0001688618709895305
SHIREEN,0.0070921985815602835,0.26467067660172966,0.0
SMALLJON,0.09219858156028368,0.35339126960343625,0.009558894178776173
SON_OF_EDMURE,0.02127659574468085,0.3030287456744441,0.0007393372135013473
SON_OFWALDA,0.014184397163120567,0.26692319299834016,0.0
STANNIS,0.04964539007092199,0.36469157182912754,0.011644353350051729
TALLA,0.0425531914893617,0.2327530625402966,2.0263424518743667e-05
THEON,0.09219858156028368,0.3824814046012801,0.08571227424763354
THOROS,0.02127659574468085,0.03159252095422308,0.0
THREE_EYED_RAVEN,0.07801418439716312,0.2944927246695302,0.00272717010558956
TOMMEN,0.07092198581560283,0.3144208037825059,0.0011516379601485987
TORMUND,0.14893617021276595,0.3657548125633232,0.021952495277606197
TRYSTANE,0.014184397163120567,0.19450217164220135,0.0
TYENE,0.04964539007092199,0.24502714982269505,0.01945288753799392
TYRION,0.18439716312056736,0.4296366462644516,0.14853156113828941
TYWIN,0.0425531914893617,0.36790000207982365,0.0
VALA,0.02127659574468085,0.26579216251953364,0.00035460992907801415
VARYS,0.11347517730496454,0.36049971468166625,0.04957701150894054
WAIF,0.02127659574468085,0.28642443084296776,7.345491388044578e-05
WALDA,0.02127659574468085,0.2674923256060125,5.0658561296859166e-05
WALDER,0.05673758865248227,0.33188862621486737,0.005682760628691518
WUN_WUN,0.07801418439716312,0.3514114865804478,0.0012572574937263258
YARA,0.06382978723404255,0.32755587652537826,0.00765483334632271
YEZZAN,0.04964539007092199,0.3089997554414282,0.0
YOHN_ROYCE,0.02127659574468085,0.32250360079490964,0.0
