  -2.0000000000000000        0.0000000000000000     
  -1.9930000000000001        0.0000000000000000     
  -1.9860000000000000        0.0000000000000000     
  -1.9790000000000001        0.0000000000000000     
  -1.9720000000000000        0.0000000000000000     
  -1.9650000000000001        0.0000000000000000     
  -1.9580000000000000        0.0000000000000000     
  -1.9510000000000001        0.0000000000000000     
  -1.9440000000000000        0.0000000000000000     
  -1.9370000000000001        0.0000000000000000     
  -1.9299999999999999        0.0000000000000000     
  -1.9230000000000000        0.0000000000000000     
  -1.9159999999999999        0.0000000000000000     
  -1.9090000000000000        0.0000000000000000     
  -1.9019999999999999        0.0000000000000000     
  -1.8950000000000000        0.0000000000000000     
  -1.8879999999999999        0.0000000000000000     
  -1.8810000000000000        0.0000000000000000     
  -1.8740000000000001        0.0000000000000000     
  -1.8670000000000000        0.0000000000000000     
  -1.8599999999999999        0.0000000000000000     
  -1.8530000000000000        0.0000000000000000     
  -1.8460000000000001        0.0000000000000000     
  -1.8390000000000000        0.0000000000000000     
  -1.8320000000000001        0.0000000000000000     
  -1.8250000000000000        0.0000000000000000     
  -1.8180000000000001        0.0000000000000000     
  -1.8109999999999999        0.0000000000000000     
  -1.8040000000000000        0.0000000000000000     
  -1.7969999999999999        0.0000000000000000     
  -1.7900000000000000        0.0000000000000000     
  -1.7829999999999999        0.0000000000000000     
  -1.7760000000000000        0.0000000000000000     
  -1.7689999999999999        0.0000000000000000     
  -1.7620000000000000        0.0000000000000000     
  -1.7549999999999999        0.0000000000000000     
  -1.7480000000000000        0.0000000000000000     
  -1.7410000000000001        0.0000000000000000     
  -1.7340000000000000        0.0000000000000000     
  -1.7269999999999999        0.0000000000000000     
  -1.7200000000000000        0.0000000000000000     
  -1.7130000000000001        0.0000000000000000     
  -1.7060000000000000        0.0000000000000000     
  -1.6990000000000001        0.0000000000000000     
  -1.6919999999999999        0.0000000000000000     
  -1.6850000000000001        0.0000000000000000     
  -1.6779999999999999        0.0000000000000000     
  -1.6710000000000000        0.0000000000000000     
  -1.6639999999999999        0.0000000000000000     
  -1.6570000000000000        0.0000000000000000     
  -1.6499999999999999        0.0000000000000000     
  -1.6430000000000000        0.0000000000000000     
  -1.6360000000000001        0.0000000000000000     
  -1.6290000000000000        0.0000000000000000     
  -1.6219999999999999        0.0000000000000000     
  -1.6150000000000000        0.0000000000000000     
  -1.6080000000000001        0.0000000000000000     
  -1.6010000000000000        0.0000000000000000     
  -1.5939999999999999        0.0000000000000000     
  -1.5870000000000000        0.0000000000000000     
  -1.5800000000000001        0.0000000000000000     
  -1.5730000000000000        0.0000000000000000     
  -1.5660000000000001        0.0000000000000000     
  -1.5589999999999999        0.0000000000000000     
  -1.5520000000000000        0.0000000000000000     
  -1.5449999999999999        0.0000000000000000     
  -1.5380000000000000        0.0000000000000000     
  -1.5309999999999999        0.0000000000000000     
  -1.5240000000000000        0.0000000000000000     
  -1.5169999999999999        0.0000000000000000     
  -1.5100000000000000        0.0000000000000000     
  -1.5030000000000001        0.0000000000000000     
  -1.4960000000000000        0.0000000000000000     
  -1.4889999999999999        0.0000000000000000     
  -1.4820000000000000        0.0000000000000000     
  -1.4750000000000001        0.0000000000000000     
  -1.4680000000000000        0.0000000000000000     
  -1.4609999999999999        0.0000000000000000     
  -1.4540000000000000        0.0000000000000000     
  -1.4470000000000001        0.0000000000000000     
  -1.4399999999999999        0.0000000000000000     
  -1.4329999999999998        0.0000000000000000     
  -1.4259999999999999        0.0000000000000000     
  -1.4190000000000000        0.0000000000000000     
  -1.4119999999999999        0.0000000000000000     
  -1.4050000000000000        0.0000000000000000     
  -1.3980000000000001        0.0000000000000000     
  -1.3910000000000000        0.0000000000000000     
  -1.3839999999999999        0.0000000000000000     
  -1.3770000000000000        0.0000000000000000     
  -1.3700000000000001        0.0000000000000000     
  -1.3630000000000000        0.0000000000000000     
  -1.3559999999999999        0.0000000000000000     
  -1.3490000000000000        0.0000000000000000     
  -1.3420000000000001        0.0000000000000000     
  -1.3350000000000000        0.0000000000000000     
  -1.3279999999999998        0.0000000000000000     
  -1.3210000000000000        0.0000000000000000     
  -1.3140000000000001        0.0000000000000000     
  -1.3069999999999999        0.0000000000000000     
  -1.2999999999999998        0.0000000000000000     
  -1.2930000000000001        0.0000000000000000     
  -1.2860000000000000        0.0000000000000000     
  -1.2789999999999999        0.0000000000000000     
  -1.2720000000000000        0.0000000000000000     
  -1.2650000000000001        0.0000000000000000     
  -1.2580000000000000        0.0000000000000000     
  -1.2509999999999999        0.0000000000000000     
  -1.2440000000000000        0.0000000000000000     
  -1.2370000000000001        0.0000000000000000     
  -1.2300000000000000        0.0000000000000000     
  -1.2229999999999999        0.0000000000000000     
  -1.2160000000000000        0.0000000000000000     
  -1.2090000000000001        0.0000000000000000     
  -1.2020000000000000        0.0000000000000000     
  -1.1949999999999998        0.0000000000000000     
  -1.1879999999999999        0.0000000000000000     
  -1.1810000000000000        0.0000000000000000     
  -1.1739999999999999        0.0000000000000000     
  -1.1670000000000000        0.0000000000000000     
  -1.1600000000000001        0.0000000000000000     
  -1.1530000000000000        0.0000000000000000     
  -1.1459999999999999        0.0000000000000000     
  -1.1390000000000000        0.0000000000000000     
  -1.1320000000000001        0.0000000000000000     
  -1.1250000000000000        0.0000000000000000     
  -1.1179999999999999        0.0000000000000000     
  -1.1110000000000000        0.0000000000000000     
  -1.1040000000000001        0.0000000000000000     
  -1.0970000000000000        0.0000000000000000     
  -1.0899999999999999        0.0000000000000000     
  -1.0830000000000000        0.0000000000000000     
  -1.0760000000000001        0.0000000000000000     
  -1.0690000000000000        0.0000000000000000     
  -1.0619999999999998        0.0000000000000000     
  -1.0549999999999999        0.0000000000000000     
  -1.0480000000000000        0.0000000000000000     
  -1.0409999999999999        0.0000000000000000     
  -1.0340000000000000        0.0000000000000000     
  -1.0270000000000001        0.0000000000000000     
  -1.0200000000000000        0.0000000000000000     
  -1.0129999999999999        0.0000000000000000     
  -1.0060000000000000        0.0000000000000000     
 -0.99899999999999989        508.79759632135125     
 -0.99199999999999999        494.01812803158850     
 -0.98499999999999988        479.71509035439880     
 -0.97799999999999998        465.87773582052182     
 -0.97100000000000009        452.49900107215518     
 -0.96399999999999997        439.55047198128165     
 -0.95700000000000007        427.01469580318127     
 -0.94999999999999996        414.89128620637723     
 -0.94300000000000006        403.15930010257881     
 -0.93599999999999994        391.79592475987067     
 -0.92900000000000005        380.79336001014894     
 -0.92199999999999993        370.14575611218061     
 -0.91500000000000004        359.83873475493976     
 -0.90799999999999992        349.83968441522666     
 -0.90100000000000002        340.13301565397182     
 -0.89399999999999991        330.71861859450809     
 -0.88700000000000001        321.58583148195203     
 -0.87999999999999989        312.72267216417623     
 -0.87300000000000000        304.12086648765313     
 -0.86599999999999988        295.78202116249162     
 -0.85899999999999999        287.70149028392950     
 -0.85199999999999987        279.85607965186153     
 -0.84499999999999997        272.23956088201652     
 -0.83800000000000008        264.85427651201837     
 -0.83099999999999996        257.69250046746112     
 -0.82400000000000007        250.74224569205842     
 -0.81699999999999995        243.99133872058451     
 -0.81000000000000005        237.44487834770109     
 -0.80299999999999994        231.09776915023667     
 -0.79600000000000004        224.92703684564907     
 -0.78899999999999992        218.93308787667451     
 -0.78200000000000003        213.11802926657919     
 -0.77499999999999991        207.46551306070546     
 -0.76800000000000002        201.97202859891974     
 -0.76099999999999990        196.64127451443514     
 -0.75400000000000000        191.46734171229912     
 -0.74699999999999989        186.44076138221925     
 -0.73999999999999999        181.55185295862020     
 -0.73299999999999987        176.79792562805883     
 -0.72599999999999998        172.17618308361639     
 -0.71900000000000008        167.68017826455230     
 -0.71199999999999997        163.30630061153755     
 -0.70500000000000007        159.05130444025511     
 -0.69799999999999995        154.90931543575752     
 -0.69100000000000006        150.87351925428234     
 -0.68399999999999994        146.93779782889979     
 -0.67700000000000005        143.09998084411390     
 -0.66999999999999993        139.35798321705812     
 -0.66300000000000003        135.70890509342496     
 -0.65599999999999992        132.15056952230813     
 -0.64900000000000002        128.67702499154143     
 -0.64199999999999990        125.27743664684803     
 -0.63500000000000001        121.95265255478178     
 -0.62799999999999989        118.70568534623902     
 -0.62100000000000000        115.52993741084396     
 -0.61399999999999988        112.41874172747804     
 -0.60699999999999998        109.36745532245877     
 -0.59999999999999987        106.37505008713791     
 -0.59299999999999997        103.44016086687385     
 -0.58600000000000008        100.56000063113017     
 -0.57899999999999996        97.731625080186006     
 -0.57200000000000006        94.954197032188716     
 -0.56499999999999995        92.229409782887132     
 -0.55800000000000005        89.556825880007068     
 -0.55099999999999993        86.935598418849963     
 -0.54400000000000004        84.366861470632628     
 -0.53699999999999992        81.849061843789812     
 -0.53000000000000003        79.379304241318067     
 -0.52299999999999991        76.958072624978058     
 -0.51600000000000001        74.585871795611610     
 -0.50899999999999990        72.262249559099232     
 -0.50200000000000000        69.986300807706300     
 -0.49499999999999988        67.757887341393101     
 -0.48799999999999999        65.578148081059339     
 -0.48099999999999987        63.445097312881032     
 -0.47399999999999998        61.356573319695713     
 -0.46699999999999986        59.314270541030808     
 -0.45999999999999996        57.318544167623784     
 -0.45300000000000007        55.368286587274156     
 -0.44599999999999995        53.463281631802097     
 -0.43900000000000006        51.604123958140995     
 -0.43199999999999994        49.791676107664443     
 -0.42500000000000004        48.024028685785950     
 -0.41799999999999993        46.299617793105071     
 -0.41100000000000003        44.619519268038772     
 -0.40399999999999991        42.984018479608253     
 -0.39700000000000002        41.392484394501068     
 -0.38999999999999990        39.843673469892380     
 -0.38300000000000001        38.337736764411261     
 -0.37599999999999989        36.875438911263316     
 -0.36899999999999999        35.454602439443029     
 -0.36199999999999988        34.073332954249253     
 -0.35499999999999998        32.731219174690551     
 -0.34799999999999986        31.428113024311731     
 -0.34099999999999997        30.163681266040143     
 -0.33400000000000007        28.937065751035746     
 -0.32699999999999996        27.747382574763307     
 -0.32000000000000006        26.593760933290795     
 -0.31299999999999994        25.475402954954276     
 -0.30600000000000005        24.391403951156597     
 -0.29899999999999993        23.340860888897033     
 -0.29200000000000004        22.323352062056014     
 -0.28499999999999992        21.338318473041195     
 -0.27800000000000002        20.384859330334017     
 -0.27099999999999991        19.462383728127012     
 -0.26400000000000001        18.570126069106404     
 -0.25699999999999990        17.706718251707141     
 -0.25000000000000000        16.871236809662378     
 -0.24299999999999988        16.063146348934705     
 -0.23599999999999999        15.281990280804523     
 -0.22899999999999987        14.527158858950186     
 -0.22199999999999998        13.797832981720035     
 -0.21499999999999986        13.093064683615630     
 -0.20799999999999996        12.411669752098385     
 -0.20100000000000007        11.752350131085239     
 -0.19399999999999995        11.115320085430469     
 -0.18700000000000006        10.500598790643879     
 -0.17999999999999994        9.9062703475886913     
 -0.17300000000000004        9.3318640317823203     
 -0.16599999999999993        8.7776317897711351     
 -0.15900000000000003        8.2421890137492220     
 -0.15199999999999991        7.7245840822494944     
 -0.14500000000000002        7.2246316748109507     
 -0.13799999999999990        6.7417461270740979     
 -0.13100000000000001        6.2752085193200564     
 -0.12399999999999989        5.8243831167055227     
 -0.11699999999999999        5.3888470945271632     
 -0.10999999999999988        4.9680073296948368     
 -0.10299999999999998        4.5606846120326328     
  -9.5999999999999863E-002   4.1663579969473474     
  -8.8999999999999968E-002   3.7849380421773304     
  -8.1999999999999851E-002   3.4158338001578059     
  -7.4999999999999956E-002   3.0585844180094224     
  -6.8000000000000060E-002   2.7129319468977613     
  -6.0999999999999943E-002   2.3784791689560549     
  -5.4000000000000048E-002   2.0547811772324973     
  -4.6999999999999931E-002   1.7414155477233688     
  -4.0000000000000036E-002   1.4380505380107174     
  -3.2999999999999918E-002   1.1443619372677283     
  -2.6000000000000023E-002  0.85994294002529337     
  -1.8999999999999906E-002  0.58438731046116033     
  -1.2000000000000011E-002  0.31728770405060303     
  -4.9999999999998934E-003   5.8264604899791905E-002
   2.0000000000002238E-003 -0.19303877581274875     
   8.9999999999998970E-003 -0.43694308866682974     
   1.6000000000000014E-002 -0.67367307971279011     
   2.3000000000000131E-002 -0.90338262395280466     
   3.0000000000000249E-002  -1.1262468017360199     
   3.6999999999999922E-002  -1.3424976843417440     
   4.4000000000000039E-002  -1.5523535145368346     
   5.1000000000000156E-002  -1.7559230299075761     
   5.7999999999999829E-002  -1.9533780123023359     
   6.4999999999999947E-002  -2.1449495439099149     
   7.2000000000000064E-002  -2.3308107854234041     
   7.9000000000000181E-002  -2.5111377081904962     
   8.5999999999999854E-002  -2.6861381311108143     
   9.2999999999999972E-002  -2.8560550082621532     
  0.10000000000000009       -3.0210565067854951     
  0.10700000000000021       -3.1811626063993241     
  0.11399999999999988       -3.3365753861096437     
  0.12100000000000000       -3.4875286243545194     
  0.12800000000000011       -3.6340245419252462     
  0.13500000000000023       -3.7761065382279408     
  0.14199999999999990       -3.9138999214428409     
  0.14900000000000002       -4.0475712206934951     
  0.15600000000000014       -4.1771960110415787     
  0.16300000000000026       -4.3027455170853948     
  0.16999999999999993       -4.4244181155453237     
  0.17700000000000005       -4.5424274761615049     
  0.18400000000000016       -4.6568367445603478     
  0.19099999999999984       -4.7676731467980797     
  0.19799999999999995       -4.8749918067047844     
  0.20500000000000007       -4.9789634816373685     
  0.21200000000000019       -5.0796629319124076     
  0.21899999999999986       -5.1770884467587130     
  0.22599999999999998       -5.2714185589630436     
  0.23300000000000010       -5.3627885598355505     
  0.24000000000000021       -5.4512001697727968     
  0.24699999999999989       -5.5367012946521150     
  0.25400000000000000       -5.6193520698252382     
  0.26100000000000012       -5.6991934996158733     
  0.26800000000000024       -5.7763975099701774     
  0.27499999999999991       -5.8511451308777342     
  0.28200000000000003       -5.9233783887184579     
  0.28900000000000015       -5.9931270825695577     
  0.29600000000000026       -6.0605413744318657     
  0.30299999999999994       -6.1256770395771305     
  0.31000000000000005       -6.1885630242249157     
  0.31700000000000017       -6.2492457598840421     
  0.32399999999999984       -6.3078468079995602     
  0.33099999999999996       -6.3644512368295363     
  0.33800000000000008       -6.4189867527751829     
  0.34500000000000020       -6.4714833675384895     
  0.35199999999999987       -6.5220527218534627     
  0.35899999999999999       -6.5707695141196751     
  0.36600000000000010       -6.6176249105922835     
  0.37300000000000022       -6.6625580610877169     
  0.37999999999999989       -6.7057445840381238     
  0.38700000000000001       -6.7473040133987254     
  0.39400000000000013       -6.7871454865559357     
  0.40100000000000025       -6.8253366774378179     
  0.40799999999999992       -6.8619811892191471     
  0.41500000000000004       -6.8970485667111170     
  0.42200000000000015       -6.9305486299757391     
  0.42900000000000027       -6.9625392866905127     
  0.43599999999999994       -6.9930807433091111     
  0.44300000000000006       -7.0222001239660194     
  0.45000000000000018       -7.0498955946350961     
  0.45699999999999985       -7.0762207434847451     
  0.46399999999999997       -7.1012317651387971     
  0.47100000000000009       -7.1249515546479660     
  0.47800000000000020       -7.1473821738090102     
  0.48499999999999988       -7.1685480315952645     
  0.49199999999999999       -7.1885488797010044     
  0.49900000000000011       -7.2074000000000016     
  0.50600000000000023       -7.2250648370360935     
  0.51299999999999990       -7.2416153364683264     
  0.52000000000000002       -7.2570935458343673     
  0.52700000000000014       -7.2714770033432590     
  0.53400000000000025       -7.2847806201001646     
  0.54099999999999993       -7.2970376555555241     
  0.54800000000000004       -7.3082852485645340     
  0.55500000000000016       -7.3185516505719725     
  0.56199999999999983       -7.3278536840195247     
  0.56899999999999995       -7.3361862508603739     
  0.57600000000000007       -7.3435525702520792     
  0.58300000000000018       -7.3499837971888242     
  0.58999999999999986       -7.3555517141034539     
  0.59699999999999998       -7.3602781850053143     
  0.60400000000000009       -7.3641155676533945     
  0.61100000000000021       -7.3670688170989411     
  0.61799999999999988       -7.3691856754855083     
  0.62500000000000000       -7.3705418669666951     
  0.63200000000000012       -7.3711225792446351     
  0.63900000000000023       -7.3708835724951385     
  0.64599999999999991       -7.3698639973660418     
  0.65300000000000002       -7.3680954711465718     
  0.66000000000000014       -7.3655944664545565     
  0.66700000000000026       -7.3624061432558978     
  0.67399999999999993       -7.3585324166360726     
  0.68100000000000005       -7.3539121124187048     
  0.68800000000000017       -7.3486110609820177     
  0.69499999999999984       -7.3426830174771158     
  0.70199999999999996       -7.3360500673678066     
  0.70900000000000007       -7.3287771535567403     
  0.71600000000000019       -7.3209662994074876     
  0.72299999999999986       -7.3125145179942592     
  0.72999999999999998       -7.3034172840766711     
  0.73700000000000010       -7.2937756004606493     
  0.74400000000000022       -7.2835430957548919     
  0.75099999999999989       -7.2727069507973763     
  0.75800000000000001       -7.2613538871364343     
  0.76500000000000012       -7.2494500028153439     
  0.77200000000000024       -7.2369678153172430     
  0.77899999999999991       -7.2240169433733383     
  0.78600000000000003       -7.2105553525014212     
  0.79300000000000015       -7.1964949244873564     
  0.80000000000000027       -7.1819869490740302     
  0.80699999999999994       -7.1670494185894924     
  0.81400000000000006       -7.1515506648319915     
  0.82100000000000017       -7.1355638703789870     
  0.82799999999999985       -7.1191571576488180     
  0.83499999999999996       -7.1022935009021033     
  0.84200000000000008       -7.0850132755551014     
  0.84900000000000020       -7.0673421620600756     
  0.85599999999999987       -7.0491841745188921     
  0.86299999999999999       -7.0305755689559124     
  0.87000000000000011       -7.0116157423274217     
  0.87700000000000022       -6.9922600572427900     
  0.88399999999999990       -6.9724964046110181     
  0.89100000000000001       -6.9523747123268702     
  0.89800000000000013       -6.9318941514516617     
  0.90500000000000025       -6.9110480644487318     
  0.91199999999999992       -6.8898494659687461     
  0.91900000000000004       -6.8683063754163580     
  0.92600000000000016       -6.8464289750695935     
  0.93300000000000027       -6.8242392451681750     
  0.93999999999999995       -6.8017105708815944     
  0.94700000000000006       -6.7788039625533560     
  0.95400000000000018       -6.7555828347509213     
  0.96099999999999985       -6.7321039201702755     
  0.96799999999999997       -6.7083734028491619     
  0.97500000000000009       -6.6843144803256802     
  0.98200000000000021       -6.6599111908014885     
  0.98899999999999988       -6.6352852270976390     
  0.99600000000000000       -6.6103842237949699     
   1.0030000000000001       -6.5851187550428998     
   1.0100000000000002       -6.5595804975934620     
   1.0169999999999999       -6.5338999999999992     
   1.0240000000000000       -6.5081340629792566     
   1.0310000000000001       -6.4820202016756605     
   1.0380000000000003       -6.4554895534950951     
   1.0449999999999999       -6.4287763839040428     
   1.0520000000000000       -6.4018723758735288     
   1.0590000000000002       -6.3747032131081900     
   1.0660000000000003       -6.3472802000097124     
   1.0730000000000000       -6.3197656635687647     
   1.0800000000000001       -6.2922555005973564     
   1.0870000000000002       -6.2644542672631358     
   1.0939999999999999       -6.2363071292963426     
   1.1010000000000000       -6.2079862700801804     
   1.1080000000000001       -6.1794617089900852     
   1.1150000000000002       -6.1508055269236284     
   1.1219999999999999       -6.1222293051027297     
   1.1290000000000000       -6.0934780986550177     
   1.1360000000000001       -6.0643280777166133     
   1.1430000000000002       -6.0349947388332765     
   1.1499999999999999       -6.0055487916893586     
   1.1570000000000000       -5.9759351515276151     
   1.1640000000000001       -5.9461053304913509     
   1.1710000000000003       -5.9161804019549225     
   1.1779999999999999       -5.8863373000172237     
   1.1850000000000001       -5.8562938067723165     
   1.1920000000000002       -5.8259013405790130     
   1.1990000000000003       -5.7953569376958960     
   1.2060000000000000       -5.7646686414572610     
   1.2130000000000001       -5.7338534033425024     
   1.2200000000000002       -5.7031142693265160     
   1.2269999999999999       -5.6722860176382124     
   1.2340000000000000       -5.6410870518091789     
   1.2410000000000001       -5.6096951104080777     
   1.2480000000000002       -5.5782481547673477     
   1.2549999999999999       -5.5467347607466415     
   1.2620000000000000       -5.5150667508447704     
   1.2690000000000001       -5.4832950166309580     
   1.2760000000000002       -5.4516474491671234     
   1.2829999999999999       -5.4199335911788147     
   1.2900000000000000       -5.3879309702362566     
   1.2970000000000002       -5.3557875925400378     
   1.3040000000000003       -5.3235547886540662     
   1.3109999999999999       -5.2912530330909622     
   1.3180000000000001       -5.2591401718066511     
   1.3250000000000002       -5.2271172309685205     
   1.3319999999999999       -5.1947627396322016     
   1.3390000000000000       -5.1621922666725428     
   1.3460000000000001       -5.1296091393977532     
   1.3530000000000002       -5.0970485783925170     
   1.3599999999999999       -5.0644332436224158     
   1.3670000000000000       -5.0317597547378625     
   1.3740000000000001       -4.9992834092373801     
   1.3810000000000002       -4.9668707115464477     
   1.3879999999999999       -4.9341988755469028     
   1.3950000000000000       -4.9014123629079291     
   1.4020000000000001       -4.8686438475066911     
   1.4090000000000003       -4.8358839730482472     
   1.4159999999999999       -4.8030846129735121     
   1.4230000000000000       -4.7702996905507380     
   1.4300000000000002       -4.7377235851569175     
   1.4370000000000003       -4.7051702604379537     
   1.4440000000000000       -4.6724031775730248     
   1.4510000000000001       -4.6395729996613362     
   1.4580000000000002       -4.6067303734140062     
   1.4649999999999999       -4.5738563760316673     
   1.4720000000000000       -4.5411476652320832     
   1.4790000000000001       -4.5085656304154211     
   1.4860000000000002       -4.4757980582306551     
   1.4929999999999999       -4.4428974107173502     
   1.5000000000000000       -4.4099970565740376     
   1.5070000000000001       -4.3771098670869542     
   1.5140000000000002       -4.3441934872997781     
   1.5209999999999999       -4.3112629070389064     
   1.5280000000000000       -4.2785252792818715     
   1.5350000000000001       -4.2458679100764911     
   1.5420000000000003       -4.2129958548399173     
   1.5489999999999999       -4.1800669995578428     
   1.5560000000000000       -4.1471743599686324     
   1.5630000000000002       -4.1142264459356532     
   1.5700000000000003       -4.0814308780522808     
   1.5770000000000000       -4.0488561622891748     
   1.5840000000000001       -4.0161251735630454     
   1.5910000000000002       -3.9832428418052381     
   1.5979999999999999       -3.9504026887961601     
   1.6050000000000000       -3.9175820630549012     
   1.6120000000000001       -3.8847389468133953     
   1.6190000000000002       -3.8519004723031829     
   1.6259999999999999       -3.8193085804110924     
   1.6330000000000000       -3.7869276179073399     
   1.6400000000000001       -3.7543546424468666     
   1.6470000000000002       -3.7216659576393503     
   1.6539999999999999       -3.6890272020863328     
   1.6610000000000000       -3.6563707586627086     
   1.6680000000000001       -3.6238658374133008     
   1.6750000000000003       -3.5916580204955544     
   1.6819999999999999       -3.5593403442447151     
   1.6890000000000001       -3.5268538152967830     
   1.6960000000000002       -3.4944959393353408     
   1.7030000000000003       -3.4622020836710363     
   1.7100000000000000       -3.4298706096838583     
   1.7170000000000001       -3.3975296220369295     
   1.7240000000000002       -3.3653829656660115     
   1.7309999999999999       -3.3334950459086361     
   1.7380000000000000       -3.3015162154601221     
   1.7450000000000001       -3.2694065281466633     
   1.7520000000000002       -3.2373262310386171     
   1.7589999999999999       -3.2052831263168695     
   1.7660000000000000       -3.1733691663185590     
   1.7730000000000001       -3.1417068069083052     
   1.7800000000000002       -3.1099995434919956     
   1.7869999999999999       -3.0780941878214279     
   1.7940000000000000       -3.0462273371466027     
   1.8010000000000002       -3.0144484994082892     
   1.8080000000000003       -2.9826982707706589     
   1.8149999999999999       -2.9509294194796012     
   1.8220000000000001       -2.9193018318228043     
   1.8290000000000002       -2.8879661368184975     
   1.8360000000000003       -2.8565598067634270     
   1.8430000000000000       -2.8249608860981663     
   1.8500000000000001       -2.7933838500742039     
   1.8570000000000002       -2.7618327801004439     
   1.8639999999999999       -2.7303862241137971     
   1.8710000000000000       -2.6992944635423406     
   1.8780000000000001       -2.6682588391046509     
   1.8850000000000002       -2.6369459527139734     
   1.8919999999999999       -2.6056176924625216     
   1.8990000000000000       -2.5744097495836744     
   1.9060000000000001       -2.5432845799506656     
   1.9130000000000003       -2.5121833660659987     
   1.9199999999999999       -2.4812168850415190     
   1.9270000000000000       -2.4505947728045765     
   1.9340000000000002       -2.4199933601085268     
   1.9410000000000003       -2.3892301871252339     
   1.9480000000000000       -2.3586443637113161     
   1.9550000000000001       -2.3282204400691993     
   1.9620000000000002       -2.2978769282929878     
   1.9689999999999999       -2.2678998178310716     
   1.9760000000000000       -2.2382000000000000     
   1.9830000000000001       -2.2084600098588840     
   1.9900000000000002       -2.1788323089445649     
   1.9969999999999999       -2.1494716469689910     
   2.0040000000000004       -2.1203757478007326     
   2.0110000000000001       -2.0914435733686996     
   2.0179999999999998       -2.0627194073823967     
   2.0250000000000004       -2.0345103126876731     
   2.0320000000000000       -2.0066131262589644     
   2.0389999999999997       -1.9787101382774162     
   2.0460000000000003       -1.9509991924990593     
   2.0529999999999999       -1.9235895856820187     
   2.0600000000000005       -1.8964782809975436     
   2.0670000000000002       -1.8698222672452549     
   2.0739999999999998       -1.8435812156017763     
   2.0810000000000004       -1.8174699740858944     
   2.0880000000000001       -1.7915753579572473     
   2.0949999999999998       -1.7660499144492461     
   2.1020000000000003       -1.7408634653858905     
   2.1090000000000000       -1.7159681402742777     
   2.1159999999999997       -1.6913825084176404     
   2.1230000000000002       -1.6672935558248061     
   2.1299999999999999       -1.6436113726639692     
   2.1370000000000005       -1.6200588267942004     
   2.1440000000000001       -1.5967542788219182     
   2.1509999999999998       -1.5738203059619531     
   2.1580000000000004       -1.5512248685891956     
   2.1650000000000000       -1.5288988025797225     
   2.1719999999999997       -1.5068519875359874     
   2.1790000000000003       -1.4852482599156329     
   2.1859999999999999       -1.4639834593692935     
   2.1930000000000005       -1.4428693167896427     
   2.2000000000000002       -1.4220181763712199     
   2.2069999999999999       -1.4014671529771028     
   2.2140000000000004       -1.3811670309429771     
   2.2210000000000001       -1.3612659390855408     
   2.2279999999999998       -1.3417579322306916     
   2.2350000000000003       -1.3223828375782336     
   2.2420000000000000       -1.3032256818489134     
   2.2489999999999997       -1.2844355901953204     
   2.2560000000000002       -1.2659381267860912     
   2.2629999999999999       -1.2477072141868761     
   2.2700000000000005       -1.2297953790404414     
   2.2770000000000001       -1.2123282373177848     
   2.2839999999999998       -1.1952531959926151     
   2.2910000000000004       -1.1783718399276124     
   2.2980000000000000       -1.1617271988502469     
   2.3049999999999997       -1.1453911199218703     
   2.3120000000000003       -1.1293641240114529     
   2.3190000000000000       -1.1136999693738987     
   2.3260000000000005       -1.0984177036644345     
   2.3330000000000002       -1.0833984234120502     
   2.3399999999999999       -1.0685679138780619     
   2.3470000000000004       -1.0539278063377397     
   2.3540000000000001       -1.0395758940731128     
   2.3609999999999998       -1.0254985732197182     
   2.3680000000000003       -1.0115856241061909     
   2.3750000000000000      -0.99797198654004582     
   2.3819999999999997      -0.98468582600198962     
   2.3890000000000002      -0.97148507266621031     
   2.3959999999999999      -0.95838984268459693     
   2.4030000000000005      -0.94550138385806126     
   2.4100000000000001      -0.93276026924278188     
   2.4169999999999998      -0.92021568657142905     
   2.4240000000000004      -0.90795345546565054     
   2.4310000000000000      -0.89582247394484138     
   2.4379999999999997      -0.88376816974632200     
   2.4450000000000003      -0.87189542763146777     
   2.4520000000000000      -0.86021396225463553     
   2.4590000000000005      -0.84869907504861064     
   2.4660000000000002      -0.83734136988555874     
   2.4729999999999999      -0.82621024096142048     
   2.4800000000000004      -0.81534272874154734     
   2.4870000000000001      -0.80459650386518822     
   2.4939999999999998      -0.79396000000000089     
   2.5010000000000003      -0.78352345649533806     
   2.5080000000000000      -0.77325915984709970     
   2.5149999999999997      -0.76317932546535650     
   2.5220000000000002      -0.75335496600883201     
   2.5289999999999999      -0.74369662427638927     
   2.5360000000000005      -0.73413126858696376     
   2.5430000000000001      -0.72472525890808936     
   2.5499999999999998      -0.71549150538955231     
   2.5570000000000004      -0.70640754637074410     
   2.5640000000000001      -0.69746648720972815     
   2.5709999999999997      -0.68870355777263503     
   2.5780000000000003      -0.68015536482225536     
   2.5850000000000000      -0.67172376914935428     
   2.5920000000000005      -0.66336880895337647     
   2.5990000000000002      -0.65515965169804380     
   2.6059999999999999      -0.64708335136546102     
   2.6130000000000004      -0.63913198460379828     
   2.6200000000000001      -0.63136748772321338     
   2.6269999999999998      -0.62373990726328621     
   2.6340000000000003      -0.61616825639750639     
   2.6410000000000000      -0.60869696821162467     
   2.6479999999999997      -0.60135213938180820     
   2.6550000000000002      -0.59411883196281257     
   2.6619999999999999      -0.58697268123380764     
   2.6690000000000005      -0.57993045195293424     
   2.6760000000000002      -0.57304930559240974     
   2.6829999999999998      -0.56625997108414428     
   2.6900000000000004      -0.55949978229163078     
   2.6970000000000001      -0.55282955419525781     
   2.7039999999999997      -0.54624804689133755     
   2.7110000000000003      -0.53973201827371564     
   2.7180000000000000      -0.53334497731158237     
   2.7250000000000005      -0.52706726879665344     
   2.7320000000000002      -0.52080851062575162     
   2.7389999999999999      -0.51460564414320353     
   2.7460000000000004      -0.50849789933553424     
   2.7530000000000001      -0.50246939333962559     
   2.7599999999999998      -0.49650776835142707     
   2.7670000000000003      -0.49062335501513032     
   2.7740000000000000      -0.48486092344322662     
   2.7809999999999997      -0.47918653572053005     
   2.7880000000000003      -0.47353689793003262     
   2.7949999999999999      -0.46794245754259112     
   2.8020000000000005      -0.46242883236399251     
   2.8090000000000002      -0.45699399430567766     
   2.8159999999999998      -0.45162683066688480     
   2.8230000000000004      -0.44634108721662802     
   2.8300000000000001      -0.44118048437515089     
   2.8369999999999997      -0.43609785791200689     
   2.8440000000000003      -0.43104711153602060     
   2.8510000000000000      -0.42608641964451155     
   2.8580000000000005      -0.42122301095073678     
   2.8650000000000002      -0.41643502330659787     
   2.8719999999999999      -0.41176779774427746     
   2.8790000000000004      -0.40721618266060822     
   2.8860000000000001      -0.40271977453918689     
   2.8929999999999998      -0.39830423352990557     
   2.9000000000000004      -0.39400014176039555     
   2.9070000000000000      -0.38979548978278949     
   2.9139999999999997      -0.38568075370873711     
   2.9210000000000003      -0.38165823549019218     
   2.9279999999999999      -0.37774770566797949     
   2.9350000000000005      -0.37392575180014775     
   2.9420000000000002      -0.37014921830055597     
   2.9489999999999998      -0.36643374661687461     
   2.9560000000000004      -0.36278531903683320     
   2.9630000000000001      -0.35918812518142396     
   2.9699999999999998      -0.35566081966000679     
   2.9770000000000003      -0.35220282236108408     
   2.9840000000000000      -0.34876404282616658     
   2.9910000000000005      -0.34534360476024478     
   2.9980000000000002      -0.34196054717921398     
   3.0049999999999999      -0.33860557036672845     
   3.0120000000000005      -0.33526999999999979     
   3.0190000000000001      -0.33195547231540873     
   3.0259999999999998      -0.32868556687793704     
   3.0330000000000004      -0.32545649937220056     
   3.0400000000000000      -0.32223210323317436     
   3.0469999999999997      -0.31902139112292055     
   3.0540000000000003      -0.31583979879775970     
   3.0609999999999999      -0.31268199353101889     
   3.0680000000000005      -0.30956185960036031     
   3.0750000000000002      -0.30648885797607150     
   3.0819999999999999      -0.30342765673913907     
   3.0890000000000004      -0.30037667155935188     
   3.0960000000000001      -0.29736313549779275     
   3.1029999999999998      -0.29437857800065415     
   3.1100000000000003      -0.29141537163888187     
   3.1170000000000000      -0.28848133186378300     
   3.1239999999999997      -0.28559239908361300     
   3.1310000000000002      -0.28274951801179549     
   3.1379999999999999      -0.27992219977803401     
   3.1450000000000005      -0.27711006828589008     
   3.1520000000000001      -0.27432937411903235     
   3.1589999999999998      -0.27158207076670648     
   3.1660000000000004      -0.26887491584420753     
   3.1730000000000000      -0.26621556449175177     
   3.1799999999999997      -0.26358442520184111     
   3.1870000000000003      -0.26096998288520346     
   3.1940000000000000      -0.25838252952051116     
   3.2010000000000005      -0.25582991915305126     
   3.2080000000000002      -0.25331462885831546     
   3.2149999999999999      -0.25083285209370526     
   3.2220000000000004      -0.24839291986108847     
   3.2290000000000001      -0.24600260190093515     
   3.2359999999999998      -0.24364226996601318     
   3.2430000000000003      -0.24130566942627663     
   3.2500000000000000      -0.23900289513528067     
   3.2569999999999997      -0.23673278171096451     
   3.2640000000000002      -0.23450116936282339     
   3.2709999999999999      -0.23232461413454197     
   3.2780000000000005      -0.23018255656522435     
   3.2850000000000001      -0.22805391721640061     
   3.2919999999999998      -0.22595518840680850     
   3.2990000000000004      -0.22389309914039424     
   3.3060000000000000      -0.22186352025835770     
   3.3129999999999997      -0.21985954151987974     
   3.3200000000000003      -0.21788698519383931     
   3.3270000000000000      -0.21595900784111904     
   3.3340000000000005      -0.21405550265518081     
   3.3410000000000002      -0.21216503398882280     
   3.3479999999999999      -0.21030455097120282     
   3.3550000000000004      -0.20847082600745526     
   3.3620000000000001      -0.20665912949890175     
   3.3689999999999998      -0.20488592961258956     
   3.3760000000000003      -0.20314019693761765     
   3.3830000000000000      -0.20139871742505253     
   3.3899999999999997      -0.19967631795402993     
   3.3970000000000002      -0.19798213220269029     
   3.4039999999999999      -0.19630902356975494     
   3.4110000000000005      -0.19464956387019436     
   3.4180000000000001      -0.19300712558158323     
   3.4249999999999998      -0.19139880887009109     
   3.4320000000000004      -0.18981048159757463     
   3.4390000000000001      -0.18822379072180737     
   3.4459999999999997      -0.18665201209206922     
   3.4530000000000003      -0.18509787791322857     
   3.4600000000000000      -0.18355438154085060     
   3.4670000000000005      -0.18202450444121862     
   3.4740000000000002      -0.18051285013815344     
   3.4809999999999999      -0.17902063329142531     
   3.4880000000000004      -0.17753543081287587     
   3.4950000000000001      -0.17605164109006810     
   3.5019999999999998      -0.17458230797292870     
   3.5090000000000003      -0.17312105861755941     
   3.5160000000000000      -0.17166052686328817     
   3.5229999999999997      -0.17022114947390116     
   3.5300000000000002      -0.16880028766713079     
   3.5369999999999999      -0.16737913646006544     
   3.5440000000000005      -0.16596704220943864     
   3.5510000000000002      -0.16456902936101775     
   3.5579999999999998      -0.16317735262931626     
   3.5650000000000004      -0.16179704425366770     
   3.5720000000000001      -0.16043498080803376     
   3.5789999999999997      -0.15909090821703567     
   3.5860000000000003      -0.15775788709499575     
   3.5930000000000000      -0.15643126571989138     
   3.6000000000000005      -0.15512200348375316     
   3.6070000000000002      -0.15382697133334958     
   3.6139999999999999      -0.15253527641664252     
   3.6210000000000004      -0.15126723744479748     
   3.6280000000000001      -0.15002867437825335     
   3.6349999999999998      -0.14879815240759370     
   3.6420000000000003      -0.14757350860528146     
   3.6490000000000000      -0.14636292587362859     
   3.6559999999999997      -0.14517537636670383     
   3.6630000000000003      -0.14400293544400219     
   3.6699999999999999      -0.14283883736206660     
   3.6770000000000005      -0.14170731514191862     
   3.6840000000000002      -0.14060305942756174     
   3.6909999999999998      -0.13949781705847461     
   3.6980000000000004      -0.13840967717968114     
   3.7050000000000001      -0.13735002484014652     
   3.7119999999999997      -0.13630404008691654     
   3.7190000000000003      -0.13527811524087646     
   3.7260000000000000      -0.13428079131840095     
   3.7330000000000005      -0.13330381528185928     
   3.7400000000000002      -0.13234172840276476     
   3.7469999999999999      -0.13139498091892834     
   3.7540000000000004      -0.13047195656255609     
   3.7610000000000001      -0.12957345828359695     
   3.7679999999999998      -0.12869349069315336     
   3.7750000000000004      -0.12783760002421357     
   3.7820000000000000      -0.12700722457098149     
   3.7889999999999997      -0.12619305715948831     
   3.7960000000000003      -0.12539024677571450     
   3.8029999999999999      -0.12459937163328805     
   3.8100000000000005      -0.12382709147132342     
   3.8170000000000002      -0.12307784583940415     
   3.8239999999999998      -0.12235028020097843     
   3.8310000000000004      -0.12163134865582480     
   3.8380000000000001      -0.12092013548155904     
   3.8449999999999998      -0.12022783979401341     
   3.8520000000000003      -0.11954653577264483     
   3.8590000000000000      -0.11887168873852234     
   3.8660000000000005      -0.11821335093852905     
   3.8730000000000002      -0.11757191596061514     
   3.8799999999999999      -0.11694119070641817     
   3.8870000000000005      -0.11631341597943352     
   3.8940000000000001      -0.11569247152957178     
   3.9009999999999998      -0.11508632274017976     
   3.9080000000000004      -0.11448490826788894     
   3.9150000000000000      -0.11388740840747638     
   3.9219999999999997      -0.11330438427353320     
   3.9290000000000003      -0.11272603389370353     
   3.9359999999999999      -0.11214611859166486     
   3.9430000000000005      -0.11157548652380639     
   3.9500000000000002      -0.11101132340870035     
   3.9569999999999999      -0.11044531787493930     
   3.9640000000000004      -0.10987686462808637     
   3.9710000000000001      -0.10931200426521619     
   3.9779999999999998      -0.10875679089699938     
   3.9850000000000003      -0.10820083978057748     
   3.9920000000000000      -0.10764004182436775     
   3.9990000000000006      -0.10708080595882138     
   4.0060000000000002      -0.10651857678193105     
   4.0129999999999999      -0.10595147917535840     
   4.0200000000000005      -0.10538882962712247     
   4.0270000000000001      -0.10482753727711409     
   4.0339999999999998      -0.10426114781994533     
   4.0410000000000004      -0.10369475243286723     
   4.0480000000000000      -0.10312812785189476     
   4.0549999999999997      -0.10255643036937875     
   4.0620000000000003      -0.10198192209479393     
   4.0690000000000000      -0.10140941537944023     
   4.0760000000000005      -0.10084256620630555     
   4.0830000000000002      -0.10027228707486491     
   4.0899999999999999       -9.9693140934148147E-002
   4.0970000000000004       -9.9115307824041446E-002
   4.1040000000000001       -9.8538993209169368E-002
   4.1109999999999998       -9.7960577748818320E-002
   4.1180000000000003       -9.7385624675693588E-002
   4.1250000000000000       -9.6812651360204921E-002
   4.1320000000000006       -9.6234586838781708E-002
   4.1390000000000002       -9.5654192601943078E-002
   4.1459999999999999       -9.5074577094517859E-002
   4.1530000000000005       -9.4495284980874533E-002
   4.1600000000000001       -9.3914846408225700E-002
   4.1669999999999998       -9.3333996540107822E-002
   4.1740000000000004       -9.2757693615800177E-002
   4.1810000000000000       -9.2182517397035590E-002
   4.1879999999999997       -9.1602485205179315E-002
   4.1950000000000003       -9.1021186837641474E-002
   4.2020000000000000       -9.0441116906941496E-002
   4.2090000000000005       -8.9861666585762667E-002
   4.2160000000000002       -8.9281181208816937E-002
   4.2229999999999999       -8.8701317816860373E-002
   4.2300000000000004       -8.8127298964798401E-002
   4.2370000000000001       -8.7553574163291070E-002
   4.2439999999999998       -8.6974842865051610E-002
   4.2510000000000003       -8.6396596752828625E-002
   4.2580000000000000       -8.5819779942567301E-002
   4.2650000000000006       -8.5243035992035116E-002
   4.2720000000000002       -8.4670502485676535E-002
   4.2789999999999999       -8.4100931122415637E-002
   4.2860000000000005       -8.3528188891378766E-002
   4.2930000000000001       -8.2954485871874428E-002
   4.2999999999999998       -8.2382548073895459E-002
   4.3070000000000004       -8.1811637276872851E-002
   4.3140000000000001       -8.1240801085023739E-002
   4.3209999999999997       -8.0671163771982912E-002
   4.3280000000000003       -8.0107719299094174E-002
   4.3350000000000000       -7.9546882791896922E-002
   4.3420000000000005       -7.8981850820803556E-002
   4.3490000000000002       -7.8417319999587509E-002
   4.3559999999999999       -7.7855219355015867E-002
   4.3630000000000004       -7.7293120781611852E-002
   4.3700000000000001       -7.6735809612874378E-002
   4.3769999999999998       -7.6184083905518618E-002
   4.3840000000000003       -7.5629665997398732E-002
   4.3910000000000000       -7.5073930749667367E-002
   4.3980000000000006       -7.4521379046544087E-002
   4.4050000000000002       -7.3970766306746052E-002
   4.4119999999999999       -7.3421320061846387E-002
   4.4190000000000005       -7.2874002697608631E-002
   4.4260000000000002       -7.2332166783971294E-002
   4.4329999999999998       -7.1794263197330330E-002
   4.4400000000000004       -7.1254145921022333E-002
   4.4470000000000001       -7.0714488785506346E-002
   4.4539999999999997       -7.0178240564217870E-002
   4.4610000000000003       -6.9643633615189285E-002
   4.4680000000000000       -6.9113095779072917E-002
   4.4750000000000005       -6.8588465540361979E-002
   4.4820000000000002       -6.8064037786263562E-002
   4.4889999999999999       -6.7539000000000002E-002
   4.4960000000000004       -6.7016841362886645E-002
   4.5030000000000001       -6.6498040872791264E-002
   4.5099999999999998       -6.5981666267480449E-002
   4.5170000000000003       -6.5466814976779891E-002
   4.5240000000000000       -6.4957241162467552E-002
   4.5309999999999997       -6.4453859222208670E-002
   4.5380000000000003       -6.3950126407022148E-002
   4.5449999999999999       -6.3446406159760049E-002
   4.5520000000000005       -6.2945925145129533E-002
   4.5590000000000002       -6.2447498912851333E-002
   4.5659999999999998       -6.1953011621860121E-002
   4.5730000000000004       -6.1465411965241058E-002
   4.5800000000000001       -6.0979298318270106E-002
   4.5869999999999997       -6.0492271283704782E-002
   4.5940000000000003       -6.0008223258506230E-002
   4.6010000000000000       -5.9527729205093673E-002
   4.6080000000000005       -5.9049817017164774E-002
   4.6150000000000002       -5.8573856153802090E-002
   4.6219999999999999       -5.8102511659159195E-002
   4.6290000000000004       -5.7637621439225142E-002
   4.6360000000000001       -5.7173269795037548E-002
   4.6429999999999998       -5.6708823325392649E-002
   4.6500000000000004       -5.6248481749155255E-002
   4.6570000000000000       -5.5790370065654814E-002
   4.6639999999999997       -5.5334854005878419E-002
   4.6710000000000003       -5.4886470301878217E-002
   4.6779999999999999       -5.4441045318536850E-002
   4.6850000000000005       -5.3994574356156150E-002
   4.6920000000000002       -5.3551116312782393E-002
   4.6989999999999998       -5.3111403905421295E-002
   4.7060000000000004       -5.2673807684575573E-002
   4.7130000000000001       -5.2238397997727296E-002
   4.7199999999999998       -5.1807411723427579E-002
   4.7270000000000003       -5.1383270406553709E-002
   4.7340000000000000       -5.0960987847124599E-002
   4.7410000000000005       -5.0538217893142584E-002
   4.7480000000000002       -5.0119057052602847E-002
   4.7549999999999999       -4.9702950969580786E-002
   4.7620000000000005       -4.9289306421607865E-002
   4.7690000000000001       -4.8882095718144718E-002
   4.7759999999999998       -4.8478948378094716E-002
   4.7830000000000004       -4.8075069219580234E-002
   4.7900000000000000       -4.7673497532598794E-002
   4.7969999999999997       -4.7275935200725580E-002
   4.8040000000000003       -4.6881130112791755E-002
   4.8109999999999999       -4.6488757570268477E-002
   4.8180000000000005       -4.6100030443080572E-002
   4.8250000000000002       -4.5717281028717693E-002
   4.8319999999999999       -4.5337412338352756E-002
   4.8390000000000004       -4.4957200530031438E-002
   4.8460000000000001       -4.4579278239695125E-002
   4.8529999999999998       -4.4205034457750647E-002
   4.8600000000000003       -4.3834100660282080E-002
   4.8670000000000000       -4.3465440290710602E-002
   4.8740000000000006       -4.3100197188552722E-002
   4.8810000000000002       -4.2740850795126545E-002
   4.8879999999999999       -4.2383627704051352E-002
   4.8950000000000005       -4.2026391985246436E-002
   4.9020000000000001       -4.1672680653147290E-002
   4.9089999999999998       -4.1321967173816039E-002
   4.9160000000000004       -4.0973201319746473E-002
   4.9230000000000000       -4.0629614505038839E-002
   4.9299999999999997       -4.0290157194066055E-002
   4.9370000000000003       -3.9951230836900199E-002
   4.9440000000000000       -3.9614002131756365E-002
   4.9510000000000005       -3.9279753893039220E-002
   4.9580000000000002       -3.8948461244327416E-002
   4.9649999999999999       -3.8619532838832828E-002
   4.9720000000000004       -3.8293580465679954E-002
   4.9790000000000001       -3.7973047782002514E-002
   4.9859999999999998       -3.7655668733823616E-002
   4.9930000000000003       -3.7338438443575345E-002
