  -2.0000000000000000        0.0000000000000000     
  -1.9930000000000001        0.0000000000000000     
  -1.9860000000000000        0.0000000000000000     
  -1.9790000000000001        0.0000000000000000     
  -1.9720000000000000        0.0000000000000000     
  -1.9650000000000001        0.0000000000000000     
  -1.9580000000000000        0.0000000000000000     
  -1.9510000000000001        0.0000000000000000     
  -1.9440000000000000        0.0000000000000000     
  -1.9370000000000001        0.0000000000000000     
  -1.9299999999999999        0.0000000000000000     
  -1.9230000000000000        0.0000000000000000     
  -1.9159999999999999        0.0000000000000000     
  -1.9090000000000000        0.0000000000000000     
  -1.9019999999999999        0.0000000000000000     
  -1.8950000000000000        0.0000000000000000     
  -1.8879999999999999        0.0000000000000000     
  -1.8810000000000000        0.0000000000000000     
  -1.8740000000000001        0.0000000000000000     
  -1.8670000000000000        0.0000000000000000     
  -1.8599999999999999        0.0000000000000000     
  -1.8530000000000000        0.0000000000000000     
  -1.8460000000000001        0.0000000000000000     
  -1.8390000000000000        0.0000000000000000     
  -1.8320000000000001        0.0000000000000000     
  -1.8250000000000000        0.0000000000000000     
  -1.8180000000000001        0.0000000000000000     
  -1.8109999999999999        0.0000000000000000     
  -1.8040000000000000        0.0000000000000000     
  -1.7969999999999999        0.0000000000000000     
  -1.7900000000000000        0.0000000000000000     
  -1.7829999999999999        0.0000000000000000     
  -1.7760000000000000        0.0000000000000000     
  -1.7689999999999999        0.0000000000000000     
  -1.7620000000000000        0.0000000000000000     
  -1.7549999999999999        0.0000000000000000     
  -1.7480000000000000        0.0000000000000000     
  -1.7410000000000001        0.0000000000000000     
  -1.7340000000000000        0.0000000000000000     
  -1.7269999999999999        0.0000000000000000     
  -1.7200000000000000        0.0000000000000000     
  -1.7130000000000001        0.0000000000000000     
  -1.7060000000000000        0.0000000000000000     
  -1.6990000000000001        0.0000000000000000     
  -1.6919999999999999        0.0000000000000000     
  -1.6850000000000001        0.0000000000000000     
  -1.6779999999999999        0.0000000000000000     
  -1.6710000000000000        0.0000000000000000     
  -1.6639999999999999        0.0000000000000000     
  -1.6570000000000000        0.0000000000000000     
  -1.6499999999999999        0.0000000000000000     
  -1.6430000000000000        0.0000000000000000     
  -1.6360000000000001        0.0000000000000000     
  -1.6290000000000000        0.0000000000000000     
  -1.6219999999999999        0.0000000000000000     
  -1.6150000000000000        0.0000000000000000     
  -1.6080000000000001        0.0000000000000000     
  -1.6010000000000000        0.0000000000000000     
  -1.5939999999999999        0.0000000000000000     
  -1.5870000000000000        0.0000000000000000     
  -1.5800000000000001        0.0000000000000000     
  -1.5730000000000000        0.0000000000000000     
  -1.5660000000000001        0.0000000000000000     
  -1.5589999999999999        0.0000000000000000     
  -1.5520000000000000        0.0000000000000000     
  -1.5449999999999999        0.0000000000000000     
  -1.5380000000000000        0.0000000000000000     
  -1.5309999999999999        0.0000000000000000     
  -1.5240000000000000        0.0000000000000000     
  -1.5169999999999999        0.0000000000000000     
  -1.5100000000000000        0.0000000000000000     
  -1.5030000000000001        0.0000000000000000     
  -1.4960000000000000        0.0000000000000000     
  -1.4889999999999999        0.0000000000000000     
  -1.4820000000000000        0.0000000000000000     
  -1.4750000000000001        0.0000000000000000     
  -1.4680000000000000        0.0000000000000000     
  -1.4609999999999999        0.0000000000000000     
  -1.4540000000000000        0.0000000000000000     
  -1.4470000000000001        0.0000000000000000     
  -1.4399999999999999        0.0000000000000000     
  -1.4329999999999998        0.0000000000000000     
  -1.4259999999999999        0.0000000000000000     
  -1.4190000000000000        0.0000000000000000     
  -1.4119999999999999        0.0000000000000000     
  -1.4050000000000000        0.0000000000000000     
  -1.3980000000000001        0.0000000000000000     
  -1.3910000000000000        0.0000000000000000     
  -1.3839999999999999        0.0000000000000000     
  -1.3770000000000000        0.0000000000000000     
  -1.3700000000000001        0.0000000000000000     
  -1.3630000000000000        0.0000000000000000     
  -1.3559999999999999        0.0000000000000000     
  -1.3490000000000000        0.0000000000000000     
  -1.3420000000000001        0.0000000000000000     
  -1.3350000000000000        0.0000000000000000     
  -1.3279999999999998        0.0000000000000000     
  -1.3210000000000000        0.0000000000000000     
  -1.3140000000000001        0.0000000000000000     
  -1.3069999999999999        0.0000000000000000     
  -1.2999999999999998        0.0000000000000000     
  -1.2930000000000001        0.0000000000000000     
  -1.2860000000000000        0.0000000000000000     
  -1.2789999999999999        0.0000000000000000     
  -1.2720000000000000        0.0000000000000000     
  -1.2650000000000001        0.0000000000000000     
  -1.2580000000000000        0.0000000000000000     
  -1.2509999999999999        0.0000000000000000     
  -1.2440000000000000        0.0000000000000000     
  -1.2370000000000001        0.0000000000000000     
  -1.2300000000000000        0.0000000000000000     
  -1.2229999999999999        0.0000000000000000     
  -1.2160000000000000        0.0000000000000000     
  -1.2090000000000001        0.0000000000000000     
  -1.2020000000000000        0.0000000000000000     
  -1.1949999999999998        0.0000000000000000     
  -1.1879999999999999        0.0000000000000000     
  -1.1810000000000000        0.0000000000000000     
  -1.1739999999999999        0.0000000000000000     
  -1.1670000000000000        0.0000000000000000     
  -1.1600000000000001        0.0000000000000000     
  -1.1530000000000000        0.0000000000000000     
  -1.1459999999999999        0.0000000000000000     
  -1.1390000000000000        0.0000000000000000     
  -1.1320000000000001        0.0000000000000000     
  -1.1250000000000000        0.0000000000000000     
  -1.1179999999999999        0.0000000000000000     
  -1.1110000000000000        0.0000000000000000     
  -1.1040000000000001        0.0000000000000000     
  -1.0970000000000000        0.0000000000000000     
  -1.0899999999999999        0.0000000000000000     
  -1.0830000000000000        0.0000000000000000     
  -1.0760000000000001        0.0000000000000000     
  -1.0690000000000000        0.0000000000000000     
  -1.0619999999999998        0.0000000000000000     
  -1.0549999999999999        0.0000000000000000     
  -1.0480000000000000        0.0000000000000000     
  -1.0409999999999999        0.0000000000000000     
  -1.0340000000000000        0.0000000000000000     
  -1.0270000000000001        0.0000000000000000     
  -1.0200000000000000        0.0000000000000000     
  -1.0129999999999999        0.0000000000000000     
  -1.0060000000000000        0.0000000000000000     
 -0.99899999999999989        21.641618299164968     
 -0.99199999999999999        21.492687948552700     
 -0.98499999999999988        21.345727399061296     
 -0.97799999999999998        21.200823333839910     
 -0.97100000000000009        21.057509897599502     
 -0.96399999999999997        20.916025807031634     
 -0.95700000000000007        20.776546629658302     
 -0.94999999999999996        20.639003782506592     
 -0.94300000000000006        20.503723736347361     
 -0.93599999999999994        20.370941437980917     
 -0.92900000000000005        20.240474827706013     
 -0.92199999999999993        20.112638388519507     
 -0.91500000000000004        19.987807008698589     
 -0.90799999999999992        19.865653318871477     
 -0.90100000000000002        19.746359208102703     
 -0.89399999999999991        19.630431893562509     
 -0.88700000000000001        19.517436313647085     
 -0.87999999999999989        19.407201234561487     
 -0.87300000000000000        19.300194820463112     
 -0.86599999999999988        19.196548130869996     
 -0.85899999999999999        19.096166478227584     
 -0.85199999999999987        18.998869340870431     
 -0.84499999999999997        18.904899567632487     
 -0.83800000000000008        18.814638841633439     
 -0.83099999999999996        18.728062777430218     
 -0.82400000000000007        18.645058766783517     
 -0.81699999999999995        18.565603340082266     
 -0.81000000000000005        18.490157466094153     
 -0.80299999999999994        18.418823714353305     
 -0.79600000000000004        18.351074109334803     
 -0.78899999999999992        18.286802604797224     
 -0.78200000000000003        18.226197368330485     
 -0.77499999999999991        18.169601180740436     
 -0.76800000000000002        18.117092221938169     
 -0.76099999999999990        18.068598111104325     
 -0.75400000000000000        18.024171276630945     
 -0.74699999999999989        17.983787390794877     
 -0.73999999999999999        17.947375238639381     
 -0.73299999999999987        17.915090370749564     
 -0.72599999999999998        17.886793539098250     
 -0.71900000000000008        17.861945757180351     
 -0.71199999999999997        17.841128204217178     
 -0.70500000000000007        17.824941145094709     
 -0.69799999999999995        17.812843655036200     
 -0.69100000000000006        17.804659404988463     
 -0.68399999999999994        17.800538661139733     
 -0.67700000000000005        17.800470150606500     
 -0.66999999999999993        17.804421031740063     
 -0.66300000000000003        17.812386143622852     
 -0.65599999999999992        17.824465641155850     
 -0.64900000000000002        17.840530361152592     
 -0.64199999999999990        17.860129833595948     
 -0.63500000000000001        17.883567839335420     
 -0.62799999999999989        17.911153754977615     
 -0.62100000000000000        17.942331434192084     
 -0.61399999999999988        17.977212285177806     
 -0.60699999999999998        18.016259752586162     
 -0.59999999999999987        18.059053940794250     
 -0.59299999999999997        18.105341744221072     
 -0.58600000000000008        18.155279659679564     
 -0.57899999999999996        18.208970581866296     
 -0.57200000000000006        18.266247985128960     
 -0.56499999999999995        18.326637167028522     
 -0.55800000000000005        18.390478427125640     
 -0.55099999999999993        18.458086462573526     
 -0.54400000000000004        18.528616817395612     
 -0.53699999999999992        18.601744890378434     
 -0.53000000000000003        18.677729135990869     
 -0.52299999999999991        18.756915627763739     
 -0.51600000000000001        18.839341030319673     
 -0.50899999999999990        18.924658846420993     
 -0.50200000000000000        19.012428318883803     
 -0.49499999999999988        19.102583752287451     
 -0.48799999999999999        19.195662978806777     
 -0.48099999999999987        19.291211719984922     
 -0.47399999999999998        19.388648515552024     
 -0.46699999999999986        19.488604036621453     
 -0.45999999999999996        19.590823238254369     
 -0.45300000000000007        19.694457635520017     
 -0.44599999999999995        19.800007576024143     
 -0.43900000000000006        19.907633547188809     
 -0.43199999999999994        20.016737838968716     
 -0.42500000000000004        20.127430809700833     
 -0.41799999999999993        20.239853223730002     
 -0.41100000000000003        20.353630964361308     
 -0.40399999999999991        20.468298872246741     
 -0.39700000000000002        20.583675501711394     
 -0.38999999999999990        20.700390231029022     
 -0.38300000000000001        20.818128813179779     
 -0.37599999999999989        20.935968140257778     
 -0.36899999999999999        21.054584770415339     
 -0.36199999999999988        21.174128377677082     
 -0.35499999999999998        21.293604088474996     
 -0.34799999999999986        21.413018745541322     
 -0.34099999999999997        21.532488546619600     
 -0.33400000000000007        21.651493662377732     
 -0.32699999999999996        21.770196519346356     
 -0.32000000000000006        21.888953896800079     
 -0.31299999999999994        22.007240455808031     
 -0.30600000000000005        22.124505140124427     
 -0.29899999999999993        22.240466255755475     
 -0.29200000000000004        22.355471996789831     
 -0.28499999999999992        22.469757854157436     
 -0.27800000000000002        22.583051217355823     
 -0.27099999999999991        22.694444920811019     
 -0.26400000000000001        22.803603103006864     
 -0.25699999999999990        22.911806976282989     
 -0.25000000000000000        23.018534268333774     
 -0.24299999999999988        23.122522111049523     
 -0.23599999999999999        23.224505512061981     
 -0.22899999999999987        23.324415529893621     
 -0.22199999999999998        23.421250937698062     
 -0.21499999999999986        23.515459154372856     
 -0.20799999999999996        23.607449185452502     
 -0.20100000000000007        23.696817480631939     
 -0.19399999999999995        23.782743061611420     
 -0.18700000000000006        23.864890507342309     
 -0.17999999999999994        23.944290975754441     
 -0.17300000000000004        24.020732691106396     
 -0.16599999999999993        24.093312993561028     
 -0.15900000000000003        24.162295163259063     
 -0.15199999999999991        24.227680268350760     
 -0.14500000000000002        24.288994407040896     
 -0.13799999999999990        24.346177631090910     
 -0.13100000000000001        24.399370995022505     
 -0.12399999999999989        24.448710798764218     
 -0.11699999999999999        24.493578569266660     
 -0.10999999999999988        24.533417047487255     
 -0.10299999999999998        24.568719542080462     
  -9.5999999999999863E-002   24.599796505669662     
  -8.8999999999999968E-002   24.626513323969746     
  -8.1999999999999851E-002   24.648075055347761     
  -7.4999999999999956E-002   24.664344257063128     
  -6.8000000000000060E-002   24.675918471141177     
  -6.0999999999999943E-002   24.682376494367507     
  -5.4000000000000048E-002   24.683509919134046     
  -4.6999999999999931E-002   24.679977728527334     
  -4.0000000000000036E-002   24.671268325616836     
  -3.2999999999999918E-002   24.656710013651896     
  -2.6000000000000023E-002   24.636918477979158     
  -1.8999999999999906E-002   24.611848321052950     
  -1.2000000000000011E-002   24.580992202356860     
  -4.9999999999998934E-003   24.544775842592500     
   2.0000000000002238E-003   24.503392894436843     
   8.9999999999998970E-003   24.456452492176325     
   1.6000000000000014E-002   24.403408879909762     
   2.3000000000000131E-002   24.344297645026025     
   3.0000000000000249E-002   24.280117179691551     
   3.6999999999999922E-002   24.210387692591041     
   4.4000000000000039E-002   24.134363096682975     
   5.1000000000000156E-002   24.052999318888656     
   5.7999999999999829E-002   23.966481209414596     
   6.4999999999999947E-002   23.874228866222509     
   7.2000000000000064E-002   23.776271849966168     
   7.9000000000000181E-002   23.672706213827681     
   8.5999999999999854E-002   23.563498804100021     
   9.2999999999999972E-002   23.448616367074038     
  0.10000000000000009        23.328055886584174     
  0.10700000000000021        23.201876125929850     
  0.11399999999999988        23.070264943020781     
  0.12100000000000000        22.933381526211619     
  0.12800000000000011        22.791109469839451     
  0.13500000000000023        22.643773898708957     
  0.14199999999999990        22.491820934100151     
  0.14900000000000002        22.334260655684520     
  0.15600000000000014        22.171036805384006     
  0.16300000000000026        22.003639142655754     
  0.16999999999999993        21.831787047158354     
  0.17700000000000005        21.654801716552818     
  0.18400000000000016        21.472858401383135     
  0.19099999999999984        21.286299784441994     
  0.19799999999999995        21.095368649387506     
  0.20500000000000007        20.899893331785286     
  0.21200000000000019        20.700108857839634     
  0.21899999999999986        20.496534126466223     
  0.22599999999999998        20.288820624685950     
  0.23300000000000010        20.076947202746226     
  0.24000000000000021        19.861585393451293     
  0.24699999999999989        19.642329648646097     
  0.25400000000000000        19.418913073351632     
  0.26100000000000012        19.192393581391144     
  0.26800000000000024        18.962802679895788     
  0.27499999999999991        18.729692710407811     
  0.28200000000000003        18.493729539479602     
  0.28900000000000015        18.254938990827032     
  0.29600000000000026        18.012716502426649     
  0.30299999999999994        17.767784236885777     
  0.31000000000000005        17.520592474074292     
  0.31700000000000017        17.270621475390168     
  0.32399999999999984        17.018145648560687     
  0.33099999999999996        16.763630127254512     
  0.33800000000000008        16.507016903312369     
  0.34500000000000020        16.248518679812577     
  0.35199999999999987        15.988474688002936     
  0.35899999999999999        15.726803187936525     
  0.36600000000000010        15.463536588227722     
  0.37300000000000022        15.198863482418735     
  0.37999999999999989        14.932616038133755     
  0.38700000000000001        14.665087675389909     
  0.39400000000000013        14.397334309984117     
  0.40100000000000025        14.128871207794552     
  0.40799999999999992        13.858976339751134     
  0.41500000000000004        13.588384130689597     
  0.42200000000000015        13.317820039084415     
  0.42900000000000027        13.047554954931252     
  0.43599999999999994        12.776846645848671     
  0.44300000000000006        12.505507974237128     
  0.45000000000000018        12.234184189782326     
  0.45699999999999985        11.963083830551508     
  0.46399999999999997        11.692453515112843     
  0.47100000000000009        11.422797383161845     
  0.47800000000000020        11.153610386238160     
  0.48499999999999988        10.884391315474875     
  0.49199999999999999        10.616077701749496     
  0.49900000000000011        10.348999999999997     
  0.50600000000000023        10.082880986624870     
  0.51299999999999990        9.8177710457060297     
  0.52000000000000002        9.5538102235780133     
  0.52700000000000014        9.2911488202900934     
  0.53400000000000025        9.0299791202905837     
  0.54099999999999993        8.7703516902115535     
  0.54800000000000004        8.5120664176544256     
  0.55500000000000016        8.2552377713913643     
  0.56199999999999983        8.0001118896451420     
  0.56899999999999995        7.7467389763707502     
  0.57600000000000007        7.4951703577141160     
  0.58300000000000018        7.2455206507972685     
  0.58999999999999986        6.9980004241330800     
  0.59699999999999998        6.7526548057887616     
  0.60400000000000009        6.5093208299657697     
  0.61100000000000021        6.2680533890223611     
  0.61799999999999988        6.0290032774250459     
  0.62500000000000000        5.7923050422251672     
  0.63200000000000012        5.5579290589958372     
  0.63900000000000023        5.3258598762300693     
  0.64599999999999991        5.0963985751313610     
  0.65300000000000002        4.8694960145917463     
  0.66000000000000014        4.6448450148007847     
  0.66700000000000026        4.4226706506556326     
  0.67399999999999993        4.2031425981351651     
  0.68100000000000005        3.9861686957805387     
  0.68800000000000017        3.7718354611989220     
  0.69499999999999984        3.5602803562019534     
  0.70199999999999996        3.3515710333540309     
  0.70900000000000007        3.1456388449406081     
  0.71600000000000019        2.9423841989532722     
  0.72299999999999986        2.7418737159342292     
  0.72999999999999998        2.5441029339379879     
  0.73700000000000010        2.3490268322225853     
  0.74400000000000022        2.1568839111042966     
  0.75099999999999989        1.9676743590710446     
  0.75800000000000001        1.7810041819718050     
  0.76500000000000012        1.5969984126095982     
  0.77200000000000024        1.4158825838740912     
  0.77899999999999991        1.2375350036796489     
  0.78600000000000003        1.0618881883347120     
  0.79300000000000015       0.88898207203270729     
  0.80000000000000027       0.71896858038370581     
  0.80699999999999994       0.55179871935807245     
  0.81400000000000006       0.38724679574683663     
  0.82100000000000017       0.22537446297477892     
  0.82799999999999985        6.6261135622371903E-002
  0.83499999999999996       -9.0134542494332948E-002
  0.84200000000000008      -0.24385369594802775     
  0.84900000000000020      -0.39488555359294608     
  0.85599999999999987      -0.54313464335768913     
  0.86299999999999999      -0.68868692696568790     
  0.87000000000000011      -0.83170613088791345     
  0.87700000000000022      -0.97212368372406477     
  0.88399999999999990       -1.1099029926191504     
  0.89100000000000001       -1.2450901672486134     
  0.89800000000000013       -1.3776769550494743     
  0.90500000000000025       -1.5076309271523947     
  0.91199999999999992       -1.6349303253359535     
  0.91900000000000004       -1.7597135275539690     
  0.92600000000000016       -1.8821049928081299     
  0.93300000000000027       -2.0020059948308173     
  0.93999999999999995       -2.1193914715982114     
  0.94700000000000006       -2.2343192984233440     
  0.95400000000000018       -2.3468293077881892     
  0.96099999999999985       -2.4569147132785520     
  0.96799999999999997       -2.5645401943418413     
  0.97500000000000009       -2.6697798397699657     
  0.98200000000000021       -2.7727305150182318     
  0.98899999999999988       -2.8734443938319334     
  0.99600000000000000       -2.9718512076721018     
   1.0030000000000001       -3.0679446237491117     
   1.0100000000000002       -3.1620199856743998     
   1.0169999999999999       -3.2536999999999994     
   1.0240000000000000       -3.3424156070812048     
   1.0310000000000001       -3.4292014519692593     
   1.0380000000000003       -3.5144873690954235     
   1.0449999999999999       -3.5975450408748060     
   1.0520000000000000       -3.6783068593011539     
   1.0590000000000002       -3.7569797635848374     
   1.0660000000000003       -3.8336827145028716     
   1.0730000000000000       -3.9079954167528985     
   1.0800000000000001       -3.9796550693640560     
   1.0870000000000002       -4.0496428607327850     
   1.0939999999999999       -4.1180759434985488     
   1.1010000000000000       -4.1843151658397089     
   1.1080000000000001       -4.2486133326573752     
   1.1150000000000002       -4.3109575504961803     
   1.1219999999999999       -4.3708214022128367     
   1.1290000000000000       -4.4287372011254984     
   1.1360000000000001       -4.4852202321142158     
   1.1430000000000002       -4.5398803117500979     
   1.1499999999999999       -4.5925853543343012     
   1.1570000000000000       -4.6434378331184352     
   1.1640000000000001       -4.6925354433066211     
   1.1710000000000003       -4.7397259675218084     
   1.1779999999999999       -4.7847789584198530     
   1.1850000000000001       -4.8281514328599737     
   1.1920000000000002       -4.8701043425612678     
   1.1990000000000003       -4.9103827171849117     
   1.2060000000000000       -4.9489798161224883     
   1.2130000000000001       -4.9858854870838183     
   1.2200000000000002       -5.0208576034599766     
   1.2269999999999999       -5.0541326544860574     
   1.2340000000000000       -5.0860884279394760     
   1.2410000000000001       -5.1164816782672915     
   1.2480000000000002       -5.1452077582757827     
   1.2549999999999999       -5.1724057747609695     
   1.2620000000000000       -5.1981055211881166     
   1.2690000000000001       -5.2222441203460388     
   1.2760000000000002       -5.2447149086059808     
   1.2829999999999999       -5.2656892614990660     
   1.2900000000000000       -5.2853484418695675     
   1.2970000000000002       -5.3036108946741845     
   1.3040000000000003       -5.3204212690563857     
   1.3109999999999999       -5.3357719437152653     
   1.3180000000000001       -5.3496722739654468     
   1.3250000000000002       -5.3622139249986063     
   1.3319999999999999       -5.3735295218054251     
   1.3390000000000000       -5.3835333680113351     
   1.3460000000000001       -5.3921860572579519     
   1.3530000000000002       -5.3996238834625023     
   1.3599999999999999       -5.4058670225267278     
   1.3670000000000000       -5.4108873997098055     
   1.3740000000000001       -5.4147022948107022     
   1.3810000000000002       -5.4173605109822889     
   1.3879999999999999       -5.4189157525499478     
   1.3950000000000000       -5.4193718455691329     
   1.4020000000000001       -5.4187399963731249     
   1.4090000000000003       -5.4170530567348951     
   1.4159999999999999       -5.4143364755565351     
   1.4230000000000000       -5.4106150677258622     
   1.4300000000000002       -5.4059199053923361     
   1.4370000000000003       -5.4002412077786461     
   1.4440000000000000       -5.3935593794413332     
   1.4510000000000001       -5.3858884831720673     
   1.4580000000000002       -5.3772704970667986     
   1.4649999999999999       -5.3677635582593233     
   1.4720000000000000       -5.3574152438280107     
   1.4790000000000001       -5.3461845306036793     
   1.4860000000000002       -5.3339676210676004     
   1.4929999999999999       -5.3208852557657131     
   1.5000000000000000       -5.3070220915595234     
   1.5070000000000001       -5.2922600738669150     
   1.5140000000000002       -5.2766148484695332     
   1.5209999999999999       -5.2602138774239071     
   1.5280000000000000       -5.2432299128827209     
   1.5350000000000001       -5.2255590618616914     
   1.5420000000000003       -5.2069608877931968     
   1.5489999999999999       -5.1876056980211454     
   1.5560000000000000       -5.1676070410920634     
   1.5630000000000002       -5.1469107308563933     
   1.5700000000000003       -5.1257120888535779     
   1.5770000000000000       -5.1040610042393215     
   1.5840000000000001       -5.0815961500805997     
   1.5910000000000002       -5.0584306582906615     
   1.5979999999999999       -5.0348500641107012     
   1.6050000000000000       -5.0107280360936173     
   1.6120000000000001       -4.9860139988433234     
   1.6190000000000002       -4.9608034961139582     
   1.6259999999999999       -4.9352404289923157     
   1.6330000000000000       -4.9092861532703385     
   1.6400000000000001       -4.8826985671490108     
   1.6470000000000002       -4.8555775568524417     
   1.6539999999999999       -4.8280518956200051     
   1.6610000000000000       -4.8000237414987570     
   1.6680000000000001       -4.7716580901504919     
   1.6750000000000003       -4.7431241014075987     
   1.6819999999999999       -4.7140701251791128     
   1.6890000000000001       -4.6844080496917462     
   1.6960000000000002       -4.6543600691033502     
   1.7030000000000003       -4.6239728261862174     
   1.7100000000000000       -4.5932061297716338     
   1.7170000000000001       -4.5620141678586439     
   1.7240000000000002       -4.5306254098903391     
   1.7309999999999999       -4.4991423406534725     
   1.7380000000000000       -4.4671870919263093     
   1.7450000000000001       -4.4347768834549450     
   1.7520000000000002       -4.4021371875313715     
   1.7589999999999999       -4.3691660404627335     
   1.7660000000000000       -4.3359697644613329     
   1.7730000000000001       -4.3028119707284853     
   1.7800000000000002       -4.2693775086654311     
   1.7869999999999999       -4.2354832128801725     
   1.7940000000000000       -4.2013862531865271     
   1.8010000000000002       -4.1671334902037174     
   1.8080000000000003       -4.1326643570556749     
   1.8149999999999999       -4.0979630216966925     
   1.8220000000000001       -4.0632192773727969     
   1.8290000000000002       -4.0285926724790411     
   1.8360000000000003       -3.9936725540082780     
   1.8430000000000000       -3.9583429567450699     
   1.8500000000000001       -3.9228816394428940     
   1.8570000000000002       -3.8872820203196681     
   1.8639999999999999       -3.8515661811648103     
   1.8710000000000000       -3.8159171557862903     
   1.8780000000000001       -3.7801414253437100     
   1.8850000000000002       -3.7440133917002716     
   1.8919999999999999       -3.7076995588693311     
   1.8990000000000000       -3.6712562682001963     
   1.9060000000000001       -3.6346350543078496     
   1.9130000000000003       -3.5978975457940710     
   1.9199999999999999       -3.5611851316294949     
   1.9270000000000000       -3.5246288808638395     
   1.9340000000000002       -3.4879690492762183     
   1.9410000000000003       -3.4510408745284411     
   1.9480000000000000       -3.4140577767744551     
   1.9550000000000001       -3.3770911016895537     
   1.9620000000000002       -3.3401992004803533     
   1.9689999999999999       -3.3036273777156850     
   1.9760000000000000       -3.2671999999999999     
   1.9830000000000001       -3.2305461152414319     
   1.9900000000000002       -3.1939470956449925     
   1.9969999999999999       -3.1575834747273936     
   2.0040000000000004       -3.1213334698264905     
   2.0110000000000001       -3.0851843670250405     
   2.0179999999999998       -3.0492726548866989     
   2.0250000000000004       -3.0138622809290654     
   2.0320000000000000       -2.9786656817627559     
   2.0389999999999997       -2.9433220960772237     
   2.0460000000000003       -2.9081357229171969     
   2.0529999999999999       -2.8731982157610858     
   2.0600000000000005       -2.8384080817997592     
   2.0670000000000002       -2.8040220000612264     
   2.0739999999999998       -2.7700235783529239     
   2.0810000000000004       -2.7360128696515136     
   2.0880000000000001       -2.7021115235594726     
   2.0949999999999998       -2.6685124719597324     
   2.1020000000000003       -2.6351204902732039     
   2.1090000000000000       -2.6019162690599460     
   2.1159999999999997       -2.5689945872846573     
   2.1230000000000002       -2.5365645390696789     
   2.1299999999999999       -2.5044750357795662     
   2.1370000000000005       -2.4723622663559288     
   2.1440000000000001       -2.4404212058751860     
   2.1509999999999998       -2.4088320610230367     
   2.1580000000000004       -2.3775372049179433     
   2.1650000000000000       -2.3464753506217448     
   2.1719999999999997       -2.3157024042289653     
   2.1790000000000003       -2.2854550502440625     
   2.1859999999999999       -2.2555363070614054     
   2.1930000000000005       -2.2256408026003807     
   2.2000000000000002       -2.1960182122316181     
   2.2069999999999999       -2.1667637798063399     
   2.2140000000000004       -2.1377844086139186     
   2.2210000000000001       -2.1092885192004700     
   2.2279999999999998       -2.0812781720872198     
   2.2350000000000003       -2.0533932120051350     
   2.2420000000000000       -2.0256926623372804     
   2.2489999999999997       -1.9983642972183437     
   2.2560000000000002       -1.9714264160092538     
   2.2629999999999999       -1.9448066117685041     
   2.2700000000000005       -1.9184766140632261     
   2.2770000000000001       -1.8926867383028418     
   2.2839999999999998       -1.8673634122402447     
   2.2910000000000004       -1.8421496972764464     
   2.2980000000000000       -1.8171873635692122     
   2.3049999999999997       -1.7925894681783912     
   2.3120000000000003       -1.7682162517769882     
   2.3190000000000000       -1.7442583437124142     
   2.3260000000000005       -1.7208535441901680     
   2.3330000000000002       -1.6976614339687031     
   2.3399999999999999       -1.6746179817503306     
   2.3470000000000004       -1.6518794510768700     
   2.3540000000000001       -1.6294869924610309     
   2.3609999999999998       -1.6073966349974547     
   2.3680000000000003       -1.5855455473740001     
   2.3750000000000000       -1.5641238684303673     
   2.3819999999999997       -1.5431596903438967     
   2.3890000000000002       -1.5223333401701915     
   2.3959999999999999       -1.5016826482745438     
   2.4030000000000005       -1.4813560385080631     
   2.4100000000000001       -1.4612847573413963     
   2.4169999999999998       -1.4415423864296433     
   2.4240000000000004       -1.4222424294351550     
   2.4310000000000000       -1.4031581389333643     
   2.4379999999999997       -1.3842154246428395     
   2.4450000000000003       -1.3655763391440821     
   2.4520000000000000       -1.3472152472753693     
   2.4590000000000005       -1.3290801214286305     
   2.4660000000000002       -1.3112033022791809     
   2.4729999999999999       -1.2936725776287710     
   2.4800000000000004       -1.2765034487798483     
   2.4870000000000001       -1.2594768071295932     
   2.4939999999999998       -1.2426000000000013     
   2.5010000000000003       -1.2260408765968891     
   2.5080000000000000       -1.2097375758458311     
   2.5149999999999997       -1.1936702406068913     
   2.5220000000000002       -1.1779166565765773     
   2.5289999999999999       -1.1624075794684878     
   2.5360000000000005       -1.1470669511434846     
   2.5430000000000001       -1.1319152073845542     
   2.5499999999999998       -1.1169967848787732     
   2.5570000000000004       -1.1023313004783444     
   2.5640000000000001       -1.0878547631948976     
   2.5709999999999997       -1.0736013657537793     
   2.5780000000000003       -1.0596576136060745     
   2.5850000000000000       -1.0459215285809349     
   2.5920000000000005       -1.0323173210431398     
   2.5990000000000002       -1.0188695322737746     
   2.6059999999999999       -1.0056104024538055     
   2.6130000000000004      -0.99258479400684407     
   2.6200000000000001      -0.97984746721609417     
   2.6269999999999998      -0.96731030083994252     
   2.6340000000000003      -0.95485996793085981     
   2.6410000000000000      -0.94256835814410078     
   2.6479999999999997      -0.93047426209732376     
   2.6550000000000002      -0.91855438240308862     
   2.6619999999999999      -0.90679030867696053     
   2.6690000000000005      -0.89521232789180494     
   2.6760000000000002      -0.88388959366664388     
   2.6829999999999998      -0.87272251888807095     
   2.6900000000000004      -0.86162385651334483     
   2.6970000000000001      -0.85067834804195763     
   2.7039999999999997      -0.83988984714351433     
   2.7110000000000003      -0.82923264575735200     
   2.7180000000000000      -0.81879307400683254     
   2.7250000000000005      -0.80853962431559556     
   2.7320000000000002      -0.79834102726833422     
   2.7389999999999999      -0.78823882920532773     
   2.7460000000000004      -0.77828487405305435     
   2.7530000000000001      -0.76846497887382503     
   2.7599999999999998      -0.75875871444497789     
   2.7670000000000003      -0.74917707730296013     
   2.7740000000000000      -0.73978951602258891     
   2.7809999999999997      -0.73054294369495176     
   2.7880000000000003      -0.72133987113462483     
   2.7949999999999999      -0.71223425801147844     
   2.8020000000000005      -0.70326313298738086     
   2.8090000000000002      -0.69441142475758810     
   2.8159999999999998      -0.68565981919802710     
   2.8230000000000004      -0.67702801964951975     
   2.8300000000000001      -0.66857901488185290     
   2.8369999999999997      -0.66024501611189701     
   2.8440000000000003      -0.65195336531221837     
   2.8510000000000000      -0.64376755814675113     
   2.8580000000000005      -0.63569577700753310     
   2.8650000000000002      -0.62771689288237653     
   2.8719999999999999      -0.61989830634765464     
   2.8790000000000004      -0.61222362012754084     
   2.8860000000000001      -0.60458892813364806     
   2.8929999999999998      -0.59702496210094980     
   2.9000000000000004      -0.58957735562934199     
   2.9070000000000000      -0.58223547265078501     
   2.9139999999999997      -0.57498214327651542     
   2.9210000000000003      -0.56782331878789927     
   2.9279999999999999      -0.56081566542952332     
   2.9350000000000005      -0.55392177918736751     
   2.9420000000000002      -0.54706073887981532     
   2.9489999999999998      -0.54028374199686668     
   2.9560000000000004      -0.53361254783509671     
   2.9630000000000001      -0.52701229299363450     
   2.9699999999999998      -0.52053369921513792     
   2.9770000000000003      -0.51419113071082168     
   2.9840000000000000      -0.50789238938559700     
   2.9910000000000005      -0.50164268090774944     
   2.9980000000000002      -0.49548881093456776     
   3.0049999999999999      -0.48942570764343452     
   3.0120000000000005      -0.48343999999999959     
   3.0190000000000001      -0.47752907251962362     
   3.0259999999999998      -0.47173200373881696     
   3.0330000000000004      -0.46604000164071990     
   3.0400000000000000      -0.46038688396185401     
   3.0469999999999997      -0.45478861894255207     
   3.0540000000000003      -0.44927162045885594     
   3.0609999999999999      -0.44382288989879437     
   3.0680000000000005      -0.43846867175889714     
   3.0750000000000002      -0.43322743803792918     
   3.0819999999999999      -0.42802979153916398     
   3.0890000000000004      -0.42286644998335698     
   3.0960000000000001      -0.41778328787895486     
   3.1029999999999998      -0.41277367375268803     
   3.1100000000000003      -0.40782313338199883     
   3.1170000000000000      -0.40293064949398943     
   3.1239999999999997      -0.39812438009048801     
   3.1310000000000002      -0.39340939050822388     
   3.1379999999999999      -0.38872974930572107     
   3.1450000000000005      -0.38408896245982987     
   3.1520000000000001      -0.37951662201957403     
   3.1589999999999998      -0.37499578099298281     
   3.1660000000000004      -0.37053885896325733     
   3.1730000000000000      -0.36617588077045227     
   3.1799999999999997      -0.36185656594062388     
   3.1870000000000003      -0.35755482068712729     
   3.1940000000000000      -0.35330652142148677     
   3.2010000000000005      -0.34911706124753838     
   3.2080000000000002      -0.34497813897890106     
   3.2149999999999999      -0.34088721846467335     
   3.2220000000000004      -0.33685757767836999     
   3.2290000000000001      -0.33289680313698911     
   3.2359999999999998      -0.32896565676781486     
   3.2430000000000003      -0.32505737891469055     
   3.2500000000000000      -0.32119894134547566     
   3.2569999999999997      -0.31737877981235058     
   3.2640000000000002      -0.31360021872860055     
   3.2709999999999999      -0.30989761923619474     
   3.2780000000000005      -0.30623869580325286     
   3.2850000000000001      -0.30258813850273758     
   3.2919999999999998      -0.29897434543106111     
   3.2990000000000004      -0.29540726128200367     
   3.3060000000000000      -0.29187939083401776     
   3.3129999999999997      -0.28839043392643571     
   3.3200000000000003      -0.28495170873967784     
   3.3270000000000000      -0.28157623988618030     
   3.3340000000000005      -0.27823197577670222     
   3.3410000000000002      -0.27490277471895208     
   3.3479999999999999      -0.27161652064584152     
   3.3550000000000004      -0.26836875802349452     
   3.3620000000000001      -0.26515402945232719     
   3.3689999999999998      -0.26200353767768947     
   3.3760000000000003      -0.25890154986262809     
   3.3830000000000000      -0.25580910869607137     
   3.3899999999999997      -0.25274400194151581     
   3.3970000000000002      -0.24972253044471954     
   3.4039999999999999      -0.24674318909754128     
   3.4110000000000005      -0.24379710686487174     
   3.4180000000000001      -0.24088843345335453     
   3.4249999999999998      -0.23804066116141931     
   3.4320000000000004      -0.23522832802898469     
   3.4390000000000001      -0.23242308880113230     
   3.4459999999999997      -0.22965491635550911     
   3.4530000000000003      -0.22693132341438227     
   3.4600000000000000      -0.22423800798298257     
   3.4670000000000005      -0.22157430679493376     
   3.4740000000000002      -0.21895277434826541     
   3.4809999999999999      -0.21638971058811174     
   3.4880000000000004      -0.21385703666604050     
   3.4950000000000001      -0.21133524378269292     
   3.5019999999999998      -0.20884641054885511     
   3.5090000000000003      -0.20639066011978796     
   3.5160000000000000      -0.20396449885812401     
   3.5229999999999997      -0.20159190230348362     
   3.5300000000000002      -0.19926315163479724     
   3.5369999999999999      -0.19694689330145793     
   3.5440000000000005      -0.19465465083973776     
   3.5510000000000002      -0.19240054245046423     
   3.5579999999999998      -0.19018559050707756     
   3.5650000000000004      -0.18799813932378029     
   3.5720000000000001      -0.18583822329114313     
   3.5789999999999997      -0.18373188035705415     
   3.5860000000000003      -0.18166441373205480     
   3.5930000000000000      -0.17961032780268327     
   3.6000000000000005      -0.17758582776387535     
   3.6070000000000002      -0.17559642893928701     
   3.6139999999999999      -0.17363623548519375     
   3.6210000000000004      -0.17171968755306111     
   3.6280000000000001      -0.16984563201419178     
   3.6349999999999998      -0.16798972700105003     
   3.6420000000000003      -0.16615867888352584     
   3.6490000000000000      -0.16436342372407559     
   3.6559999999999997      -0.16259617536830387     
   3.6630000000000003      -0.16085765661865922     
   3.6699999999999999      -0.15915622372983046     
   3.6770000000000005      -0.15750146568349807     
   3.6840000000000002      -0.15588210105302561     
   3.6909999999999998      -0.15427576701161913     
   3.6980000000000004      -0.15269993209345348     
   3.7050000000000001      -0.15116399849854370     
   3.7119999999999997      -0.14965279625347988     
   3.7190000000000003      -0.14817690760184649     
   3.7260000000000000      -0.14674479449549702     
   3.7330000000000005      -0.14533662277689710     
   3.7400000000000002      -0.14395223928512729     
   3.7469999999999999      -0.14260276145840287     
   3.7540000000000004      -0.14128410246829087     
   3.7610000000000001      -0.13999140807235852     
   3.7679999999999998      -0.13872476965683594     
   3.7750000000000004      -0.13749674963387673     
   3.7820000000000000      -0.13630829145440748     
   3.7889999999999997      -0.13514026458806253     
   3.7960000000000003      -0.13399254284263640     
   3.8029999999999999      -0.13287077052962473     
   3.8100000000000005      -0.13177168913953224     
   3.8170000000000002      -0.13069965428323471     
   3.8239999999999998      -0.12966013867482826     
   3.8310000000000004      -0.12864165885240270     
   3.8380000000000001      -0.12763916328936248     
   3.8449999999999998      -0.12665735678422857     
   3.8520000000000003      -0.12569653870806707     
   3.8590000000000000      -0.12475560223523403     
   3.8660000000000005      -0.12383413075779720     
   3.8730000000000002      -0.12293485321920110     
   3.8799999999999999      -0.12205735540374704     
   3.8870000000000005      -0.12119108609720192     
   3.8940000000000001      -0.12033579510487445     
   3.9009999999999998      -0.11949800359992731     
   3.9080000000000004      -0.11867601776912026     
   3.9150000000000000      -0.11787070999954599     
   3.9219999999999997      -0.11708509233863620     
   3.9290000000000003      -0.11630585857249862     
   3.9359999999999999      -0.11552828486453072     
   3.9430000000000005      -0.11476937762794701     
   3.9500000000000002      -0.11402264401203568     
   3.9569999999999999      -0.11327651802760280     
   3.9640000000000004      -0.11254137670188927     
   3.9710000000000001      -0.11181975634372565     
   3.9779999999999998      -0.11110582214037701     
   3.9850000000000003      -0.11039633229968988     
   3.9920000000000000      -0.10969046875812091     
   3.9990000000000006      -0.10898909748131780     
   4.0060000000000002      -0.10829059289228314     
   4.0129999999999999      -0.10759641305250306     
   4.0200000000000005      -0.10691316581281345     
   4.0270000000000001      -0.10623189789760203     
   4.0339999999999998      -0.10554344647621021     
   4.0410000000000004      -0.10486216617629385     
   4.0480000000000000      -0.10418960728471370     
   4.0549999999999997      -0.10351546524286909     
   4.0620000000000003      -0.10284065216942165     
   4.0690000000000000      -0.10217331701189396     
   4.0760000000000005      -0.10152263505504519     
   4.0830000000000002      -0.10087076300671219     
   4.0899999999999999      -0.10020724176402329     
   4.0970000000000004       -9.9553923742580305E-002
   4.1040000000000001       -9.8909172023352476E-002
   4.1109999999999998       -9.8262052443018874E-002
   4.1180000000000003       -9.7622086005360223E-002
   4.1250000000000000       -9.6989150325485218E-002
   4.1320000000000006       -9.6354000610602689E-002
   4.1390000000000002       -9.5720014271212031E-002
   4.1459999999999999       -9.5090534165131219E-002
   4.1530000000000005       -9.4463992165687211E-002
   4.1600000000000001       -9.3839518253923615E-002
   4.1669999999999998       -9.3218488663379645E-002
   4.1740000000000004       -9.2605094564547713E-002
   4.1810000000000000       -9.1995704035335510E-002
   4.1879999999999997       -9.1384523151305713E-002
   4.1950000000000003       -9.0775072092590683E-002
   4.2020000000000000       -9.0169505200589445E-002
   4.2090000000000005       -8.9566848048232547E-002
   4.2160000000000002       -8.8965988354563472E-002
   4.2229999999999999       -8.8368584362967753E-002
   4.2300000000000004       -8.7778922107330029E-002
   4.2370000000000001       -8.7192019332019255E-002
   4.2439999999999998       -8.6603034408659949E-002
   4.2510000000000003       -8.6016241263985660E-002
   4.2580000000000000       -8.5432333339243133E-002
   4.2650000000000006       -8.4850549198530134E-002
   4.2720000000000002       -8.4275731801863457E-002
   4.2789999999999999       -8.3705924830265871E-002
   4.2860000000000005       -8.3133372208168715E-002
   4.2930000000000001       -8.2561332372074053E-002
   4.2999999999999998       -8.1993382749446508E-002
   4.3070000000000004       -8.1428110996222672E-002
   4.3140000000000001       -8.0864325526759845E-002
   4.3209999999999997       -8.0302942771362545E-002
   4.3280000000000003       -7.9748281234680335E-002
   4.3350000000000000       -7.9197351327809931E-002
   4.3420000000000005       -7.8644232520012444E-002
   4.3490000000000002       -7.8092155837583652E-002
   4.3559999999999999       -7.7542855627659432E-002
   4.3630000000000004       -7.6995144155472831E-002
   4.3700000000000001       -7.6452575193940497E-002
   4.3769999999999998       -7.5915256790360680E-002
   4.3840000000000003       -7.5376239739041492E-002
   4.3910000000000000       -7.4836724047433134E-002
   4.3980000000000006       -7.4300618431540136E-002
   4.4050000000000002       -7.3767158501664001E-002
   4.4119999999999999       -7.3234789757823215E-002
   4.4190000000000005       -7.2703343297134487E-002
   4.4260000000000002       -7.2177776045762615E-002
   4.4329999999999998       -7.1657067872677713E-002
   4.4400000000000004       -7.1133705715303988E-002
   4.4470000000000001       -7.0610362253058473E-002
   4.4539999999999997       -7.0090056525138528E-002
   4.4610000000000003       -6.9570435181307788E-002
   4.4680000000000000       -6.9054397924639840E-002
   4.4750000000000005       -6.8544430843874779E-002
   4.4820000000000002       -6.8033627530954377E-002
   4.4889999999999999       -6.7520999999999998E-002
   4.4960000000000004       -6.7010628518300142E-002
   4.5030000000000001       -6.6502340799295179E-002
   4.5099999999999998       -6.5995337387200981E-002
   4.5170000000000003       -6.5489798018446399E-002
   4.5240000000000000       -6.4988318262995462E-002
   4.5309999999999997       -6.4491126040649771E-002
   4.5380000000000003       -6.3993239673579089E-002
   4.5449999999999999       -6.3495068656340831E-002
   4.5520000000000005       -6.2999164746051925E-002
   4.5590000000000002       -6.2504522220112199E-002
   4.5659999999999998       -6.2012976385190835E-002
   4.5730000000000004       -6.1527426020179687E-002
   4.5800000000000001       -6.1042924424505984E-002
   4.5869999999999997       -6.0557140694733329E-002
   4.5940000000000003       -6.0073439941899190E-002
   4.6010000000000000       -5.9592604349865561E-002
   4.6080000000000005       -5.9114056402968733E-002
   4.6150000000000002       -5.8637233648233700E-002
   4.6219999999999999       -5.8164258897768800E-002
   4.6290000000000004       -5.7696746227209453E-002
   4.6360000000000001       -5.7230332037310802E-002
   4.6429999999999998       -5.6763943024646400E-002
   4.6500000000000004       -5.6299943863003743E-002
   4.6570000000000000       -5.5838036725483930E-002
   4.6639999999999997       -5.5379453611242718E-002
   4.6710000000000003       -5.4927510434850148E-002
   4.6779999999999999       -5.4478151564887077E-002
   4.6850000000000005       -5.4027863848230884E-002
   4.6920000000000002       -5.3580640256490675E-002
   4.6989999999999998       -5.3137065460077709E-002
   4.7060000000000004       -5.2695551525780739E-002
   4.7130000000000001       -5.2256745878317440E-002
   4.7199999999999998       -5.1822609080048709E-002
   4.7270000000000003       -5.1394698440603320E-002
   4.7340000000000000       -5.0968770454578781E-002
   4.7410000000000005       -5.0542888519374427E-002
   4.7480000000000002       -5.0120493945985292E-002
   4.7549999999999999       -4.9701358389630385E-002
   4.7620000000000005       -4.9285209956566781E-002
   4.7690000000000001       -4.8875359920393421E-002
   4.7759999999999998       -4.8469841368225283E-002
   4.7830000000000004       -4.8064613995543508E-002
   4.7900000000000000       -4.7661916863180852E-002
   4.7969999999999997       -4.7263045097989106E-002
   4.8040000000000003       -4.6867001226185312E-002
   4.8109999999999999       -4.6473251351302196E-002
   4.8180000000000005       -4.6083211249281442E-002
   4.8250000000000002       -4.5700119392102070E-002
   4.8319999999999999       -4.5320436541302855E-002
   4.8390000000000004       -4.4940217171912024E-002
   4.8460000000000001       -4.4562283744205705E-002
   4.8529999999999998       -4.4188031159339031E-002
   4.8600000000000003       -4.3817018383996154E-002
   4.8670000000000000       -4.3448659148422442E-002
   4.8740000000000006       -4.3084125068526158E-002
   4.8810000000000002       -4.2725429923163846E-002
   4.8879999999999999       -4.2368833360098640E-002
   4.8950000000000005       -4.2012246310680901E-002
   4.9020000000000001       -4.1659060119247276E-002
   4.9089999999999998       -4.1309155922833213E-002
   4.9160000000000004       -4.0961720686485417E-002
   4.9230000000000000       -4.0619120180457290E-002
   4.9299999999999997       -4.0280163455289918E-002
   4.9370000000000003       -3.9941769196809175E-002
   4.9440000000000000       -3.9605496384400661E-002
   4.9510000000000005       -3.9272581791504974E-002
   4.9580000000000002       -3.8942564178500449E-002
   4.9649999999999999       -3.8614945438583681E-002
   4.9720000000000004       -3.8290297740349380E-002
   4.9790000000000001       -3.7970610629701945E-002
   4.9859999999999998       -3.7653733018182617E-002
   4.9930000000000003       -3.7337059607914461E-002
