  -2.0000000000000000        4.6725371053204617E-310
  -1.9930000000000001        4.6725371053204617E-310
  -1.9860000000000000        4.6725371053204617E-310
  -1.9790000000000001        4.6725371053204617E-310
  -1.9720000000000000        4.6725371053204617E-310
  -1.9650000000000001        4.6725371053204617E-310
  -1.9580000000000000        4.6725371053204617E-310
  -1.9510000000000001        4.6725371053204617E-310
  -1.9440000000000000        4.6725371053204617E-310
  -1.9370000000000001        4.6725371053204617E-310
  -1.9299999999999999        4.6725371053204617E-310
  -1.9230000000000000        4.6725371053204617E-310
  -1.9159999999999999        4.6725371053204617E-310
  -1.9090000000000000        4.6725371053204617E-310
  -1.9019999999999999        4.6725371053204617E-310
  -1.8950000000000000        4.6725371053204617E-310
  -1.8879999999999999        4.6725371053204617E-310
  -1.8810000000000000        4.6725371053204617E-310
  -1.8740000000000001        4.6725371053204617E-310
  -1.8670000000000000        4.6725371053204617E-310
  -1.8599999999999999        4.6725371053204617E-310
  -1.8530000000000000        4.6725371053204617E-310
  -1.8460000000000001        4.6725371053204617E-310
  -1.8390000000000000        4.6725371053204617E-310
  -1.8320000000000001        4.6725371053204617E-310
  -1.8250000000000000        4.6725371053204617E-310
  -1.8180000000000001        4.6725371053204617E-310
  -1.8109999999999999        4.6725371053204617E-310
  -1.8040000000000000        4.6725371053204617E-310
  -1.7969999999999999        4.6725371053204617E-310
  -1.7900000000000000        4.6725371053204617E-310
  -1.7829999999999999        4.6725371053204617E-310
  -1.7760000000000000        4.6725371053204617E-310
  -1.7689999999999999        4.6725371053204617E-310
  -1.7620000000000000        4.6725371053204617E-310
  -1.7549999999999999        4.6725371053204617E-310
  -1.7480000000000000        4.6725371053204617E-310
  -1.7410000000000001        4.6725371053204617E-310
  -1.7340000000000000        4.6725371053204617E-310
  -1.7269999999999999        4.6725371053204617E-310
  -1.7200000000000000        4.6725371053204617E-310
  -1.7130000000000001        4.6725371053204617E-310
  -1.7060000000000000        4.6725371053204617E-310
  -1.6990000000000001        4.6725371053204617E-310
  -1.6919999999999999        4.6725371053204617E-310
  -1.6850000000000001        4.6725371053204617E-310
  -1.6779999999999999        4.6725371053204617E-310
  -1.6710000000000000        4.6725371053204617E-310
  -1.6639999999999999        4.6725371053204617E-310
  -1.6570000000000000        4.6725371053204617E-310
  -1.6499999999999999        4.6725371053204617E-310
  -1.6430000000000000        4.6725371053204617E-310
  -1.6360000000000001        4.6725371053204617E-310
  -1.6290000000000000        4.6725371053204617E-310
  -1.6219999999999999        4.6725371053204617E-310
  -1.6150000000000000        4.6725371053204617E-310
  -1.6080000000000001        4.6725371053204617E-310
  -1.6010000000000000        4.6725371053204617E-310
  -1.5939999999999999        4.6725371053204617E-310
  -1.5870000000000000        4.6725371053204617E-310
  -1.5800000000000001        4.6725371053204617E-310
  -1.5730000000000000        4.6725371053204617E-310
  -1.5660000000000001        4.6725371053204617E-310
  -1.5589999999999999        4.6725371053204617E-310
  -1.5520000000000000        4.6725371053204617E-310
  -1.5449999999999999        4.6725371053204617E-310
  -1.5380000000000000        4.6725371053204617E-310
  -1.5309999999999999        4.6725371053204617E-310
  -1.5240000000000000        4.6725371053204617E-310
  -1.5169999999999999        4.6725371053204617E-310
  -1.5100000000000000        4.6725371053204617E-310
  -1.5030000000000001        4.6725371053204617E-310
  -1.4960000000000000        4.6725371053204617E-310
  -1.4889999999999999        4.6725371053204617E-310
  -1.4820000000000000        4.6725371053204617E-310
  -1.4750000000000001        4.6725371053204617E-310
  -1.4680000000000000        4.6725371053204617E-310
  -1.4609999999999999        4.6725371053204617E-310
  -1.4540000000000000        4.6725371053204617E-310
  -1.4470000000000001        4.6725371053204617E-310
  -1.4399999999999999        4.6725371053204617E-310
  -1.4329999999999998        4.6725371053204617E-310
  -1.4259999999999999        4.6725371053204617E-310
  -1.4190000000000000        4.6725371053204617E-310
  -1.4119999999999999        4.6725371053204617E-310
  -1.4050000000000000        4.6725371053204617E-310
  -1.3980000000000001        4.6725371053204617E-310
  -1.3910000000000000        4.6725371053204617E-310
  -1.3839999999999999        4.6725371053204617E-310
  -1.3770000000000000        4.6725371053204617E-310
  -1.3700000000000001        4.6725371053204617E-310
  -1.3630000000000000        4.6725371053204617E-310
  -1.3559999999999999        4.6725371053204617E-310
  -1.3490000000000000        4.6725371053204617E-310
  -1.3420000000000001        4.6725371053204617E-310
  -1.3350000000000000        4.6725371053204617E-310
  -1.3279999999999998        4.6725371053204617E-310
  -1.3210000000000000        4.6725371053204617E-310
  -1.3140000000000001        4.6725371053204617E-310
  -1.3069999999999999        4.6725371053204617E-310
  -1.2999999999999998        4.6725371053204617E-310
  -1.2930000000000001        4.6725371053204617E-310
  -1.2860000000000000        4.6725371053204617E-310
  -1.2789999999999999        4.6725371053204617E-310
  -1.2720000000000000        4.6725371053204617E-310
  -1.2650000000000001        4.6725371053204617E-310
  -1.2580000000000000        4.6725371053204617E-310
  -1.2509999999999999        4.6725371053204617E-310
  -1.2440000000000000        4.6725371053204617E-310
  -1.2370000000000001        4.6725371053204617E-310
  -1.2300000000000000        4.6725371053204617E-310
  -1.2229999999999999        4.6725371053204617E-310
  -1.2160000000000000        4.6725371053204617E-310
  -1.2090000000000001        4.6725371053204617E-310
  -1.2020000000000000        4.6725371053204617E-310
  -1.1949999999999998        4.6725371053204617E-310
  -1.1879999999999999        4.6725371053204617E-310
  -1.1810000000000000        4.6725371053204617E-310
  -1.1739999999999999        4.6725371053204617E-310
  -1.1670000000000000        4.6725371053204617E-310
  -1.1600000000000001        4.6725371053204617E-310
  -1.1530000000000000        4.6725371053204617E-310
  -1.1459999999999999        4.6725371053204617E-310
  -1.1390000000000000        4.6725371053204617E-310
  -1.1320000000000001        4.6725371053204617E-310
  -1.1250000000000000        4.6725371053204617E-310
  -1.1179999999999999        4.6725371053204617E-310
  -1.1110000000000000        4.6725371053204617E-310
  -1.1040000000000001        4.6725371053204617E-310
  -1.0970000000000000        4.6725371053204617E-310
  -1.0899999999999999        4.6725371053204617E-310
  -1.0830000000000000        4.6725371053204617E-310
  -1.0760000000000001        4.6725371053204617E-310
  -1.0690000000000000        4.6725371053204617E-310
  -1.0619999999999998        4.6725371053204617E-310
  -1.0549999999999999        4.6725371053204617E-310
  -1.0480000000000000        4.6725371053204617E-310
  -1.0409999999999999        4.6725371053204617E-310
  -1.0340000000000000        4.6725371053204617E-310
  -1.0270000000000001        4.6725371053204617E-310
  -1.0200000000000000        4.6725371053204617E-310
  -1.0129999999999999        4.6725371053204617E-310
  -1.0060000000000000        4.6725371053204617E-310
 -0.99899999999999989        80.314865171749858     
 -0.99199999999999999        79.122241089084710     
 -0.98499999999999988        77.927543666087502     
 -0.97799999999999998        76.731833740312197     
 -0.97100000000000009        75.535765953613776     
 -0.96399999999999997        74.338882777472350     
 -0.95700000000000007        73.141421555226131     
 -0.94999999999999996        71.944720278882642     
 -0.94300000000000006        70.749430151021414     
 -0.93599999999999994        69.555833435173909     
 -0.92900000000000005        68.364201540196561     
 -0.92199999999999993        67.175965447053230     
 -0.91500000000000004        65.992401937853003     
 -0.90799999999999992        64.812514703471024     
 -0.90100000000000002        63.636526317854191     
 -0.89399999999999991        62.465877756471102     
 -0.88700000000000001        61.301185906678654     
 -0.87999999999999989        60.142606581189725     
 -0.87300000000000000        58.990182264429592     
 -0.86599999999999988        57.845164537418263     
 -0.85899999999999999        56.708322684356702     
 -0.85199999999999987        55.578645444053208     
 -0.84499999999999997        54.456822346955292     
 -0.83800000000000008        53.344176869844148     
 -0.83099999999999996        52.240347442343420     
 -0.82400000000000007        51.145490843998672     
 -0.81699999999999995        50.060611569498349     
 -0.81000000000000005        48.987060428585920     
 -0.80299999999999994        47.925112423166198     
 -0.79600000000000004        46.873649610558374     
 -0.78899999999999992        45.833175420390461     
 -0.78200000000000003        44.804650274501270     
 -0.77499999999999991        43.788318810441396     
 -0.76800000000000002        42.783932348460510     
 -0.76099999999999990        41.791478222452717     
 -0.75400000000000000        40.812465086308777     
 -0.74699999999999989        39.846874693338151     
 -0.73999999999999999        38.893317283988580     
 -0.73299999999999987        37.952632237787881     
 -0.72599999999999998        37.025511673380841     
 -0.71900000000000008        36.111516663083734     
 -0.71199999999999997        35.211262702595590     
 -0.70500000000000007        34.325425902477747     
 -0.69799999999999995        33.453636664211153     
 -0.69100000000000006        32.595792355626777     
 -0.68399999999999994        31.752080750760339     
 -0.67700000000000005        30.922673715261119     
 -0.66999999999999993        30.107203047616949     
 -0.66300000000000003        29.305092172728905     
 -0.65599999999999992        28.517856206949297     
 -0.64900000000000002        27.745676384960575     
 -0.64199999999999990        26.985982681256168     
 -0.63500000000000001        26.239733994493882     
 -0.62799999999999989        25.508488772160831     
 -0.62100000000000000        24.790767934610038     
 -0.61399999999999988        24.086057619675366     
 -0.60699999999999998        23.395033680220987     
 -0.59999999999999987        22.718771827802975     
 -0.59299999999999997        22.056733491863309     
 -0.58600000000000008        21.406927730525819     
 -0.57899999999999996        20.769858998729042     
 -0.57200000000000006        20.146385881949932     
 -0.56499999999999995        19.536389544507553     
 -0.55800000000000005        18.939302607400926     
 -0.55099999999999993        18.354597867581536     
 -0.54400000000000004        17.782326237604448     
 -0.53699999999999992        17.222462251809869     
 -0.53000000000000003        16.674798751174162     
 -0.52299999999999991        16.138950846921553     
 -0.51600000000000001        15.614722093476054     
 -0.50899999999999990        15.102191013963317     
 -0.50200000000000000        14.601406508995225     
 -0.49499999999999988        14.112309665220188     
 -0.48799999999999999        13.634632679778612     
 -0.48099999999999987        13.167521650691944     
 -0.47399999999999998        12.710414743384369     
 -0.46699999999999986        12.264318320740809     
 -0.45999999999999996        11.828920532746924     
 -0.45300000000000007        11.402965104437701     
 -0.44599999999999995        10.986855638561703     
 -0.43900000000000006        10.580995611640326     
 -0.43199999999999994        10.185157775425573     
 -0.42500000000000004        9.7985820101387517     
 -0.41799999999999993        9.4207279941846203     
 -0.41100000000000003        9.0518153103986201     
 -0.40399999999999991        8.6917856065663681     
 -0.39700000000000002        8.3403630446511041     
 -0.38999999999999990        7.9972347080223400     
 -0.38300000000000001        7.6623605291225765     
 -0.37599999999999989        7.3358039486720408     
 -0.36899999999999999        7.0169784022434420     
 -0.36199999999999988        6.7055353066891676     
 -0.35499999999999998        6.4016290199568875     
 -0.34799999999999986        6.1050110468064780     
 -0.34099999999999997        5.8153677393194645     
 -0.33400000000000007        5.5326466835381840     
 -0.32699999999999996        5.2567789906664135     
 -0.32000000000000006        4.9875643692111904     
 -0.31299999999999994        4.7245659091391214     
 -0.30600000000000005        4.4675441635072080     
 -0.29899999999999993        4.2164731776936542     
 -0.29200000000000004        3.9712287247955782     
 -0.28499999999999992        3.7316567929294404     
 -0.27800000000000002        3.4976201168181600     
 -0.27099999999999991        3.2690609957898129     
 -0.26400000000000001        3.0458555786878811     
 -0.25699999999999990        2.8276872984147250     
 -0.25000000000000000        2.6144307199616872     
 -0.24299999999999988        2.4060693793779464     
 -0.23599999999999999        2.2024653136689292     
 -0.22899999999999987        2.0035495395217762     
 -0.22199999999999998        1.8092794722592842     
 -0.21499999999999986        1.6193232634980461     
 -0.20799999999999996        1.4334495448999522     
 -0.20100000000000007        1.2516673962864964     
 -0.19399999999999995        1.0739212189730658     
 -0.18700000000000006       0.90009660993501939     
 -0.17999999999999994       0.73004778442520291     
 -0.17300000000000004       0.56376687820176130     
 -0.16599999999999993       0.40126117126081340     
 -0.15900000000000003       0.24224952616441442     
 -0.15199999999999991        8.6591581390077721E-002
 -0.14500000000000002       -6.5662260902424663E-002
 -0.13799999999999990      -0.21459054565820423     
 -0.13100000000000001      -0.36031254515532041     
 -0.12399999999999989      -0.50292499245436417     
 -0.11699999999999999      -0.64242138502704549     
 -0.10999999999999988      -0.77885160063956604     
 -0.10299999999999998      -0.91250368670082338     
  -9.5999999999999863E-002  -1.0434547492807162     
  -8.8999999999999968E-002  -1.1716262684852943     
  -8.1999999999999851E-002  -1.2970854666192899     
  -7.4999999999999956E-002  -1.4199238658620033     
  -6.8000000000000060E-002  -1.5402169393217306     
  -6.0999999999999943E-002  -1.6580163359295028     
  -5.4000000000000048E-002  -1.7733696362015792     
  -4.6999999999999931E-002  -1.8863312896952209     
  -4.0000000000000036E-002  -1.9969458429971816     
  -3.2999999999999918E-002  -2.1052656251169246     
  -2.6000000000000023E-002  -2.2113898604534423     
  -1.8999999999999906E-002  -2.3153585570327451     
  -1.2000000000000011E-002  -2.4171779050443458     
  -4.9999999999998934E-003  -2.5169344052313729     
   2.0000000000002238E-003  -2.6147084739045940     
   8.9999999999998970E-003  -2.7105453341204466     
   1.6000000000000014E-002  -2.8044655462284123     
   2.3000000000000131E-002  -2.8964972846991301     
   3.0000000000000249E-002  -2.9866970580000078     
   3.6999999999999922E-002  -3.0751227472933174     
   4.4000000000000039E-002  -3.1618223999360744     
   5.1000000000000156E-002  -3.2468197776498364     
   5.7999999999999829E-002  -3.3301334550005226     
   6.4999999999999947E-002  -3.4117885084270192     
   7.2000000000000064E-002  -3.4918389101897489     
   7.9000000000000181E-002  -3.5703379602883132     
   8.5999999999999854E-002  -3.6473358256083515     
   9.2999999999999972E-002  -3.7228845461488937     
  0.10000000000000009       -3.7970054623073697     
  0.10700000000000021       -3.8696726529222314     
  0.11399999999999988       -3.9409830967533175     
  0.12100000000000000       -4.0110355604782804     
  0.12800000000000011       -4.0797141063898010     
  0.13500000000000023       -4.1470287339803935     
  0.14199999999999990       -4.2131100101151304     
  0.14900000000000002       -4.2779552878663925     
  0.15600000000000014       -4.3415405320875244     
  0.16300000000000026       -4.4038703537834998     
  0.16999999999999993       -4.4649864487287783     
  0.17700000000000005       -4.5249412705137892     
  0.18400000000000016       -4.5837700908825134     
  0.19099999999999984       -4.6414632344264888     
  0.19799999999999995       -4.6980165448572446     
  0.20500000000000007       -4.7535160480149017     
  0.21200000000000019       -4.8079680622053989     
  0.21899999999999986       -4.8613174366115572     
  0.22599999999999998       -4.9136582095018220     
  0.23300000000000010       -4.9650392464020072     
  0.24000000000000021       -5.0153949850733461     
  0.24699999999999989       -5.0647744947545661     
  0.25400000000000000       -5.1132445068896093     
  0.26100000000000012       -5.1607907228870769     
  0.26800000000000024       -5.2074391014146695     
  0.27499999999999991       -5.2532358210485253     
  0.28200000000000003       -5.2981797810628048     
  0.28900000000000015       -5.3422824535305224     
  0.29600000000000026       -5.3855768579622350     
  0.30299999999999994       -5.4280888465364168     
  0.31000000000000005       -5.4698424239692542     
  0.31700000000000017       -5.5108564719835265     
  0.32399999999999984       -5.5510981843926075     
  0.33099999999999996       -5.5905479149689512     
  0.33800000000000008       -5.6292684104459667     
  0.34500000000000020       -5.6672669401118956     
  0.35199999999999987       -5.7045272543982222     
  0.35899999999999999       -5.7411188108710096     
  0.36600000000000010       -5.7770050656844614     
  0.37300000000000022       -5.8120634304736356     
  0.37999999999999989       -5.8464396138814507     
  0.38700000000000001       -5.8802220217468388     
  0.39400000000000013       -5.9132735792304416     
  0.40100000000000025       -5.9455912128882389     
  0.40799999999999992       -5.9772354507694292     
  0.41500000000000004       -6.0082335833973577     
  0.42200000000000015       -6.0385864519420807     
  0.42900000000000027       -6.0682768503895819     
  0.43599999999999994       -6.0972868075336226     
  0.44300000000000006       -6.1256388960277111     
  0.45000000000000018       -6.1533915731355862     
  0.45699999999999985       -6.1805417702599073     
  0.46399999999999997       -6.2070845623076139     
  0.47100000000000009       -6.2330419422666417     
  0.47800000000000020       -6.2583506827922406     
  0.48499999999999988       -6.2829796534002575     
  0.49199999999999999       -6.3070949875165567     
  0.49900000000000011       -6.3307000000000038     
  0.50600000000000023       -6.3536763256681645     
  0.51299999999999990       -6.3760637276788437     
  0.52000000000000002       -6.3979029915251164     
  0.52700000000000014       -6.4191786994448279     
  0.53400000000000025       -6.4398787211137325     
  0.54099999999999993       -6.4600018387676723     
  0.54800000000000004       -6.4795621925596336     
  0.55500000000000016       -6.4985913214256374     
  0.56199999999999983       -6.5171037707887134     
  0.56899999999999995       -6.5350468296929272     
  0.57600000000000007       -6.5524329555102145     
  0.58300000000000018       -6.5693126643988791     
  0.58999999999999986       -6.5856168107730557     
  0.59699999999999998       -6.6013500686902535     
  0.60400000000000009       -6.6166289346463394     
  0.61100000000000021       -6.6314019384870484     
  0.61799999999999988       -6.6455864969551577     
  0.62500000000000000       -6.6591823285731877     
  0.63200000000000012       -6.6722616099611418     
  0.63900000000000023       -6.6848788760276783     
  0.64599999999999991       -6.6969220598135966     
  0.65300000000000002       -6.7084022348907677     
  0.66000000000000014       -6.7194313428159536     
  0.66700000000000026       -6.7299391076551256     
  0.67399999999999993       -6.7398554553734096     
  0.68100000000000005       -6.7491910977881187     
  0.68800000000000017       -6.7580127547520057     
  0.69499999999999984       -6.7663642336864216     
  0.70199999999999996       -6.7741994053047483     
  0.70900000000000007       -6.7814818499118195     
  0.71600000000000019       -6.7881994586005945     
  0.72299999999999986       -6.7943740906595114     
  0.72999999999999998       -6.8000440352136966     
  0.73700000000000010       -6.8052388693902879     
  0.74400000000000022       -6.8099257092995575     
  0.75099999999999989       -6.8140751964867157     
  0.75800000000000001       -6.8176935295594348     
  0.76500000000000012       -6.8208173102145411     
  0.77200000000000024       -6.8234640369464881     
  0.77899999999999991       -6.8255863121922875     
  0.78600000000000003       -6.8271837105794004     
  0.79300000000000015       -6.8282983296695408     
  0.80000000000000027       -6.8289806995198106     
  0.80699999999999994       -6.8292056178930949     
  0.81400000000000006       -6.8288908642117114     
  0.82100000000000017       -6.8280718543624603     
  0.82799999999999985       -6.8267794874762604     
  0.83499999999999996       -6.8249895929225080     
  0.84200000000000008       -6.8227454343441289     
  0.84900000000000020       -6.8200688834390304     
  0.85599999999999987       -6.8168657012461527     
  0.86299999999999999       -6.8131483357816283     
  0.87000000000000011       -6.8089986977633519     
  0.87700000000000022       -6.8044192120375016     
  0.88399999999999990       -6.7993834140375586     
  0.89100000000000001       -6.7938597514480161     
  0.89800000000000013       -6.7878517250552584     
  0.90500000000000025       -6.7813601013478459     
  0.91199999999999992       -6.7743697526658213     
  0.91900000000000004       -6.7669435136864999     
  0.92600000000000016       -6.7591271122118455     
  0.93300000000000027       -6.7508298188698443     
  0.93999999999999995       -6.7420457219587648     
  0.94700000000000006       -6.7328288347193812     
  0.95400000000000018       -6.7231614989485680     
  0.96099999999999985       -6.7130569207320532     
  0.96799999999999997       -6.7025685477179771     
  0.97500000000000009       -6.6916560390126243     
  0.98200000000000021       -6.6802811516704494     
  0.98899999999999988       -6.6684667369195738     
  0.99600000000000000       -6.6562011254163629     
   1.0030000000000001       -6.6434775948129356     
   1.0100000000000002       -6.6303601161887098     
   1.0169999999999999       -6.6169000000000011     
   1.0240000000000000       -6.6030957497965321     
   1.0310000000000001       -6.5888197921299261     
   1.0380000000000003       -6.5740544681768611     
   1.0449999999999999       -6.5589374096463828     
   1.0520000000000000       -6.5434588535641245     
   1.0590000000000002       -6.5275582372930208     
   1.0660000000000003       -6.5112121238954028     
   1.0730000000000000       -6.4945467099546725     
   1.0800000000000001       -6.4776560881383949     
   1.0870000000000002       -6.4603221994226416     
   1.0939999999999999       -6.4425139719733497     
   1.1010000000000000       -6.4243694800845574     
   1.1080000000000001       -6.4058328462553558     
   1.1150000000000002       -6.3869527627479208     
   1.1219999999999999       -6.3679243005797250     
   1.1290000000000000       -6.3485404504904954     
   1.1360000000000001       -6.3286245919786976     
   1.1430000000000002       -6.3083791724964389     
   1.1499999999999999       -6.2878276119686305     
   1.1570000000000000       -6.2668907498259525     
   1.1640000000000001       -6.2456212176718866     
   1.1710000000000003       -6.2241243814985907     
   1.1779999999999999       -6.2024723662558117     
   1.1850000000000001       -6.1804727816182305     
   1.1920000000000002       -6.1580295691124096     
   1.1990000000000003       -6.1352697747836249     
   1.2060000000000000       -6.1121951647164359     
   1.2130000000000001       -6.0888357981218686     
   1.2200000000000002       -6.0653834117010428     
   1.2269999999999999       -6.0416916583638240     
   1.2340000000000000       -6.0175141931411744     
   1.2410000000000001       -5.9930424414083312     
   1.2480000000000002       -5.9683720664543873     
   1.2549999999999999       -5.9434190364927231     
   1.2620000000000000       -5.9181259714491627     
   1.2690000000000001       -5.8925802367933144     
   1.2760000000000002       -5.8670075560361976     
   1.2829999999999999       -5.8412004419705905     
   1.2900000000000000       -5.8149345642458972     
   1.2970000000000002       -5.7884012492255223     
   1.3040000000000003       -5.7616656591491360     
   1.3109999999999999       -5.7347076823058423     
   1.3180000000000001       -5.7076563573645078     
   1.3250000000000002       -5.6804421849893725     
   1.3319999999999999       -5.6528221088398096     
   1.3390000000000000       -5.6249109684965664     
   1.3460000000000001       -5.5968430606056376     
   1.3530000000000002       -5.5685866881305683     
   1.3599999999999999       -5.5400859740628361     
   1.3670000000000000       -5.5113760836763248     
   1.3740000000000001       -5.4826882779500981     
   1.3810000000000002       -5.4538706863003412     
   1.3879999999999999       -5.4246074884027422     
   1.3950000000000000       -5.3950972545478519     
   1.4020000000000001       -5.3654911546090753     
   1.4090000000000003       -5.3357413959108406     
   1.4159999999999999       -5.3057354678787343     
   1.4230000000000000       -5.2755450611383985     
   1.4300000000000002       -5.2455024226843863     
   1.4370000000000003       -5.2153238844811209     
   1.4440000000000000       -5.1846648505827382     
   1.4510000000000001       -5.1538563953166534     
   1.4580000000000002       -5.1229568095771842     
   1.4649999999999999       -5.0918339593882891     
   1.4720000000000000       -5.0607703705015865     
   1.4790000000000001       -5.0297539000874112     
   1.4860000000000002       -4.9983917517175245     
   1.4929999999999999       -4.9667409377201226     
   1.5000000000000000       -4.9349821053507341     
   1.5070000000000001       -4.9031785537860131     
   1.5140000000000002       -4.8712167070914489     
   1.5209999999999999       -4.8390534893493129     
   1.5280000000000000       -4.8070450101868794     
   1.5350000000000001       -4.7750596251402957     
   1.5420000000000003       -4.7426694854894889     
   1.5489999999999999       -4.7101197512230151     
   1.5560000000000000       -4.6775382836876176     
   1.5630000000000002       -4.6447549784164082     
   1.5700000000000003       -4.6120595558512409     
   1.5770000000000000       -4.5795612341585983     
   1.5840000000000001       -4.5467405926425393     
   1.5910000000000002       -4.5136099504073579     
   1.5979999999999999       -4.4804560150170882     
   1.6050000000000000       -4.4472946666705830     
   1.6120000000000001       -4.4140520865723474     
   1.6190000000000002       -4.3806832956795239     
   1.6259999999999999       -4.3474293656937366     
   1.6330000000000000       -4.3142797357400342     
   1.6400000000000001       -4.2808564506113580     
   1.6470000000000002       -4.2472288093769208     
   1.6539999999999999       -4.2135698844551026     
   1.6610000000000000       -4.1798658353021567     
   1.6680000000000001       -4.1462489763816395     
   1.6750000000000003       -4.1127994640972556     
   1.6819999999999999       -4.0791410876374554     
   1.6890000000000001       -4.0452371579377289     
   1.6960000000000002       -4.0113821079623655     
   1.7030000000000003       -3.9775020662894374     
   1.7100000000000000       -3.9435082324398278     
   1.7170000000000001       -3.9094683139175288     
   1.7240000000000002       -3.8755794188446591     
   1.7309999999999999       -3.8418720530200217     
   1.7380000000000000       -3.8079596827814948     
   1.7450000000000001       -3.7738659433025932     
   1.7520000000000002       -3.7398271272214725     
   1.7589999999999999       -3.7057494788724332     
   1.7660000000000000       -3.6717200807503652     
   1.7730000000000001       -3.6379656516432073     
   1.7800000000000002       -3.6041918080941020     
   1.7869999999999999       -3.5701883658814118     
   1.7940000000000000       -3.5361142752256254     
   1.8010000000000002       -3.5021100672654608     
   1.8080000000000003       -3.4682028002971763     
   1.8149999999999999       -3.4342433203340486     
   1.8220000000000001       -3.4003733451719240     
   1.8290000000000002       -3.3667799117196413     
   1.8360000000000003       -3.3330581827481511     
   1.8430000000000000       -3.2990965202725002     
   1.8500000000000001       -3.2651732663641875     
   1.8570000000000002       -3.2312411260622200     
   1.8639999999999999       -3.1973094086942355     
   1.8710000000000000       -3.1636054235312812     
   1.8780000000000001       -3.1299027198812430     
   1.8850000000000002       -3.0959272277739420     
   1.8919999999999999       -3.0618629627444802     
   1.8990000000000000       -3.0278281336834705     
   1.9060000000000001       -2.9938073472020315     
   1.9130000000000003       -2.9596797834752246     
   1.9199999999999999       -2.9255765508811136     
   1.9270000000000000       -2.8918134259290165     
   1.9340000000000002       -2.8580292054358170     
   1.9410000000000003       -2.8240145240363823     
   1.9480000000000000       -2.7901799906221152     
   1.9550000000000001       -2.7565082666048650     
   1.9620000000000002       -2.7229085902710195     
   1.9689999999999999       -2.6897463968524518     
   1.9760000000000000       -2.6568999999999998     
   1.9830000000000001       -2.6239671021253779     
   1.9900000000000002       -2.5912041449722962     
   1.9969999999999999       -2.5588037871709233     
   2.0040000000000004       -2.5266873782379520     
   2.0110000000000001       -2.4948207736308543     
   2.0179999999999998       -2.4633017976158138     
   2.0250000000000004       -2.4323684928498364     
   2.0320000000000000       -2.4017649254651130     
   2.0389999999999997       -2.3711723612192968     
   2.0460000000000003       -2.3408738269708707     
   2.0529999999999999       -2.3109263616669762     
   2.0600000000000005       -2.2812020260132613     
   2.0670000000000002       -2.2519680679500285     
   2.0739999999999998       -2.2232154718999935     
   2.0810000000000004       -2.1945310339389530     
   2.0880000000000001       -2.1659902513241889     
   2.0949999999999998       -2.1377892593116923     
   2.1020000000000003       -2.1099388726389785     
   2.1090000000000000       -2.0823575699279062     
   2.1159999999999997       -2.0550299101441478     
   2.1230000000000002       -2.0282308332563748     
   2.1299999999999999       -2.0018306596171409     
   2.1370000000000005       -1.9754297416721045     
   2.1440000000000001       -1.9492536943232439     
   2.1509999999999998       -1.9234613821182767     
   2.1580000000000004       -1.8978999858079892     
   2.1650000000000000       -1.8725767164875691     
   2.1719999999999997       -1.8476025952398265     
   2.1790000000000003       -1.8231114096729795     
   2.1859999999999999       -1.7989302633281796     
   2.1930000000000005       -1.7748261809445829     
   2.2000000000000002       -1.7509851589829304     
   2.2069999999999999       -1.7274404111011914     
   2.2140000000000004       -1.7040788550377788     
   2.2210000000000001       -1.6811583660668048     
   2.2279999999999998       -1.6586977349877858     
   2.2350000000000003       -1.6362932857846815     
   2.2420000000000000       -1.6140729866721488     
   2.2489999999999997       -1.5922398443932759     
   2.2560000000000002       -1.5706085767961289     
   2.2629999999999999       -1.5491795125505008     
   2.2700000000000005       -1.5280929753169759     
   2.2770000000000001       -1.5074098598962555     
   2.2839999999999998       -1.4870388626130087     
   2.2910000000000004       -1.4668004260528291     
   2.2980000000000000       -1.4467594337763408     
   2.3049999999999997       -1.4269861653851827     
   2.3120000000000003       -1.4074582303119816     
   2.3190000000000000       -1.3883107552650662     
   2.3260000000000005       -1.3695834350322249     
   2.3330000000000002       -1.3509493165451016     
   2.3399999999999999       -1.3324112702138031     
   2.3470000000000004       -1.3141934914455196     
   2.3540000000000001       -1.2963043147530342     
   2.3609999999999998       -1.2786567213440756     
   2.3680000000000003       -1.2611654123957088     
   2.3750000000000000       -1.2440205505116897     
   2.3819999999999997       -1.2272767484479616     
   2.3890000000000002       -1.2106630741142308     
   2.3959999999999999       -1.1941949644266883     
   2.4030000000000005       -1.1780004817411160     
   2.4100000000000001       -1.1620806215579247     
   2.4169999999999998       -1.1464582710379201     
   2.4240000000000004       -1.1311461575960002     
   2.4310000000000000       -1.1160083060604844     
   2.4379999999999997       -1.1010115651316910     
   2.4450000000000003       -1.0862650146245421     
   2.4520000000000000       -1.0717805966293292     
   2.4590000000000005       -1.0575309391711056     
   2.4660000000000002       -1.0434986861097779     
   2.4729999999999999       -1.0297676930769475     
   2.4800000000000004       -1.0163801614015242     
   2.4870000000000001       -1.0031468039865929     
   2.4939999999999998      -0.99005000000000232     
   2.5010000000000003      -0.97720660662121750     
   2.5080000000000000      -0.96458328973823859     
   2.5149999999999997      -0.95219401371915513     
   2.5220000000000002      -0.94012405528956688     
   2.5289999999999999      -0.92825960190823475     
   2.5360000000000005      -0.91650953768323162     
   2.5430000000000001      -0.90496011852274538     
   2.5499999999999998      -0.89363581718531415     
   2.5570000000000004      -0.88251109541243311     
   2.5640000000000001      -0.87155829115414118     
   2.5709999999999997      -0.86082130943243729     
   2.5780000000000003      -0.85036148460655625     
   2.5850000000000000      -0.84005734039837709     
   2.5920000000000005      -0.82985287308551414     
   2.5990000000000002      -0.81982628652086609     
   2.6059999999999999      -0.80996897051164118     
   2.6130000000000004      -0.80027820954065421     
   2.6200000000000001      -0.79082541246766125     
   2.6269999999999998      -0.78154541425087054     
   2.6340000000000003      -0.77233860709956170     
   2.6410000000000000      -0.76326580505389729     
   2.6479999999999997      -0.75435840394244003     
   2.6550000000000002      -0.74559310069444584     
   2.6619999999999999      -0.73694978907630226     
   2.6690000000000005      -0.72844779843790342     
   2.6760000000000002      -0.72013978560057035     
   2.6829999999999998      -0.71195299999542061     
   2.6900000000000004      -0.70382300275288967     
   2.6970000000000001      -0.69581103694538937     
   2.7039999999999997      -0.68791667037116766     
   2.7110000000000003      -0.68011647122691876     
   2.7180000000000000      -0.67247027155590267     
   2.7250000000000005      -0.66495491625686187     
   2.7320000000000002      -0.65747658362360961     
   2.7389999999999999      -0.65006438649570553     
   2.7460000000000004      -0.64275418414523700     
   2.7530000000000001      -0.63553377316461157     
   2.7599999999999998      -0.62838228645208627     
   2.7670000000000003      -0.62130610717950241     
   2.7740000000000000      -0.61436609453008417     
   2.7809999999999997      -0.60751918198448518     
   2.7880000000000003      -0.60068489733717612     
   2.7949999999999999      -0.59391247531191549     
   2.8020000000000005      -0.58722942146190249     
   2.8090000000000002      -0.58061447039038283     
   2.8159999999999998      -0.57405915221804626     
   2.8230000000000004      -0.56758334475858430     
   2.8300000000000001      -0.56122988688378428     
   2.8369999999999997      -0.55494271012384133     
   2.8440000000000003      -0.54866620809850830     
   2.8510000000000000      -0.54245584685529691     
   2.8580000000000005      -0.53631786987311481     
   2.8650000000000002      -0.53023070040756459     
   2.8719999999999999      -0.52424234849781193     
   2.8790000000000004      -0.51834259719731635     
   2.8860000000000001      -0.51245817514368042     
   2.8929999999999998      -0.50660821325648242     
   2.9000000000000004      -0.50082579341090705     
   2.9070000000000000      -0.49510978237573927     
   2.9139999999999997      -0.48944020223120210     
   2.9210000000000003      -0.48381475402960117     
   2.9279999999999999      -0.47828798384447757     
   2.9350000000000005      -0.47283210420169541     
   2.9420000000000002      -0.46737706812292673     
   2.9489999999999998      -0.46195798388131354     
   2.9560000000000004      -0.45659637622402982     
   2.9630000000000001      -0.45127589766382714     
   2.9699999999999998      -0.44602400670227066     
   2.9770000000000003      -0.44084499719940101     
   2.9840000000000000      -0.43568173006820887     
   2.9910000000000005      -0.43053792577362215     
   2.9980000000000002      -0.42544150554162385     
   3.0049999999999999      -0.42038416209247387     
   3.0120000000000005      -0.41535999999999973     
   3.0190000000000001      -0.41037663866269813     
   3.0259999999999998      -0.40546664787332665     
   3.0330000000000004      -0.40062021951163740     
   3.0400000000000000      -0.39578096396803980     
   3.0469999999999997      -0.39096970881409948     
   3.0540000000000003      -0.38621111528350144     
   3.0609999999999999      -0.38148346546146916     
   3.0680000000000005      -0.37681520895574805     
   3.0750000000000002      -0.37223316252244210     
   3.0819999999999999      -0.36767432024101565     
   3.0890000000000004      -0.36312914945286945     
   3.0960000000000001      -0.35863900481781752     
   3.1029999999999998      -0.35419888293527624     
   3.1100000000000003      -0.34979980241525666     
   3.1170000000000000      -0.34544771875184754     
   3.1239999999999997      -0.34116815971682868     
   3.1310000000000002      -0.33696397243751830     
   3.1379999999999999      -0.33278530795464556     
   3.1450000000000005      -0.32863794593272511     
   3.1520000000000001      -0.32455084688371821     
   3.1589999999999998      -0.32050664806612217     
   3.1660000000000004      -0.31651888332537303     
   3.1730000000000000      -0.31262122198570691     
   3.1799999999999997      -0.30877265677453281     
   3.1870000000000003      -0.30494915429146052     
   3.1940000000000000      -0.30117790250146192     
   3.2010000000000005      -0.29746698089570905     
   3.2080000000000002      -0.29381190428243287     
   3.2149999999999999      -0.29020603983651111     
   3.2220000000000004      -0.28667072964983914     
   3.2290000000000001      -0.28322434050968653     
   3.2359999999999998      -0.27982007687973753     
   3.2430000000000003      -0.27644851563265255     
   3.2500000000000000      -0.27314250999632472     
   3.2569999999999997      -0.26989676830330722     
   3.2640000000000002      -0.26671194753649130     
   3.2709999999999999      -0.26360934634109801     
   3.2780000000000005      -0.26056293424854471     
   3.2850000000000001      -0.25754722642126032     
   3.2919999999999998      -0.25458712709525566     
   3.2990000000000004      -0.25168545499825323     
   3.3060000000000000      -0.24882955229086443     
   3.3129999999999997      -0.24602449182741415     
   3.3200000000000003      -0.24328174161185878     
   3.3270000000000000      -0.24060862975543904     
   3.3340000000000005      -0.23797833158552648     
   3.3410000000000002      -0.23537568629012057     
   3.3479999999999999      -0.23281871840863261     
   3.3550000000000004      -0.23030621158775225     
   3.3620000000000001      -0.22783644137102493     
   3.3689999999999998      -0.22543003818933621     
   3.3760000000000003      -0.22307295589994969     
   3.3830000000000000      -0.22073552070585750     
   3.3899999999999997      -0.21843352748079742     
   3.3970000000000002      -0.21617570459076546     
   3.4039999999999999      -0.21395304366234763     
   3.4110000000000005      -0.21176745744713860     
   3.4180000000000001      -0.20962397253612733     
   3.4249999999999998      -0.20752431945182603     
   3.4320000000000004      -0.20545636715427124     
   3.4390000000000001      -0.20340944434772992     
   3.4459999999999997      -0.20139385238389829     
   3.4530000000000003      -0.19941189204873433     
   3.4600000000000000      -0.19745770535283286     
   3.4670000000000005      -0.19552898231219315     
   3.4740000000000002      -0.19363110069069661     
   3.4809999999999999      -0.19177272919415889     
   3.4880000000000004      -0.18993582712389551     
   3.4950000000000001      -0.18810830387875316     
   3.5019999999999998      -0.18630470643205380     
   3.5090000000000003      -0.18452750909448520     
   3.5160000000000000      -0.18277356788649590     
   3.5229999999999997      -0.18104674111919258     
   3.5300000000000002      -0.17934419148765834     
   3.5369999999999999      -0.17765872035110641     
   3.5440000000000005      -0.17599204241002608     
   3.5510000000000002      -0.17434660654427009     
   3.5579999999999998      -0.17272227151421454     
   3.5650000000000004      -0.17111528121722452     
   3.5720000000000001      -0.16952901464870770     
   3.5789999999999997      -0.16797997173501478     
   3.5860000000000003      -0.16645620353414417     
   3.5930000000000000      -0.16493880237950997     
   3.6000000000000005      -0.16343854713810663     
   3.6070000000000002      -0.16196186771084156     
   3.6139999999999999      -0.16050819041280059     
   3.6210000000000004      -0.15908468803833550     
   3.6280000000000001      -0.15768800189559706     
   3.6349999999999998      -0.15630128367676946     
   3.6420000000000003      -0.15492864924677840     
   3.6490000000000000      -0.15357873121707361     
   3.6559999999999997      -0.15225023988797784     
   3.6630000000000003      -0.15093962610624351     
   3.6699999999999999      -0.14964788365853676     
   3.6770000000000005      -0.14839026479784193     
   3.6840000000000002      -0.14716007452569035     
   3.6909999999999998      -0.14593452311120819     
   3.6980000000000004      -0.14472250294963265     
   3.7050000000000001      -0.14353467697002228     
   3.7119999999999997      -0.14237084168190148     
   3.7190000000000003      -0.14123196628474777     
   3.7260000000000000      -0.14011548960930828     
   3.7330000000000005      -0.13901096771045299     
   3.7400000000000002      -0.13792319527210298     
   3.7469999999999999      -0.13686247955992559     
   3.7540000000000004      -0.13582105412005110     
   3.7610000000000001      -0.13479294119948435     
   3.7679999999999998      -0.13377941353923192     
   3.7750000000000004      -0.13279016612848457     
   3.7820000000000000      -0.13182752499955080     
   3.7889999999999997      -0.13088023887591660     
   3.7960000000000003      -0.12994342480483539     
   3.8029999999999999      -0.12901875921271774     
   3.8100000000000005      -0.12811385332285002     
   3.8170000000000002      -0.12722999452627698     
   3.8239999999999998      -0.12636308197819301     
   3.8310000000000004      -0.12550821597404543     
   3.8380000000000001      -0.12466379016563024     
   3.8449999999999998      -0.12383162213295890     
   3.8520000000000003      -0.12301211902196212     
   3.8590000000000000      -0.12220452543767381     
   3.8660000000000005      -0.12140777315324502     
   3.8730000000000002      -0.12062636364756199     
   3.8799999999999999      -0.11986259422686389     
   3.8870000000000005      -0.11910754524805879     
   3.8940000000000001      -0.11835872504231898     
   3.9009999999999998      -0.11761866366888214     
   3.9080000000000004      -0.11688569548490277     
   3.9150000000000000      -0.11616182752234401     
   3.9219999999999997      -0.11545208415763702     
   3.9290000000000003      -0.11474921841755556     
   3.9359999999999999      -0.11404875504210038     
   3.9430000000000005      -0.11335730643668196     
   3.9500000000000002      -0.11267251912280545     
   3.9569999999999999      -0.11199045130000189     
   3.9640000000000004      -0.11131661630365587     
   3.9710000000000001      -0.11065050834614157     
   3.9779999999999998      -0.10998725476814181     
   3.9850000000000003      -0.10932823483780900     
   3.9920000000000000      -0.10867340971103644     
   3.9990000000000006      -0.10801915447450684     
   4.0060000000000002      -0.10736162473496799     
   4.0129999999999999      -0.10670496342230136     
   4.0200000000000005      -0.10606443967383983     
   4.0270000000000001      -0.10542724821455585     
   4.0339999999999998      -0.10477716140978140     
   4.0410000000000004      -0.10413307162689681     
   4.0480000000000000      -0.10349905133522702     
   4.0549999999999997      -0.10286361062168320     
   4.0620000000000003      -0.10222538003443420     
   4.0690000000000000      -0.10158919749860257     
   4.0760000000000005      -0.10096221617488273     
   4.0830000000000002      -0.10033995720271191     
   4.0899999999999999       -9.9716861172188892E-002
   4.0970000000000004       -9.9093947280286560E-002
   4.1040000000000001       -9.8471969855142713E-002
   4.1109999999999998       -9.7852271633103435E-002
   4.1180000000000003       -9.7239204113644770E-002
   4.1250000000000000       -9.6630153385665246E-002
   4.1320000000000006       -9.6018114055301695E-002
   4.1390000000000002       -9.5406549165225646E-002
   4.1459999999999999       -9.4798608873099627E-002
   4.1530000000000005       -9.4192919142800841E-002
   4.1600000000000001       -9.3588166660362515E-002
   4.1669999999999998       -9.2985559768227755E-002
   4.1740000000000004       -9.2390165489575488E-002
   4.1810000000000000       -9.1798143327407739E-002
   4.1879999999999997       -9.1203053469164103E-002
   4.1950000000000003       -9.0608817625337332E-002
   4.2020000000000000       -9.0017708412281683E-002
   4.2090000000000005       -8.9428590199644456E-002
   4.2160000000000002       -8.8840815261893857E-002
   4.2229999999999999       -8.8256118499836694E-002
   4.2300000000000004       -8.7678407814514553E-002
   4.2370000000000001       -8.7102170506937943E-002
   4.2439999999999998       -8.6522660431962495E-002
   4.2510000000000003       -8.5945507301013857E-002
   4.2580000000000000       -8.5370953881052591E-002
   4.2650000000000006       -8.4797013676752866E-002
   4.2720000000000002       -8.4229176118773827E-002
   4.2789999999999999       -8.3666311745937735E-002
   4.2860000000000005       -8.3100989791568186E-002
   4.2930000000000001       -8.2535335868572923E-002
   4.2999999999999998       -8.1972351360707241E-002
   4.3070000000000004       -8.1411532383598120E-002
   4.3140000000000001       -8.0852242112093353E-002
   4.3209999999999997       -8.0295391239391167E-002
   4.3280000000000003       -7.9744600297859847E-002
   4.3350000000000000       -7.9196445340269955E-002
   4.3420000000000005       -7.8645173097177251E-002
   4.3490000000000002       -7.8095348609384052E-002
   4.3559999999999999       -7.7548646575652691E-002
   4.3630000000000004       -7.7002440884136922E-002
   4.3700000000000001       -7.6460974891922814E-002
   4.3769999999999998       -7.5924965489333737E-002
   4.3840000000000003       -7.5386854769045483E-002
   4.3910000000000000       -7.4847777532965565E-002
   4.3980000000000006       -7.4311750748076971E-002
   4.4050000000000002       -7.3777765560298150E-002
   4.4119999999999999       -7.3244781469914894E-002
   4.4190000000000005       -7.2713355446867814E-002
   4.4260000000000002       -7.2187591787185507E-002
   4.4329999999999998       -7.1666152707393266E-002
   4.4400000000000004       -7.1142233504075503E-002
   4.4470000000000001       -7.0618021307290335E-002
   4.4539999999999997       -7.0096370983205883E-002
   4.4610000000000003       -6.9575912239364823E-002
   4.4680000000000000       -6.9059262651021622E-002
   4.4750000000000005       -6.8548057638825668E-002
   4.4820000000000002       -6.8035814223171329E-002
   4.4889999999999999       -6.7521999999999999E-002
   4.4960000000000004       -6.7010907089907493E-002
   4.5030000000000001       -6.6502146083737196E-002
   4.5099999999999998       -6.5994486960065296E-002
   4.5170000000000003       -6.5487601040093074E-002
   4.5240000000000000       -6.4985197545700965E-002
   4.5309999999999997       -6.4488116231884843E-002
   4.5380000000000003       -6.3989947353648449E-002
   4.5449999999999999       -6.3490959477061890E-002
   4.5520000000000005       -6.2994345528809004E-002
   4.5590000000000002       -6.2499448051429790E-002
   4.5659999999999998       -6.2007975317073957E-002
   4.5730000000000004       -6.1522440093052036E-002
   4.5800000000000001       -6.1037920867538120E-002
   4.5869999999999997       -6.0552140763482809E-002
   4.5940000000000003       -6.0068432069829661E-002
   4.6010000000000000       -5.9587615737330471E-002
   4.6080000000000005       -5.9109086534326935E-002
   4.6150000000000002       -5.8632113543766198E-002
   4.6219999999999999       -5.8159326353050531E-002
   4.6290000000000004       -5.7692605073174613E-002
   4.6360000000000001       -5.7226075470290183E-002
   4.6429999999999998       -5.6758954166255426E-002
   4.6500000000000004       -5.6295349699186939E-002
   4.6570000000000000       -5.5834392083772673E-002
   4.6639999999999997       -5.5376413464579194E-002
   4.6710000000000003       -5.4924461525496404E-002
   4.6779999999999999       -5.4475263535867499E-002
   4.6850000000000005       -5.4025705670189481E-002
   4.6920000000000002       -5.3578633264042164E-002
   4.6989999999999998       -5.3135107336155681E-002
   4.7060000000000004       -5.2694388099537623E-002
   4.7130000000000001       -5.2255485358015524E-002
   4.7199999999999998       -5.1820617632319821E-002
   4.7270000000000003       -5.1393228932887905E-002
   4.7340000000000000       -5.0967842026230441E-002
   4.7410000000000005       -5.0541853090814562E-002
   4.7480000000000002       -5.0119984262430223E-002
   4.7549999999999999       -4.9701405096094373E-002
   4.7620000000000005       -4.9285171104297691E-002
   4.7690000000000001       -4.8875718828798514E-002
   4.7759999999999998       -4.8470863740419090E-002
   4.7830000000000004       -4.8065679213470526E-002
   4.7900000000000000       -4.7662909649780885E-002
   4.7969999999999997       -4.7264052707016578E-002
   4.8040000000000003       -4.6867875120560773E-002
   4.8109999999999999       -4.6474474469019075E-002
   4.8180000000000005       -4.6085161941093550E-002
   4.8250000000000002       -4.5701763884689037E-002
   4.8319999999999999       -4.5321338945518277E-002
   4.8390000000000004       -4.4941061868949861E-002
   4.8460000000000001       -4.4563669535175529E-002
   4.8529999999999998       -4.4190050976180756E-002
   4.8600000000000003       -4.3819191631957438E-002
   4.8670000000000000       -4.3450363200590189E-002
   4.8740000000000006       -4.3085165998542715E-002
   4.8810000000000002       -4.2726354119725196E-002
   4.8879999999999999       -4.2369840620537946E-002
   4.8950000000000005       -4.2013228988286605E-002
   4.9020000000000001       -4.1660175224587571E-002
   4.9089999999999998       -4.1310054892479367E-002
   4.9160000000000004       -4.0961846637622826E-002
   4.9230000000000000       -4.0619366217768405E-002
   4.9299999999999997       -4.0281170689967269E-002
   4.9370000000000003       -3.9942872767784993E-002
   4.9440000000000000       -3.9606445663176934E-002
   4.9510000000000005       -3.9273564194897109E-002
   4.9580000000000002       -3.8943681581941891E-002
   4.9649999999999999       -3.8615781568039437E-002
   4.9720000000000004       -3.8290428759395728E-002
   4.9790000000000001       -3.7970510903145238E-002
   4.9859999999999998       -3.7653745555641126E-002
   4.9930000000000003       -3.7337075427373377E-002
