#   r      g(r)
0.003271 0.000000
0.009813 0.000000
0.016355 0.000000
0.022897 0.000000
0.029440 0.000000
0.035982 0.000000
0.042524 0.000000
0.049066 0.000000
0.055608 0.000000
0.062150 0.000000
0.068692 0.000000
0.075235 0.000000
0.081777 0.000000
0.088319 0.000000
0.094861 0.000000
0.101403 0.000000
0.107945 0.000000
0.114487 0.000000
0.121029 0.000000
0.127572 0.000000
0.134114 0.000000
0.140656 0.000000
0.147198 0.000000
0.153740 0.000000
0.160282 0.000000
0.166824 0.000000
0.173367 0.000000
0.179909 0.000000
0.186451 0.000000
0.192993 0.000000
0.199535 0.000000
0.206077 0.000000
0.212619 0.000000
0.219161 0.000000
0.225704 0.000000
0.232246 0.000000
0.238788 0.000000
0.245330 0.000000
0.251872 0.000000
0.258414 0.000000
0.264956 0.000000
0.271499 0.000000
0.278041 0.000000
0.284583 0.000000
0.291125 0.000000
0.297667 0.000000
0.304209 0.000000
0.310751 0.000000
0.317293 0.000000
0.323836 0.000000
0.330378 0.000000
0.336920 0.000000
0.343462 0.000000
0.350004 0.000000
0.356546 0.000000
0.363088 0.000000
0.369630 0.000000
0.376173 0.000000
0.382715 0.000000
0.389257 0.000000
0.395799 0.000000
0.402341 0.000000
0.408883 0.000000
0.415425 0.000000
0.421968 0.000000
0.428510 0.000000
0.435052 0.000000
0.441594 0.000000
0.448136 0.000000
0.454678 0.000000
0.461220 0.000000
0.467762 0.000000
0.474305 0.000000
0.480847 0.000000
0.487389 0.000000
0.493931 0.000000
0.500473 0.000000
0.507015 0.000000
0.513557 0.000000
0.520100 0.000000
0.526642 0.000000
0.533184 0.000000
0.539726 0.000000
0.546268 0.000000
0.552810 0.000000
0.559352 0.000000
0.565894 0.000000
0.572437 0.000000
0.578979 0.000000
0.585521 0.000000
0.592063 0.000000
0.598605 0.000000
0.605147 0.000000
0.611689 0.000000
0.618232 0.000000
0.624774 0.000000
0.631316 0.000000
0.637858 0.000000
0.644400 0.000000
0.650942 0.000000
0.657484 0.000000
0.664026 0.000000
0.670569 0.000000
0.677111 0.000000
0.683653 0.000000
0.690195 0.000000
0.696737 0.000000
0.703279 0.000000
0.709821 0.000000
0.716364 0.000000
0.722906 0.000000
0.729448 0.000000
0.735990 0.000000
0.742532 0.000000
0.749074 0.000000
0.755616 0.000000
0.762158 0.000000
0.768701 0.000000
0.775243 0.000000
0.781785 0.000000
0.788327 0.000000
0.794869 0.000000
0.801411 0.000000
0.807953 0.000000
0.814496 0.000000
0.821038 0.000000
0.827580 0.000000
0.834122 0.000000
0.840664 0.000000
0.847206 0.000000
0.853748 0.000000
0.860290 0.000163
0.866833 0.000402
0.873375 0.002242
0.879917 0.006912
0.886459 0.017973
0.893001 0.041199
0.899543 0.080681
0.906085 0.150880
0.912628 0.251506
0.919170 0.401579
0.925712 0.616235
0.932254 0.892790
0.938796 1.220613
0.945338 1.576497
0.951880 1.972210
0.958422 2.357949
0.964965 2.711260
0.971507 3.112405
0.978049 3.444983
0.984591 3.729895
0.991133 3.998326
0.997675 4.133796
1.004217 4.252660
1.010759 4.232053
1.017302 4.222354
1.023844 4.162924
1.030386 4.042484
1.036928 3.894768
1.043470 3.736420
1.050012 3.557051
1.056554 3.369839
1.063097 3.171162
1.069639 2.988843
1.076181 2.735682
1.082723 2.548419
1.089265 2.373447
1.095807 2.185437
1.102349 2.032918
1.108891 1.881169
1.115434 1.732345
1.121976 1.608317
1.128518 1.505761
1.135060 1.400490
1.141602 1.290455
1.148144 1.208883
1.154686 1.117844
1.161229 1.031863
1.167771 0.963756
1.174313 0.908827
1.180855 0.843684
1.187397 0.794487
1.193939 0.750223
1.200481 0.693264
1.207023 0.675661
1.213566 0.628725
1.220108 0.588146
1.226650 0.578199
1.233192 0.553520
1.239734 0.520387
1.246276 0.506778
1.252818 0.492321
1.259361 0.477997
1.265903 0.452354
1.272445 0.442980
1.278987 0.437698
1.285529 0.432390
1.292071 0.420466
1.298613 0.405121
1.305155 0.405972
1.311698 0.392414
1.318240 0.395406
1.324782 0.393046
1.331324 0.388886
1.337866 0.388273
1.344408 0.382612
1.350950 0.383071
1.357493 0.390229
1.364035 0.388679
1.370577 0.398665
1.377119 0.415955
1.383661 0.426343
1.390203 0.432427
1.396745 0.434656
1.403287 0.428273
1.409830 0.435978
1.416372 0.439231
1.422914 0.447274
1.429456 0.451234
1.435998 0.458284
1.442540 0.466434
1.449082 0.491972
1.455625 0.500340
1.462167 0.504644
1.468709 0.516648
1.475251 0.522383
1.481793 0.520264
1.488335 0.536835
1.494877 0.540285
1.501419 0.552009
1.507962 0.549131
1.514504 0.560186
1.521046 0.566708
1.527588 0.575452
1.534130 0.584677
1.540672 0.583790
1.547214 0.597463
1.553756 0.613543
1.560299 0.615879
1.566841 0.629866
1.573383 0.644940
1.579925 0.646365
1.586467 0.668215
1.593009 0.682257
1.599551 0.693302
1.606094 0.722919
1.612636 0.738062
1.619178 0.754533
1.625720 0.780307
1.632262 0.812991
1.638804 0.825945
1.645346 0.865021
1.651888 0.891708
1.658431 0.927135
1.664973 0.953720
1.671515 0.988516
1.678057 1.025414
1.684599 1.058208
1.691141 1.090036
1.697683 1.144881
1.704226 1.167175
1.710768 1.207849
1.717310 1.247796
1.723852 1.279756
1.730394 1.301523
1.736936 1.328008
1.743478 1.354767
1.750020 1.370474
1.756563 1.397067
1.763105 1.411157
1.769647 1.418557
1.776189 1.449138
1.782731 1.469547
1.789273 1.473620
1.795815 1.475560
1.802358 1.462180
1.808900 1.476771
1.815442 1.479466
1.821984 1.478061
1.828526 1.476547
1.835068 1.477079
1.841610 1.460558
1.848152 1.444723
1.854695 1.424337
1.861237 1.400113
1.867779 1.405466
1.874321 1.408374
1.880863 1.392748
1.887405 1.380811
1.893947 1.362291
1.900490 1.365144
1.907032 1.352679
1.913574 1.328425
1.920116 1.323852
1.926658 1.330133
1.933200 1.337484
1.939742 1.330472
1.946284 1.316588
1.952827 1.318074
1.959369 1.312216
1.965911 1.304663
1.972453 1.306557
1.978995 1.287689
1.985537 1.290348
1.992079 1.271996
1.998622 1.261627
2.005164 1.247814
2.011706 1.239711
2.018248 1.241802
2.024790 1.207345
2.031332 1.200932
2.037874 1.177813
2.044416 1.159279
2.050959 1.146811
2.057501 1.121437
2.064043 1.102032
2.070585 1.086187
2.077127 1.046196
2.083669 1.017992
2.090211 1.000684
2.096754 0.977270
2.103296 0.945914
2.109838 0.923465
2.116380 0.905844
2.122922 0.894524
2.129464 0.865060
2.136006 0.834030
2.142548 0.819368
2.149091 0.794524
2.155633 0.771645
2.162175 0.758733
2.168717 0.746022
2.175259 0.733272
2.181801 0.722080
2.188343 0.712073
2.194885 0.708018
2.201428 0.699594
2.207970 0.694237
2.214512 0.681391
2.221054 0.669903
2.227596 0.665897
2.234138 0.667166
2.240680 0.670673
2.247223 0.662603
2.253765 0.656425
2.260307 0.640560
2.266849 0.653880
2.273391 0.657791
2.279933 0.666554
2.286475 0.675337
2.293017 0.681104
2.299560 0.676980
2.306102 0.688889
2.312644 0.693589
2.319186 0.686887
2.325728 0.695083
2.332270 0.702951
2.338812 0.715604
2.345355 0.732700
2.351897 0.739344
2.358439 0.750834
2.364981 0.755132
2.371523 0.767377
2.378065 0.782008
2.384607 0.781824
2.391149 0.794699
2.397692 0.808629
2.404234 0.810405
2.410776 0.826073
2.417318 0.833886
2.423860 0.843328
2.430402 0.866086
2.436944 0.876640
2.443487 0.891139
2.450029 0.906533
2.456571 0.908045
2.463113 0.924358
2.469655 0.936040
2.476197 0.952907
2.482739 0.959603
2.489281 0.977173
2.495824 0.986074
2.502366 1.000698
2.508908 1.012825
2.515450 1.025280
2.521992 1.041901
2.528534 1.059114
2.535076 1.072553
2.541619 1.076959
2.548161 1.095461
2.554703 1.103989
2.561245 1.119447
2.567787 1.133300
2.574329 1.143149
2.580871 1.140218
2.587413 1.162555
2.593956 1.179548
2.600498 1.184970
2.607040 1.197250
2.613582 1.201107
2.620124 1.218773
2.626666 1.218833
2.633208 1.223116
2.639751 1.230885
2.646293 1.243722
2.652835 1.245535
2.659377 1.245783
2.665919 1.242111
2.672461 1.241519
2.679003 1.251573
2.685545 1.257587
2.692088 1.246515
2.698630 1.247689
2.705172 1.241508
2.711714 1.243818
2.718256 1.244068
2.724798 1.236380
2.731340 1.231608
2.737883 1.236460
2.744425 1.226402
2.750967 1.218223
2.757509 1.205962
2.764051 1.198482
2.770593 1.197993
2.777135 1.181657
2.783677 1.167876
2.790220 1.157866
2.796762 1.162520
2.803304 1.158680
2.809846 1.151807
2.816388 1.136294
2.822930 1.119713
2.829472 1.107826
2.836014 1.091352
2.842557 1.086965
2.849099 1.074493
2.855641 1.067760
2.862183 1.066269
2.868725 1.054087
2.875267 1.037492
2.881809 1.021137
2.888352 1.015774
2.894894 1.002783
2.901436 1.001198
2.907978 0.993327
2.914520 0.997717
2.921062 0.978745
2.927604 0.977631
2.934146 0.967275
2.940689 0.962883
2.947231 0.953409
2.953773 0.945353
2.960315 0.940080
2.966857 0.923134
2.973399 0.923607
2.979941 0.924804
2.986484 0.918801
2.993026 0.915871
2.999568 0.909190
3.006110 0.897641
3.012652 0.891242
3.019194 0.883916
3.025736 0.878955
3.032278 0.878186
3.038821 0.875389
3.045363 0.877173
3.051905 0.872999
3.058447 0.871009
3.064989 0.862214
3.071531 0.857432
3.078073 0.856325
3.084616 0.848843
3.091158 0.844766
3.097700 0.843671
3.104242 0.841885
3.110784 0.838839
3.117326 0.839323
3.123868 0.839187
3.130410 0.843509
3.136953 0.844895
3.143495 0.837717
3.150037 0.839663
3.156579 0.840723
3.163121 0.835079
3.169663 0.844187
3.176205 0.842408
3.182748 0.848562
3.189290 0.847422
3.195832 0.850139
3.202374 0.856043
3.208916 0.853549
3.215458 0.856255
3.222000 0.862336
3.228542 0.865477
3.235085 0.871666
3.241627 0.877702
3.248169 0.885489
3.254711 0.895848
3.261253 0.901799
