#   r      g(r)
0.003271 0.000000
0.009813 0.000000
0.016355 0.000000
0.022897 0.000000
0.029440 0.000000
0.035982 0.000000
0.042524 0.000000
0.049066 0.000000
0.055608 0.000000
0.062150 0.000000
0.068692 0.000000
0.075235 0.000000
0.081777 0.000000
0.088319 0.000000
0.094861 0.000000
0.101403 0.000000
0.107945 0.000000
0.114487 0.000000
0.121029 0.000000
0.127572 0.000000
0.134114 0.000000
0.140656 0.000000
0.147198 0.000000
0.153740 0.000000
0.160282 0.000000
0.166824 0.000000
0.173367 0.000000
0.179909 0.000000
0.186451 0.000000
0.192993 0.000000
0.199535 0.000000
0.206077 0.000000
0.212619 0.000000
0.219161 0.000000
0.225704 0.000000
0.232246 0.000000
0.238788 0.000000
0.245330 0.000000
0.251872 0.000000
0.258414 0.000000
0.264956 0.000000
0.271499 0.000000
0.278041 0.000000
0.284583 0.000000
0.291125 0.000000
0.297667 0.000000
0.304209 0.000000
0.310751 0.000000
0.317293 0.000000
0.323836 0.000000
0.330378 0.000000
0.336920 0.000000
0.343462 0.000000
0.350004 0.000000
0.356546 0.000000
0.363088 0.000000
0.369630 0.000000
0.376173 0.000000
0.382715 0.000000
0.389257 0.000000
0.395799 0.000000
0.402341 0.000000
0.408883 0.000000
0.415425 0.000000
0.421968 0.000000
0.428510 0.000000
0.435052 0.000000
0.441594 0.000000
0.448136 0.000000
0.454678 0.000000
0.461220 0.000000
0.467762 0.000000
0.474305 0.000000
0.480847 0.000000
0.487389 0.000000
0.493931 0.000000
0.500473 0.000000
0.507015 0.000000
0.513557 0.000000
0.520100 0.000000
0.526642 0.000000
0.533184 0.000000
0.539726 0.000000
0.546268 0.000000
0.552810 0.000000
0.559352 0.000000
0.565894 0.000000
0.572437 0.000000
0.578979 0.000000
0.585521 0.000000
0.592063 0.000000
0.598605 0.000000
0.605147 0.000000
0.611689 0.000000
0.618232 0.000000
0.624774 0.000000
0.631316 0.000000
0.637858 0.000000
0.644400 0.000000
0.650942 0.000000
0.657484 0.000000
0.664026 0.000000
0.670569 0.000000
0.677111 0.000000
0.683653 0.000000
0.690195 0.000000
0.696737 0.000000
0.703279 0.000000
0.709821 0.000000
0.716364 0.000000
0.722906 0.000000
0.729448 0.000000
0.735990 0.000000
0.742532 0.000000
0.749074 0.000000
0.755616 0.000000
0.762158 0.000000
0.768701 0.000000
0.775243 0.000000
0.781785 0.000000
0.788327 0.000000
0.794869 0.000000
0.801411 0.000000
0.807953 0.000000
0.814496 0.000000
0.821038 0.000000
0.827580 0.000000
0.834122 0.000000
0.840664 0.000000
0.847206 0.000000
0.853748 0.000000
0.860290 0.000000
0.866833 0.000803
0.873375 0.002664
0.879917 0.007146
0.886459 0.015899
0.893001 0.037490
0.899543 0.089110
0.906085 0.163035
0.912628 0.270444
0.919170 0.446824
0.925712 0.692255
0.932254 0.982146
0.938796 1.311740
0.945338 1.704752
0.951880 2.115183
0.958422 2.530889
0.964965 2.918594
0.971507 3.248595
0.978049 3.609096
0.984591 3.888555
0.991133 4.038631
0.997675 4.160234
1.004217 4.202206
1.010759 4.162735
1.017302 4.130693
1.023844 4.018691
1.030386 3.879896
1.036928 3.711453
1.043470 3.549003
1.050012 3.356232
1.056554 3.214015
1.063097 3.007940
1.069639 2.769319
1.076181 2.612120
1.082723 2.479720
1.089265 2.296397
1.095807 2.132158
1.102349 1.971031
1.108891 1.815445
1.115434 1.711889
1.121976 1.600534
1.128518 1.490501
1.135060 1.375910
1.141602 1.285855
1.148144 1.206945
1.154686 1.133900
1.161229 1.070924
1.167771 1.004873
1.174313 0.928464
1.180855 0.876364
1.187397 0.820086
1.193939 0.776446
1.200481 0.739724
1.207023 0.706442
1.213566 0.679324
1.220108 0.650462
1.226650 0.614875
1.233192 0.594187
1.239734 0.573716
1.246276 0.554121
1.252818 0.525558
1.259361 0.502264
1.265903 0.484657
1.272445 0.457953
1.278987 0.454141
1.285529 0.456555
1.292071 0.431348
1.298613 0.425808
1.305155 0.429924
1.311698 0.423506
1.318240 0.401820
1.324782 0.405094
1.331324 0.414018
1.337866 0.410945
1.344408 0.403182
1.350950 0.384537
1.357493 0.387969
1.364035 0.385727
1.370577 0.388704
1.377119 0.392064
1.383661 0.391181
1.390203 0.394181
1.396745 0.393952
1.403287 0.399932
1.409830 0.407758
1.416372 0.414229
1.422914 0.414851
1.429456 0.410521
1.435998 0.413599
1.442540 0.422454
1.449082 0.430346
1.455625 0.442325
1.462167 0.434837
1.468709 0.450148
1.475251 0.470171
1.481793 0.467916
1.488335 0.478616
1.494877 0.490318
1.501419 0.495961
1.507962 0.509034
1.514504 0.514417
1.521046 0.527759
1.527588 0.537664
1.534130 0.564819
1.540672 0.583460
1.547214 0.583192
1.553756 0.609734
1.560299 0.641398
1.566841 0.650141
1.573383 0.684243
1.579925 0.697198
1.586467 0.725833
1.593009 0.760617
1.599551 0.781419
1.606094 0.810249
1.612636 0.837635
1.619178 0.881643
1.625720 0.905840
1.632262 0.918861
1.638804 0.944351
1.645346 0.984226
1.651888 1.020882
1.658431 1.068993
1.664973 1.096678
1.671515 1.117764
1.678057 1.136587
1.684599 1.168576
1.691141 1.215851
1.697683 1.240493
1.704226 1.251346
1.710768 1.266094
1.717310 1.294382
1.723852 1.313316
1.730394 1.345768
1.736936 1.359344
1.743478 1.377423
1.750020 1.387180
1.756563 1.385486
1.763105 1.391857
1.769647 1.390303
1.776189 1.370062
1.782731 1.380731
1.789273 1.383353
1.795815 1.382401
1.802358 1.379339
1.808900 1.371464
1.815442 1.362672
1.821984 1.356097
1.828526 1.347645
1.835068 1.335113
1.841610 1.336447
1.848152 1.318279
1.854695 1.319885
1.861237 1.306639
1.867779 1.293401
1.874321 1.289256
1.880863 1.277317
1.887405 1.279457
1.893947 1.276085
1.900490 1.282694
1.907032 1.298825
1.913574 1.303420
1.920116 1.315934
1.926658 1.317429
1.933200 1.327832
1.939742 1.323639
1.946284 1.325850
1.952827 1.330002
1.959369 1.327293
1.965911 1.323081
1.972453 1.325623
1.978995 1.316678
1.985537 1.313925
1.992079 1.305294
1.998622 1.288820
2.005164 1.279773
2.011706 1.264130
2.018248 1.252268
2.024790 1.229958
2.031332 1.214852
2.037874 1.191649
2.044416 1.169094
2.050959 1.139617
2.057501 1.117316
2.064043 1.107047
2.070585 1.086027
2.077127 1.058497
2.083669 1.036365
2.090211 1.015705
2.096754 1.003825
2.103296 0.978772
2.109838 0.954800
2.116380 0.933216
2.122922 0.896153
2.129464 0.869647
2.136006 0.857441
2.142548 0.835966
2.149091 0.814283
2.155633 0.799225
2.162175 0.785703
2.168717 0.775075
2.175259 0.762614
2.181801 0.749945
2.188343 0.734049
2.194885 0.722831
2.201428 0.701375
2.207970 0.700122
2.214512 0.693181
2.221054 0.685376
2.227596 0.682050
2.234138 0.683293
2.240680 0.670332
2.247223 0.666399
2.253765 0.657759
2.260307 0.661656
2.266849 0.656660
2.273391 0.661112
2.279933 0.667374
2.286475 0.672631
2.293017 0.673861
2.299560 0.678364
2.306102 0.673462
2.312644 0.672418
2.319186 0.679530
2.325728 0.686938
2.332270 0.706272
2.338812 0.706608
2.345355 0.721892
2.351897 0.718907
2.358439 0.727544
2.364981 0.750236
2.371523 0.760519
2.378065 0.767917
2.384607 0.768047
2.391149 0.783572
2.397692 0.797591
2.404234 0.810193
2.410776 0.817395
2.417318 0.831142
2.423860 0.845057
2.430402 0.858511
2.436944 0.879218
2.443487 0.901312
2.450029 0.910277
2.456571 0.927348
2.463113 0.945930
2.469655 0.948268
2.476197 0.963049
2.482739 0.984716
2.489281 0.993751
2.495824 1.018227
2.502366 1.030832
2.508908 1.045538
2.515450 1.066930
2.521992 1.073403
2.528534 1.081305
2.535076 1.097110
2.541619 1.111819
2.548161 1.127503
2.554703 1.134754
2.561245 1.150077
2.567787 1.162706
2.574329 1.176691
2.580871 1.181441
2.587413 1.195014
2.593956 1.210256
2.600498 1.204903
2.607040 1.201314
2.613582 1.219972
2.620124 1.225715
2.626666 1.236892
2.633208 1.241036
2.639751 1.241201
2.646293 1.245202
2.652835 1.249194
2.659377 1.243576
2.665919 1.250578
2.672461 1.243164
2.679003 1.234339
2.685545 1.232486
2.692088 1.225642
2.698630 1.217453
2.705172 1.213768
2.711714 1.206441
2.718256 1.203579
2.724798 1.194211
2.731340 1.191752
2.737883 1.184021
2.744425 1.182477
2.750967 1.167925
2.757509 1.154560
2.764051 1.146394
2.770593 1.146103
2.777135 1.135354
2.783677 1.126867
2.790220 1.116994
2.796762 1.106391
2.803304 1.103243
2.809846 1.101075
2.816388 1.093495
2.822930 1.075430
2.829472 1.074338
2.836014 1.056818
2.842557 1.050420
2.849099 1.038793
2.855641 1.033925
2.862183 1.034914
2.868725 1.021298
2.875267 1.018873
2.881809 1.009756
2.888352 1.006545
2.894894 1.005177
2.901436 0.999820
2.907978 0.993632
2.914520 0.986950
2.921062 0.984130
2.927604 0.978117
2.934146 0.975244
2.940689 0.970984
2.947231 0.970417
2.953773 0.967617
2.960315 0.955994
2.966857 0.961531
2.973399 0.960106
2.979941 0.954168
2.986484 0.950186
2.993026 0.943556
2.999568 0.935576
3.006110 0.937880
3.012652 0.927440
3.019194 0.915396
3.025736 0.916263
3.032278 0.911918
3.038821 0.903316
3.045363 0.898562
3.051905 0.893587
3.058447 0.889865
3.064989 0.883815
3.071531 0.873217
3.078073 0.871140
3.084616 0.872862
3.091158 0.868889
3.097700 0.861277
3.104242 0.856932
3.110784 0.853496
3.117326 0.856907
3.123868 0.850078
3.130410 0.845595
3.136953 0.846304
3.143495 0.841449
3.150037 0.839492
3.156579 0.844642
3.163121 0.840510
3.169663 0.844432
3.176205 0.851626
3.182748 0.852341
3.189290 0.850683
3.195832 0.851595
3.202374 0.852498
3.208916 0.858787
3.215458 0.865780
3.222000 0.874390
3.228542 0.879597
3.235085 0.882301
3.241627 0.890782
3.248169 0.900405
3.254711 0.903806
3.261253 0.907455
