  0.94711049999999997      ,  0.99564640633480839      ,   2280.0000000000000      ,  0.99514635205230428     
   1.0239499999999999      ,  0.99965794242403139      ,   2280.0100097656250      ,  0.99915894481747924     
   1.0071630000000000      ,   1.0036916279264392      ,   2280.0200195312500      ,   1.0031937219533504     
  0.96155860000000004      ,   1.0077476072816411      ,   2280.0300292968750      ,   1.0072508284542383     
   1.0448130000000000      ,   1.0118260258917067      ,   2280.0400390625000      ,   1.0113304102850618     
  0.98400540000000003      ,   1.0159270301256595      ,   2280.0500488281250      ,   1.0154326143859453     
   1.0575129999999999      ,   1.0200507673239276      ,   2280.0600585937500      ,   1.0195575886767891     
   1.0131319999999999      ,   1.0241973858027473      ,   2280.0700683593750      ,   1.0237054820617955     
   1.0573930000000000      ,   1.0283670348585283      ,   2280.0800781250000      ,   1.0278764444339517     
   1.0177499999999999      ,   1.0325598647721639      ,   2280.0900878906250      ,   1.0320706266794677     
  0.99804510000000002      ,   1.0367760268132942      ,   2280.1000976562500      ,   1.0362881806821631     
   1.0795459999999999      ,   1.0410156732445175      ,   2280.1101074218750      ,   1.0405292593278050     
   1.0681069999999999      ,   1.0452789573255439      ,   2280.1201171875000      ,   1.0447940165083918     
   1.0867460000000000      ,   1.0494611862051901      ,   2280.1298828125000      ,   1.0489777225730215     
   1.0890519999999999      ,   1.0537716234411385      ,   2280.1398925781250      ,   1.0532897155762653     
   1.0759920000000001      ,   1.0581061603057305      ,   2280.1499023437500      ,   1.0576258510299628     
   1.1034830000000000      ,   1.0624649540627271      ,   2280.1599121093750      ,   1.0619862868677221     
   1.0917200000000000      ,   1.0668481629927631      ,   2280.1699218750000      ,   1.0663711820498136     
   1.0561339999999999      ,   1.0712559463971210      ,   2280.1799316406250      ,   1.0707806965670790     
   1.0863419999999999      ,   1.0756884646014244      ,   2280.1899414062500      ,   1.0752149914447684     
   1.0573120000000000      ,   1.0801458789592584      ,   2280.1999511718750      ,   1.0796742287463028     
   1.0821559999999999      ,   1.0846283518557067      ,   2280.2099609375000      ,   1.0841585715769562     
   1.0722250000000000      ,   1.0891360467108067      ,   2280.2199707031250      ,   1.0886681840874590     
   1.1379750000000000      ,   1.0936691279829169      ,   2280.2299804687500      ,   1.0932032314775137     
   1.0512450000000000      ,   1.0982277611719951      ,   2280.2399902343750      ,   1.0977638799992231     
   1.1430910000000001      ,   1.1028121128227824      ,   2280.2500000000000      ,   1.1023502969604280     
   1.1465570000000000      ,   1.1074223505278888      ,   2280.2600097656250      ,   1.1069626507279484     
   1.0618730000000001      ,   1.1120586429307802      ,   2280.2700195312500      ,   1.1116011107307264     
   1.1457809999999999      ,   1.1167211597286602      ,   2280.2800292968750      ,   1.1162658474628666     
   1.1408210000000001      ,   1.1214100716752422      ,   2280.2900390625000      ,   1.1209570324865707     
   1.1466410000000000      ,   1.1261255505834118      ,   2280.3000488281250      ,   1.1256748384349611     
   1.1737230000000001      ,   1.1308677693277711      ,   2280.3100585937500      ,   1.1304194390147917     
   1.1413260000000001      ,   1.1356369018470631      ,   2280.3200683593750      ,   1.1351910090090400     
   1.1159920000000001      ,   1.1404331231464739      ,   2280.3300781250000      ,   1.1399897242793764     
   1.1393370000000000      ,   1.1452566092998022      ,   2280.3400878906250      ,   1.1448157617685071     
   1.1871290000000001      ,   1.1501075374514995      ,   2280.3500976562500      ,   1.1496692995023883     
   1.1598170000000001      ,   1.1549860858185714      ,   2280.3601074218750      ,   1.1545505165923013     
   1.1635679999999999      ,   1.1598924336923353      ,   2280.3701171875000      ,   1.1594595932367910     
   1.1507229999999999      ,   1.1647060776677229      ,   2280.3798828125000      ,   1.1642759581760633     
   1.1158850000000000      ,   1.1696678777053391      ,   2280.3898925781250      ,   1.1692406083335420     
   1.1404150000000000      ,   1.1746580171202057      ,   2280.3999023437500      ,   1.1742336606940886     
   1.1704319999999999      ,   1.1796766794891245      ,   2280.4099121093750      ,   1.1792552997950210     
   1.2250209999999999      ,   1.1847240494696818      ,   2280.4199218750000      ,   1.1843057112683131     
   1.1996890000000000      ,   1.1898003128010575      ,   2280.4299316406250      ,   1.1893850818415930     
   1.2231630000000000      ,   1.1949056563046563      ,   2280.4399414062500      ,   1.1944935993389674     
   1.1704779999999999      ,   1.2000402678845530      ,   2280.4499511718750      ,   1.1996314526816663     
   1.1711350000000000      ,   1.2052043365277540      ,   2280.4599609375000      ,   1.2047988318884983     
   1.2314449999999999      ,   1.2103980523042583      ,   2280.4699707031250      ,   1.2099959280761181     
   1.1950840000000000      ,   1.2156216063669241      ,   2280.4799804687500      ,   1.2152229334590914     
   1.1790240000000001      ,   1.2208751909511262      ,   2280.4899902343750      ,   1.2204800413497594     
   1.2044459999999999      ,   1.2261589993741993      ,   2280.5000000000000      ,   1.2257674461578927     
   1.2064690000000000      ,   1.2314732260346644      ,   2280.5100097656250      ,   1.2310853433901245     
   1.2847550000000001      ,   1.2368180664112298      ,   2280.5200195312500      ,   1.2364339296491667     
   1.2787539999999999      ,   1.2421937170615602      ,   2280.5300292968750      ,   1.2418134026327921     
   1.2848219999999999      ,   1.2476003756208023      ,   2280.5400390625000      ,   1.2472239611325806     
   1.2728790000000001      ,   1.2530382407998717      ,   2280.5500488281250      ,   1.2526658050324242     
   1.2297490000000000      ,   1.2585075123834812      ,   2280.5600585937500      ,   1.2581391353067781     
   1.2628600000000001      ,   1.2640083912279110      ,   2280.5700683593750      ,   1.2636441540186567     
   1.2197620000000000      ,   1.2695410792585105      ,   2280.5800781250000      ,   1.2691810643173627     
   1.2603910000000000      ,   1.2751057794669254      ,   2280.5900878906250      ,   1.2747500704359431     
   1.2686040000000001      ,   1.2807026959080408      ,   2280.6000976562500      ,   1.2803513776883664     
   1.2487189999999999      ,   1.2863320336966337      ,   2280.6101074218750      ,   1.2859851924664090     
   1.2957680000000000      ,   1.2919939990037257      ,   2280.6201171875000      ,   1.2916517222362460     
   1.2299530000000001      ,   1.2975495092034917      ,   2280.6298828125000      ,   1.2972117711249487     
   1.3388770000000001      ,   1.3032765438522596      ,   2280.6398925781250      ,   1.3029435469283062     
   1.2578490000000000      ,   1.3090368257113152      ,   2280.6499023437500      ,   1.3087086613788610     
   1.2976000000000001      ,   1.3148305651086449      ,   2280.6599121093750      ,   1.3145073261743221     
   1.3077880000000000      ,   1.3206579734055934      ,   2280.6699218750000      ,   1.3203397540651292     
   1.3628670000000001      ,   1.3265192629912481      ,   2280.6799316406250      ,   1.3262061588490894     
   1.3313649999999999      ,   1.3324146472764662      ,   2280.6899414062500      ,   1.3321067553656580     
   1.3603400000000001      ,   1.3383443406875266      ,   2280.6999511718750      ,   1.3380417594898486     
   1.3025869999999999      ,   1.3443085586594041      ,   2280.7099609375000      ,   1.3440113881257671     
   1.3491500000000001      ,   1.3503075176286532      ,   2280.7199707031250      ,   1.3500158591997571     
   1.4014500000000001      ,   1.3563414350258891      ,   2280.7299804687500      ,   1.3560553916531453     
   1.3280339999999999      ,   1.3624105292678605      ,   2280.7399902343750      ,   1.3621302054345819     
   1.3621970000000001      ,   1.3685150197490965      ,   2280.7500000000000      ,   1.3682405214919564     
   1.3220930000000000      ,   1.3746551268331249      ,   2280.7600097656250      ,   1.3743865617638880     
   1.3247899999999999      ,   1.3808310718432424      ,   2280.7700195312500      ,   1.3805685491707700     
   1.3330439999999999      ,   1.3870430770528341      ,   2280.7800292968750      ,   1.3867867076053644     
   1.3633580000000001      ,   1.3932913656752202      ,   2280.7900390625000      ,   1.3930412619229307     
   1.3595930000000001      ,   1.3995761618530311      ,   2280.8000488281250      ,   1.3993324379308776     
   1.4171389999999999      ,   1.4058976906470839      ,   2280.8100585937500      ,   1.4056604623779265     
   1.4484720000000000      ,   1.4122561780247622      ,   2280.8200683593750      ,   1.4120255629427758     
   1.3651409999999999      ,   1.4186518508478765      ,   2280.8300781250000      ,   1.4184279682222491     
   1.3531569999999999      ,   1.4250849368599978      ,   2280.8400878906250      ,   1.4248679077189175     
   1.4498810000000000      ,   1.4315556646732477      ,   2280.8500976562500      ,   1.4313456118281846     
   1.3791450000000001      ,   1.4380642637545364      ,   2280.8601074218750      ,   1.4378613118248160     
   1.4803130000000000      ,   1.4446109644112293      ,   2280.8701171875000      ,   1.4444152398489045     
   1.4016439999999999      ,   1.4510349293203806      ,   2280.8798828125000      ,   1.4508463794873396     
   1.5015130000000001      ,   1.4576575839695474      ,   2280.8898925781250      ,   1.4574765168091084     
   1.4289170000000000      ,   1.4643190303209848      ,   2280.8999023437500      ,   1.4641455778887253     
   1.4577450000000001      ,   1.4710195018699490      ,   2280.9099121093750      ,   1.4708537981560195     
   1.4012370000000001      ,   1.4777592328719018      ,   2280.9199218750000      ,   1.4776014138274001     
   1.4240480000000000      ,   1.4845384583244834      ,   2280.9299316406250      ,   1.4843886618881352     
   1.5019030000000000      ,   1.4913574139488137      ,   2280.9399414062500      ,   1.4912157800739638     
   1.4816130000000001      ,   1.4982163361701077      ,   2280.9499511718750      ,   1.4980830068520219     
   1.4707260000000000      ,   1.5051154620975888      ,   2280.9599609375000      ,   1.5049905814010665     
   1.5759420000000000      ,   1.5120550295036819      ,   2280.9699707031250      ,   1.5119387435909839     
   1.4795810000000000      ,   1.5190352768024700      ,   2280.9799804687500      ,   1.5189277339615621     
   1.4482729999999999      ,   1.5260564430274008      ,   2280.9899902343750      ,   1.5259577937005115     
   1.5047040000000000      ,   1.5331187678082225      ,   2281.0000000000000      ,   1.5330291646207197     
   1.5834060000000001      ,   1.5402224913471274      ,   2281.0100097656250      ,   1.5401420891367141     
   1.5577660000000000      ,   1.5473678543940972      ,   2281.0200195312500      ,   1.5472968102403266     
   1.5765579999999999      ,   1.5545550982214196      ,   2281.0300292968750      ,   1.5544935714755297     
   1.5241520000000000      ,   1.5617844645973644      ,   2281.0400390625000      ,   1.5617326169124355     
   1.5724980000000000      ,   1.5690561957589977      ,   2281.0500488281250      ,   1.5690141911204309     
   1.5044970000000000      ,   1.5763705343841155      ,   2281.0600585937500      ,   1.5763385391404359     
   1.6474040000000001      ,   1.5837277235622798      ,   2281.0700683593750      ,   1.5837059064562584     
   1.5819970000000001      ,   1.5911280067649318      ,   2281.0800781250000      ,   1.5911165389650357     
   1.5659200000000000      ,   1.5985716278145661      ,   2281.0900878906250      ,   1.5985706829467290     
   1.6523060000000001      ,   1.6060588308529462      ,   2281.1000976562500      ,   1.6060685850326644     
   1.5642490000000000      ,   1.6135898603083385      ,   2281.1101074218750      ,   1.6136104921730872     
   1.5545260000000001      ,   1.6211649608617396      ,   2281.1201171875000      ,   1.6211966516037173     
   1.6873910000000001      ,   1.6285980088065786      ,   2281.1298828125000      ,   1.6286406657875927     
   1.6724159999999999      ,   1.6362608966622394      ,   2281.1398925781250      ,   1.6363149781238044     
   1.5866100000000001      ,   1.6439685848395547      ,   2281.1499023437500      ,   1.6440342797725511     
   1.5910450000000000      ,   1.6517213186697961      ,   2281.1599121093750      ,   1.6517988187531802     
   1.6720550000000001      ,   1.6595193435532898      ,   2281.1699218750000      ,   1.6596088431884322     
   1.6809719999999999      ,   1.6673629049191943      ,   2281.1799316406250      ,   1.6674646012645375     
   1.6522180000000000      ,   1.6752522481841228      ,   2281.1899414062500      ,   1.6753663411901558     
   1.6197680000000001      ,   1.6831876187095807      ,   2281.1999511718750      ,   1.6833143111541280     
   1.6480570000000001      ,   1.6911692617581957      ,   2281.2099609375000      ,   1.6913087592820175     
   1.7279620000000000      ,   1.6991974224487150      ,   2281.2199707031250      ,   1.6993499335914199     
   1.6781580000000000      ,   1.7072723457097450      ,   2281.2299804687500      ,   1.7074380819460107     
   1.6645239999999999      ,   1.7153942762322121      ,   2281.2399902343750      ,   1.7155734520083081     
   1.7775000000000001      ,   1.7235634584205084      ,   2281.2500000000000      ,   1.7237562911911268     
   1.6908510000000001      ,   1.7317801363423102      ,   2281.2600097656250      ,   1.7319868466076902     
   1.7808230000000000      ,   1.7400445536770317      ,   2281.2700195312500      ,   1.7402653650203843     
   1.7278119999999999      ,   1.7483569536628931      ,   2281.2800292968750      ,   1.7485920927881153     
   1.6771689999999999      ,   1.7567175790425751      ,   2281.2900390625000      ,   1.7569672758122525     
   1.7119230000000001      ,   1.7651266720074315      ,   2281.3000488281250      ,   1.7653911594811249     
   1.7779069999999999      ,   1.7735844741402333      ,   2281.3100585937500      ,   1.7738639886130443     
   1.8472500000000001      ,   1.7820912263564137      ,   2281.3200683593750      ,   1.7823860073978242     
   1.8531080000000000      ,   1.7906471688437906      ,   2281.3300781250000      ,   1.7909574593367721     
   1.7986770000000001      ,   1.7992525410007361      ,   2281.3400878906250      ,   1.7995785871811187     
   1.7514510000000001      ,   1.8079075813727579      ,   2281.3500976562500      ,   1.8082496328688606     
   1.8118749999999999      ,   1.8166125275874754      ,   2281.3601074218750      ,   1.8169708374599836     
   1.8788260000000001      ,   1.8253676162879480      ,   2281.3701171875000      ,   1.8257424410700378     
   1.8552510000000000      ,   1.8339577143603627      ,   2281.3798828125000      ,   1.8343489018310957     
   1.7657980000000000      ,   1.8428125564472240      ,   2281.3898925781250      ,   1.8432207760011730     
   1.9033020000000000      ,   1.8517182386749538      ,   2281.3999023437500      ,   1.8521437574176769     
   1.8952659999999999      ,   1.8606749930796396      ,   2281.4099121093750      ,   1.8611180817509609     
   1.8444710000000000      ,   1.8696830503556519      ,   2281.4199218750000      ,   1.8701439833708833     
   1.9227939999999999      ,   1.8787426397785369      ,   2281.4299316406250      ,   1.8792216952698948     
   1.9160130000000000      ,   1.8878539891260560      ,   2281.4399414062500      ,   1.8883514489842592     
   1.8810400000000000      ,   1.8970173245973325      ,   2281.4499511718750      ,   1.8975334745133796     
   1.8899480000000000      ,   1.9062328707300851      ,   2281.4599609375000      ,   1.9067680002371938     
   1.9057170000000001      ,   1.9155008503159117      ,   2281.4699707031250      ,   1.9160552528316090     
   1.9226090000000000      ,   1.9248214843135860      ,   2281.4799804687500      ,   1.9253954571819409     
   1.9720940000000000      ,   1.9341949917603440      ,   2281.4899902343750      ,   1.9347888362943271     
   1.9816630000000000      ,   1.9436215896811184      ,   2281.5000000000000      ,   1.9442356112050783     
   1.8655870000000001      ,   1.9531014929956976      ,   2281.5100097656250      ,   1.9537360008879363     
   1.9373220000000000      ,   1.9626349144237665      ,   2281.5200195312500      ,   1.9632902221592063     
   1.9825120000000001      ,   1.9722220643878061      ,   2281.5300292968750      ,   1.9728984895807258     
   1.9687740000000000      ,   1.9818631509138120      ,   2281.5400390625000      ,   1.9825610153606408     
   1.9422159999999999      ,   1.9915583795297997      ,   2281.5500488281250      ,   1.9922780092519536     
   1.9798770000000001      ,   2.0013079531620686      ,   2281.5600585937500      ,   2.0020496784488113     
   2.0348690000000000      ,   2.0111120720291833      ,   2281.5700683593750      ,   2.0118762274804931     
   2.0052590000000001      ,   2.0209709335336443      ,   2281.5800781250000      ,   2.0217578581030722     
   1.9368540000000001      ,   2.0308847321512209      ,   2281.5900878906250      ,   2.0316947691887153     
   1.9578930000000001      ,   2.0408536593178965      ,   2281.6000976562500      ,   2.0416871566125820     
   1.9655620000000000      ,   2.0508779033144093      ,   2281.6101074218750      ,   2.0517352131372948     
   2.0701740000000002      ,   2.0609576491483494      ,   2281.6201171875000      ,   2.0618391282949431     
   2.0733679999999999      ,   2.0708452089349558      ,   2281.6298828125000      ,   2.0717506161229462     
   2.0553370000000002      ,   2.0810351352020389      ,   2281.6398925781250      ,   2.0819654300668229     
   2.0696479999999999      ,   2.0912810932633596      ,   2281.6499023437500      ,   2.0922366463144542     
   2.1520429999999999      ,   2.1015832538983563      ,   2281.6599121093750      ,   2.1025644403378649     
   2.1412480000000000      ,   2.1119417839892263      ,   2281.6699218750000      ,   2.1129489837536628     
   2.1629520000000002      ,   2.1223568463877478      ,   2281.6799316406250      ,   2.1233904441896239     
   2.1206659999999999      ,   2.1328285997794318      ,   2281.6899414062500      ,   2.1338889851485852     
   2.1720060000000001      ,   2.1433571985449769      ,   2281.6999511718750      ,   2.1444447658696082     
   2.0663459999999998      ,   2.1539427926189973      ,   2281.7099609375000      ,   2.1550579411863908     
   2.2541940000000000      ,   2.1645855273459929      ,   2281.7199707031250      ,   2.1657286613828854     
   2.1941410000000001      ,   2.1752855433335276      ,   2281.7299804687500      ,   2.1764570720461021     
   2.2818060000000000      ,   2.1860429763025984      ,   2281.7399902343750      ,   2.1872433139160625     
   2.2647260000000000      ,   2.1968579569351507      ,   2281.7500000000000      ,   2.1980875227328740     
   2.2624200000000001      ,   2.2077306107187322      ,   2281.7600097656250      ,   2.2089898290809002     
   2.1316109999999999      ,   2.2186610577882351      ,   2281.7700195312500      ,   2.2199503582299971     
   2.1749939999999999      ,   2.2296494127647239      ,   2281.7800292968750      ,   2.2309692299737849     
   2.1457430000000000      ,   2.2406957845913094      ,   2281.7900390625000      ,   2.2420465584649332     
   2.2738870000000002      ,   2.2518002763660441      ,   2281.8000488281250      ,   2.2531824520474366     
   2.2157629999999999      ,   2.2629629851718231      ,   2281.8100585937500      ,   2.2643770130858454     
   2.2699790000000002      ,   2.2741840019032651      ,   2281.8200683593750      ,   2.2756303377914406     
   2.3800330000000001      ,   2.2854634110905465      ,   2281.8300781250000      ,   2.2869425160453205     
   2.3447179999999999      ,   2.2968012907201807      ,   2281.8400878906250      ,   2.2983136312183854     
   2.2669480000000002      ,   2.3081977120527073      ,   2281.8500976562500      ,   2.3097437599881929     
   2.2752629999999998      ,   2.3196527394372914      ,   2281.8601074218750      ,   2.3212329721526705     
   2.3698000000000001      ,   2.3311664301231985      ,   2281.8701171875000      ,   2.3327813304406670     
   2.2628070000000000      ,   2.3424558814138061      ,   2281.8798828125000      ,   2.3441050743498315     
   2.4524149999999998      ,   2.3540856075770740      ,   2281.8898925781250      ,   2.3557704382049307     
   2.3287100000000001      ,   2.3657741235023741      ,   2281.8999023437500      ,   2.3674950911217914     
   2.3202940000000001      ,   2.3775214562861273      ,   2281.9099121093750      ,   2.3792790657887615     
   2.4900470000000001      ,   2.3893276249400759      ,   2281.9199218750000      ,   2.3911223868349518     
   2.4579219999999999      ,   2.4011926401838939      ,   2281.9299316406250      ,   2.4030250706216090     
   2.3691290000000000      ,   2.4131165042346061      ,   2281.9399414062500      ,   2.4149871250302373     
   2.3724370000000001      ,   2.4250992105928253      ,   2281.9499511718750      ,   2.4270085492474807     
   2.4881400000000000      ,   2.4371407438257928      ,   2281.9599609375000      ,   2.4390893335467552     
   2.3494160000000002      ,   2.4492410793472437      ,   2281.9699707031250      ,   2.4512294590666297     
   2.5023650000000002      ,   2.4614001831940797      ,   2281.9799804687500      ,   2.4634288975859691     
   2.5321690000000001      ,   2.4736180117998683      ,   2281.9899902343750      ,   2.4756876112958310     
   2.4227129999999999      ,   2.4858945117651792      ,   2282.0000000000000      ,   2.4880055525681315     
   2.4275519999999999      ,   2.4982296196247558      ,   2282.0100097656250      ,   2.5003826637210911     
   2.5284580000000001      ,   2.5106232616115562      ,   2282.0200195312500      ,   2.5128188767814645     
   2.4580810000000000      ,   2.5230753534176600      ,   2282.0300292968750      ,   2.5253141132435850     
   2.6062959999999999      ,   2.5355857999520746      ,   2282.0400390625000      ,   2.5378682838252224     
   2.6471840000000002      ,   2.5481544950954649      ,   2282.0500488281250      ,   2.5504812882202974     
   2.5615260000000002      ,   2.5607813214518185      ,   2282.0600585937500      ,   2.5631530148484591     
   2.5819540000000001      ,   2.5734661500970963      ,   2282.0700683593750      ,   2.5758833406015689     
   2.6570630000000000      ,   2.5862088403248831      ,   2282.0800781250000      ,   2.5886721305871050     
   2.4926960000000000      ,   2.5990092393890865      ,   2282.0900878906250      ,   2.6015192378685450     
   2.5723470000000002      ,   2.6118671822437238      ,   2282.1000976562500      ,   2.6144245032027427     
   2.7417140000000000      ,   2.6247824912798303      ,   2282.1101074218750      ,   2.6273877547743592     
   2.6518459999999999      ,   2.6377549760595542      ,   2282.1201171875000      ,   2.6404088079273853     
   2.5460410000000002      ,   2.6504659652488307      ,   2282.1298828125000      ,   2.6531677895359609     
   2.7481520000000002      ,   2.6635507959518643      ,   2282.1398925781250      ,   2.6663024419594152     
   2.8029929999999998      ,   2.6766921571989148      ,   2282.1499023437500      ,   2.6794942678730576     
   2.6725110000000001      ,   2.6898898048657669      ,   2282.1599121093750      ,   2.6927430288605900     
   2.7518080000000000      ,   2.7031434806362529      ,   2282.1699218750000      ,   2.7060484722879123     
   2.8285300000000002      ,   2.7164529117207126      ,   2282.1799316406250      ,   2.7194103310184938     
   2.7525650000000002      ,   2.7298178105720976      ,   2282.1899414062500      ,   2.7328283231262835     
   2.6638570000000001      ,   2.7432378745997865      ,   2282.1999511718750      ,   2.7463021516062427     
   2.7812619999999999      ,   2.7567127858812102      ,   2282.2099609375000      ,   2.7598315040825967     
   2.8458139999999998      ,   2.7702422108713884      ,   2282.2199707031250      ,   2.7734160525148885     
   2.6558489999999999      ,   2.7838258001104608      ,   2282.2299804687500      ,   2.7870554529019413     
   2.6752620000000000      ,   2.7974631879293330      ,   2282.2399902343750      ,   2.8007493449838323     
   2.9339200000000001      ,   2.8111539921535509      ,   2282.2500000000000      ,   2.8144973519419891     
   2.7362030000000002      ,   2.8248978138055003      ,   2282.2600097656250      ,   2.8282990800975236     
   2.7169140000000001      ,   2.8386942368050923      ,   2282.2700195312500      ,   2.8421541186079291     
   2.8787609999999999      ,   2.8525428276690192      ,   2282.2800292968750      ,   2.8560620391622691     
   2.8896769999999998      ,   2.8664431352087631      ,   2282.2900390625000      ,   2.8700223956749924     
   2.7462019999999998      ,   2.8803946902274618      ,   2282.3000488281250      ,   2.8840347239785165     
   2.7788140000000001      ,   2.8943970052158066      ,   2282.3100585937500      ,   2.8980985415147291     
   2.9803780000000000      ,   2.9084495740471166      ,   2282.3200683593750      ,   2.9122133470255656     
   2.8978989999999998      ,   2.9225518716717565      ,   2282.3300781250000      ,   2.9263786202428141     
   2.9211730000000000      ,   2.9367033538110623      ,   2282.3400878906250      ,   2.9405938215773380     
   3.0456189999999999      ,   2.9509034566509675      ,   2282.3500976562500      ,   2.9548583918078695     
   2.9683600000000001      ,   2.9651515965354900      ,   2282.3601074218750      ,   2.9691717517695775     
   3.1009030000000002      ,   2.9794471696602969      ,   2282.3701171875000      ,   2.9835333020425936     
   3.0322979999999999      ,   2.9934391856622735      ,   2282.3798828125000      ,   2.9975904196773193     
   2.9417360000000001      ,   3.0078266136191982      ,   2282.3898925781250      ,   3.0120453329061148     
   3.1377950000000001      ,   3.0222595559530889      ,   2282.3999023437500      ,   3.0265465299473280     
   3.1579410000000001      ,   3.0367373257350700      ,   2282.4099121093750      ,   3.0410933277804792     
   3.1997559999999998      ,   3.0512592143713291      ,   2282.4199218750000      ,   3.0556850215868048     
   2.9851600000000000      ,   3.0658244913014863      ,   2282.4299316406250      ,   3.0703208844419643     
   3.0110480000000002      ,   3.0804324036985951      ,   2282.4399414062500      ,   3.0850001670102514     
   3.2304520000000001      ,   3.0950821761710108      ,   2282.4499511718750      ,   3.0997220972405812     
   2.9799840000000000      ,   3.1097730104663945      ,   2282.4599609375000      ,   3.1144858800645085     
   3.0216330000000000      ,   3.1245040851781325      ,   2282.4699707031250      ,   3.1292906970965517     
   3.0986430000000000      ,   3.1392745554544255      ,   2282.4799804687500      ,   3.1441357063370989     
   3.1974309999999999      ,   3.1540835527103712      ,   2282.4899902343750      ,   3.1590200418781986     
   3.0458660000000002      ,   3.1689301843433055      ,   2282.5000000000000      ,   3.1739428136125114     
   3.0482339999999999      ,   3.1838135334517186      ,   2282.5100097656250      ,   3.1889031069457521     
   3.2231030000000001      ,   3.1987326585580638      ,   2282.5200195312500      ,   3.2038999825129206     
   3.3241280000000000      ,   3.2136865933357726      ,   2282.5300292968750      ,   3.2189324758986508     
   3.1621959999999998      ,   3.2286743463408061      ,   2282.5400390625000      ,   3.2339995973620175     
   3.3503479999999999      ,   3.2436949007480878      ,   2282.5500488281250      ,   3.2491003315661211     
   3.1141719999999999      ,   3.2587472140931548      ,   2282.5600585937500      ,   3.2642336373128282     
   3.4106190000000001      ,   3.2738302180193877      ,   2282.5700683593750      ,   3.2793984472830018     
   3.4012039999999999      ,   3.2889428180311864      ,   2282.5800781250000      ,   3.2945936677825967     
   3.2823310000000001      ,   3.3040838932534453      ,   2282.5900878906250      ,   3.3098181784950014     
   3.3632420000000001      ,   3.3192522961977327      ,   2282.6000976562500      ,   3.3250708322399940     
   3.4519869999999999      ,   3.3344468525355357      ,   2282.6101074218750      ,   3.3403504547397160     
   3.2601380000000000      ,   3.3496663608789792      ,   2282.6201171875000      ,   3.3556558443920594     
   3.2897609999999999      ,   3.3645375339643526      ,   2282.6298828125000      ,   3.3706115892238198     
   3.5190410000000001      ,   3.3798027000498996      ,   2282.6398925781250      ,   3.3859642453332297     
   3.3571550000000001      ,   3.3950890811919492      ,   2282.6499023437500      ,   3.4013389293691065     
   3.5728569999999999      ,   3.4103953664175242      ,   2282.6599121093750      ,   3.4167343290175975     
   3.3934630000000001      ,   3.4257202167284473      ,   2282.6699218750000      ,   3.4321491036375593     
   3.4736110000000000      ,   3.4410622649353280      ,   2282.6799316406250      ,   3.4475818840869699     
   3.4439820000000001      ,   3.4564201155019738      ,   2282.6899414062500      ,   3.4630312725597405     
   3.4527929999999998      ,   3.4717923444006651      ,   2282.6999511718750      ,   3.4784958424333805     
   3.6564500000000000      ,   3.4871774989787583      ,   2282.7099609375000      ,   3.4939741381279781     
   3.4915400000000001      ,   3.5025740978370652      ,   2282.7199707031250      ,   3.5094646749769667     
   3.6091639999999998      ,   3.5179806307204768      ,   2282.7299804687500      ,   3.5249659391101416     
   3.5351990000000000      ,   3.5333955584213061      ,   2282.7399902343750      ,   3.5404763873494085     
   3.6019929999999998      ,   3.5488173126958058      ,   2282.7500000000000      ,   3.5559944471177363     
   3.5381999999999998      ,   3.5642442961943543      ,   2282.7600097656250      ,   3.5715185163618082     
   3.5042100000000000      ,   3.5796748824057723      ,   2282.7700195312500      ,   3.5870469634888522     
   3.7556620000000001      ,   3.5951074156162663      ,   2282.7800292968750      ,   3.6025781273181345     
   3.6210550000000001      ,   3.6105402108834599      ,   2282.7900390625000      ,   3.6181103170476234     
   3.6547030000000000      ,   3.6259715540260293      ,   2282.8000488281250      ,   3.6336418122363026     
   3.5835240000000002      ,   3.6413997016293820      ,   2282.8100585937500      ,   3.6491708628026358     
   3.6750539999999998      ,   3.6568228810679151      ,   2282.8200683593750      ,   3.6646956890396765     
   3.8081049999999999      ,   3.6722392905442933      ,   2282.8300781250000      ,   3.6802144816473117     
   3.7160970000000000      ,   3.6876470991462553      ,   2282.8400878906250      ,   3.6957254017821439     
   3.6870680000000000      ,   3.7030444469214197      ,   2282.8500976562500      ,   3.7112265811254987     
   3.6959290000000000      ,   3.7184294449705684      ,   2282.8601074218750      ,   3.7267161219700369     
   3.7262260000000000      ,   3.7338001755598889      ,   2282.8701171875000      ,   3.7421920973254768     
   3.7114699999999998      ,   3.7487804001703022      ,   2282.8798828125000      ,   3.7572756669741536     
   3.6064889999999998      ,   3.7641171953301904      ,   2282.8898925781250      ,   3.7727190647355817     
   3.7890340000000000      ,   3.7794338474365929      ,   2282.8999023437500      ,   3.7881429911571001     
   3.6440959999999998      ,   3.7947283256201687      ,   2282.9099121093750      ,   3.8035454042692529     
   3.7039219999999999      ,   3.8099985710332858      ,   2282.9199218750000      ,   3.8189242336461002     
   3.9278270000000002      ,   3.8252424970851275      ,   2282.9299316406250      ,   3.8342773806349273     
   4.0252549999999996      ,   3.8404579896988924      ,   2282.9399414062500      ,   3.8496027186083004     
   3.7379590000000000      ,   3.8556429075915228      ,   2282.9499511718750      ,   3.8648980932388728     
   4.0175599999999996      ,   3.8707950825763437      ,   2282.9599609375000      ,   3.8801613227973895     
   3.8822150000000000      ,   3.8859123198890311      ,   2282.9699707031250      ,   3.8953901984742711     
   3.9742890000000002      ,   3.9009923985372668      ,   2282.9799804687500      ,   3.9105824847251935     
   3.9023720000000002      ,   3.9160330716744576      ,   2282.9899902343750      ,   3.9257359196410175     
   3.9264049999999999      ,   3.9310320669978718      ,   2283.0000000000000      ,   3.9408482153424598     
   4.0478519999999998      ,   3.9459870871715093      ,   2283.0100097656250      ,   3.9559170583998275     
   4.1634279999999997      ,   3.9608958102740424      ,   2283.0200195312500      ,   3.9709401102781650     
   3.8984660000000000      ,   3.9757558902721057      ,   2283.0300292968750      ,   3.9859150078081091     
   3.8231069999999998      ,   3.9905649575192261      ,   2283.0400390625000      ,   4.0008393636827515     
   4.0713840000000001      ,   4.0053206192806412      ,   2283.0500488281250      ,   4.0157107669807806     
   3.9551599999999998      ,   4.0200204602842398      ,   2283.0600585937500      ,   4.0305267837161480     
   3.9420350000000002      ,   4.0346620432978417      ,   2283.0700683593750      ,   4.0452849574144709     
   3.9262359999999998      ,   4.0492429097329996      ,   2283.0800781250000      ,   4.0599828097164021     
   4.0895659999999996      ,   4.0637605802754830      ,   2283.0900878906250      ,   4.0746178410081120     
   4.2505530000000000      ,   4.0782125555425823      ,   2283.1000976562500      ,   4.0891875310790473     
   4.2255130000000003      ,   4.0925963167673451      ,   2283.1101074218750      ,   4.1036893398070786     
   4.0654250000000003      ,   4.1069093265098076      ,   2283.1201171875000      ,   4.1181207078711397     
   4.1347170000000002      ,   4.1208026118728611      ,   2283.1298828125000      ,   4.1321297428933113     
   4.0857039999999998      ,   4.1349683168117028      ,   2283.1398925781250      ,   4.1464143538548717     
   4.1027110000000002      ,   4.1490556167615225      ,   2283.1499023437500      ,   4.1606208024462230     
   4.2252409999999996      ,   4.1630619076134190      ,   2283.1599121093750      ,   4.1747464606101206     
   4.1869379999999996      ,   4.1769845705264572      ,   2283.1699218750000      ,   4.1887886850458287     
   4.4153570000000002      ,   4.1908209728002204      ,   2283.1799316406250      ,   4.2027448180861793     
   4.4061440000000003      ,   4.2045684687740552      ,   2283.1899414062500      ,   4.2166121886018715     
   4.0912329999999999      ,   4.2182244007528036      ,   2283.1999511718750      ,   4.2303881129328254     
   4.4547790000000003      ,   4.2317860999588133      ,   2283.2099609375000      ,   4.2440698958463887     
   4.2694640000000001      ,   4.2452508875099673      ,   2283.2199707031250      ,   4.2576548315221441     
   4.4093929999999997      ,   4.2586160754234204      ,   2283.2299804687500      ,   4.2711402045630171     
   4.2379119999999997      ,   4.2718789676447226      ,   2283.2399902343750      ,   4.2845232910323654     
   4.1653339999999996      ,   4.2850368611019523      ,   2283.2500000000000      ,   4.2978013595166731     
   4.4647050000000004      ,   4.2980870467844241      ,   2283.2600097656250      ,   4.3109716722134346     
   4.2641549999999997      ,   4.3110268108455312      ,   2283.2700195312500      ,   4.3240314860437916     
   4.1912219999999998      ,   4.3238534357292151      ,   2283.2800292968750      ,   4.3369780537893954     
   4.5012889999999999      ,   4.3365642013195256      ,   2283.2900390625000      ,   4.3498086252529866     
   4.3809370000000003      ,   4.3491563861126776      ,   2283.3000488281250      ,   4.3625204484420994     
   4.2456610000000001      ,   4.3616272684109934      ,   2283.3100585937500      ,   4.3751107707752581     
   4.3904500000000004      ,   4.3739741275380517      ,   2283.3200683593750      ,   4.3875768403100084     
   4.5573170000000003      ,   4.3861942450743356      ,   2283.3300781250000      ,   4.3999159069920664     
   4.4051879999999999      ,   4.3982849061126341      ,   2283.3400878906250      ,   4.4121252239248347     
   4.3850639999999999      ,   4.4102434005323836      ,   2283.3500976562500      ,   4.4242020486584837     
   4.2648919999999997      ,   4.4220670242921392      ,   2283.3601074218750      ,   4.4361436444977524     
   4.6108440000000002      ,   4.4337530807392724      ,   2283.3701171875000      ,   4.4479472818276049     
   4.3767069999999997      ,   4.4450189667439828      ,   2283.3798828125000      ,   4.4593274721019913     
   4.5968600000000004      ,   4.4564253527565487      ,   2283.3898925781250      ,   4.4708505681365978     
   4.4761400000000000      ,   4.4676862040568199      ,   2283.3999023437500      ,   4.4822276385186539     
   4.6196180000000000      ,   4.4787988666279892      ,   2283.4099121093750      ,   4.4934559952114519     
   4.3348279999999999      ,   4.4897607005816598      ,   2283.4199218750000      ,   4.5045329640861587     
   4.7491500000000002      ,   4.5005690815499797      ,   2283.4299316406250      ,   4.5154558863333323     
   4.4842399999999998      ,   4.5112214020877497      ,   2283.4399414062500      ,   4.5262221198849542     
   4.4161310000000000      ,   4.5217150730833442      ,   2283.4499511718750      ,   4.5368290408457810     
   4.7178310000000003      ,   4.5320475251771937      ,   2283.4599609375000      ,   4.5472740449327800     
   4.6113499999999998      ,   4.5422162101866022      ,   2283.4699707031250      ,   4.5575545489213676     
   4.8091660000000003      ,   4.5522186025355653      ,   2283.4799804687500      ,   4.5676679920971415     
   4.7770219999999997      ,   4.5620522006883162      ,   2283.4899902343750      ,   4.5776118377117667     
   4.5518450000000001      ,   4.5717145285852157      ,   2283.5000000000000      ,   4.5873835744416587     
   4.6389370000000003      ,   4.5812031370796289      ,   2283.5100097656250      ,   4.5969807178480373     
   4.7466059999999999      ,   4.5905156053743692      ,   2283.5200195312500      ,   4.6064008118369646     
   4.6894260000000001      ,   4.5996495424563051      ,   2283.5300292968750      ,   4.6156414301178721     
   4.5027910000000002      ,   4.6086025885276598      ,   2283.5400390625000      ,   4.6247001776591503     
   4.7393520000000002      ,   4.6173724164325600      ,   2283.5500488281250      ,   4.6335746921392706     
   4.6803020000000002      ,   4.6259567330773210      ,   2283.5600585937500      ,   4.6422626453919538     
   4.5479219999999998      ,   4.6343532808429986      ,   2283.5700683593750      ,   4.6507617448438392     
   4.4657929999999997      ,   4.6425598389886709      ,   2283.5800781250000      ,   4.6590697349431247     
   4.7908989999999996      ,   4.6505742250439415      ,   2283.5900878906250      ,   4.6671843985776196     
   4.6036210000000004      ,   4.6583942961891251      ,   2283.6000976562500      ,   4.6751035584806564     
   4.6392730000000002      ,   4.6660179506215780      ,   2283.6101074218750      ,   4.6828250786232690     
   4.8650549999999999      ,   4.6734431289066407      ,   2283.6201171875000      ,   4.6903468655911009     
   4.8870300000000002      ,   4.6804940043688879      ,   2283.6298828125000      ,   4.6974907497928031     
   4.7081920000000004      ,   4.6875211893774349      ,   2283.6398925781250      ,   4.7046119612980739     
   4.5833930000000001      ,   4.6943440337643061      ,   2283.6499023437500      ,   4.7115274757582277     
   4.8201919999999996      ,   4.7009606595388460      ,   2283.6599121093750      ,   4.7182353824410477     
   4.9406600000000003      ,   4.7073692375181819      ,   2283.6699218750000      ,   4.7247338197982831     
   4.5932919999999999      ,   4.7135679885542530      ,   2283.6799316406250      ,   4.7310209767185505     
   4.9720890000000004      ,   4.7195551847348209      ,   2283.6899414062500      ,   4.7370950937540952     
   4.8027119999999996      ,   4.7253291505570276      ,   2283.6999511718750      ,   4.7429544643199177     
   4.9434079999999998      ,   4.7308882640720276      ,   2283.7099609375000      ,   4.7485974358637710     
   4.9958720000000003      ,   4.7362309579992949      ,   2283.7199707031250      ,   4.7540224110055842     
   4.6800069999999998      ,   4.7413557208091728      ,   2283.7299804687500      ,   4.7592278486448771     
   4.9472690000000004      ,   4.7462610977723507      ,   2283.7399902343750      ,   4.7642122650347432     
   4.6017970000000004      ,   4.7509456919748887      ,   2283.7500000000000      ,   4.7689742348210622     
   4.8246289999999998      ,   4.7554081652975189      ,   2283.7600097656250      ,   4.7735123920455971     
   4.8157019999999999      ,   4.7596472393579452      ,   2283.7700195312500      ,   4.7778254311116672     
   4.9472529999999999      ,   4.7636616964149372      ,   2283.7800292968750      ,   4.7819121077111495     
   4.9628209999999999      ,   4.7674503802330275      ,   2283.7900390625000      ,   4.7857712397116128     
   4.9504780000000004      ,   4.7710121969066881      ,   2283.8000488281250      ,   4.7894017080023827     
   4.6041619999999996      ,   4.7743461156428877      ,   2283.8100585937500      ,   4.7928024572984640     
   4.9121850000000000      ,   4.7774511695010151      ,   2283.8200683593750      ,   4.7959724969012010     
   4.7104640000000000      ,   4.7803264560891634      ,   2283.8300781250000      ,   4.7989109014147102     
   4.9797849999999997      ,   4.7829711382158688      ,   2283.8400878906250      ,   4.8016168114170892     
   5.0425570000000004      ,   4.7853844444963984      ,   2283.8500976562500      ,   4.8040894340855242     
   4.7440429999999996      ,   4.7875656699128113      ,   2283.8601074218750      ,   4.8063280437744291     
   4.7992640000000000      ,   4.7895141763270042      ,   2283.8701171875000      ,   4.8083319825458481     
   5.0611780000000000      ,   4.7911903380794056      ,   2283.8798828125000      ,   4.8100603254383545     
   5.0257360000000002      ,   4.7926774695884671      ,   2283.8898925781250      ,   4.8115989781877104     
   4.9395509999999998      ,   4.7939303831654936      ,   2283.8999023437500      ,   4.8129014072283676     
   4.9528819999999998      ,   4.7949487106863229      ,   2283.9099121093750      ,   4.8139672280835022     
   4.8604339999999997      ,   4.7957321527387995      ,   2283.9199218750000      ,   4.8147961258905996     
   4.6646590000000003      ,   4.7962804788427134      ,   2283.9299316406250      ,   4.8153878556338023     
   4.7328999999999999      ,   4.7965935276192146      ,   2283.9399414062500      ,   4.8157422423248883     
   4.6548629999999998      ,   4.7966712069095294      ,   2283.9499511718750      ,   4.8158591811325957     
   5.0609200000000003      ,   4.7965134938427720      ,   2283.9599609375000      ,   4.8157386374601314     
   4.9409229999999997      ,   4.7961204348527779      ,   2283.9699707031250      ,   4.8153806469707598     
   5.0513339999999998      ,   4.7954921456439283      ,   2283.9799804687500      ,   4.8147853155614291     
   4.6458940000000002      ,   4.7946288111060200      ,   2283.9899902343750      ,   4.8139528192844709     
   5.0522859999999996      ,   4.7935306851782906      ,   2284.0000000000000      ,   4.8128834042174846     
   4.7362599999999997      ,   4.7921980906627928      ,   2284.0100097656250      ,   4.8115773862815914     
   4.9775060000000000      ,   4.7906314189873598      ,   2284.0200195312500      ,   4.8100351510082939     
   4.9022980000000000      ,   4.7888311299185080      ,   2284.0300292968750      ,   4.8082571532552736     
   4.6614370000000003      ,   4.7867977512246451      ,   2284.0400390625000      ,   4.8062439168715176     
   4.7498550000000002      ,   4.7845318782900730      ,   2284.0500488281250      ,   4.8039960343122221     
   4.7698359999999997      ,   4.7820341736802687      ,   2284.0600585937500      ,   4.8015141662040230     
   4.9145680000000000      ,   4.7793053666590861      ,   2284.0700683593750      ,   4.7987990408611108     
   4.7829090000000001      ,   4.7763462526584872      ,   2284.0800781250000      ,   4.7958514537529329     
   4.9921879999999996      ,   4.7731576927015542      ,   2284.0900878906250      ,   4.7926722669241721     
   4.8248239999999996      ,   4.7697406127795290      ,   2284.1000976562500      ,   4.7892624083678070     
   4.8900300000000003      ,   4.7660960031837494      ,   2284.1101074218750      ,   4.7856228713520892     
   4.9841379999999997      ,   4.7622249177933433      ,   2284.1201171875000      ,   4.7817547137023482     
   4.7327579999999996      ,   4.7582310587377048      ,   2284.1298828125000      ,   4.7777616486579326     
   4.8983780000000001      ,   4.7539158872340428      ,   2284.1398925781250      ,   4.7734451828700459     
   4.6430850000000001      ,   4.7493777443701140      ,   2284.1499023437500      ,   4.7689036182866653     
   4.6695380000000002      ,   4.7446179289427004      ,   2284.1599121093750      ,   4.7641382614277799     
   4.7267760000000001      ,   4.7396377991693948      ,   2284.1699218750000      ,   4.7591504791605654     
   4.7181800000000003      ,   4.7344387717335792      ,   2284.1799316406250      ,   4.7539416977331248     
   4.9308959999999997      ,   4.7290223207928310      ,   2284.1899414062500      ,   4.7485134017708424     
   4.9008209999999996      ,   4.7233899769520402      ,   2284.1999511718750      ,   4.7428671332366310     
   4.6079270000000001      ,   4.7175433262025370      ,   2284.2099609375000      ,   4.7370044903564290     
   4.6759839999999997      ,   4.7114840088285890      ,   2284.2199707031250      ,   4.7309271265112862     
   4.6241810000000001      ,   4.7052137182826206      ,   2284.2299804687500      ,   4.7246367490974759     
   4.6722609999999998      ,   4.6987342000305903      ,   2284.2399902343750      ,   4.7181351183560345     
   4.8925260000000002      ,   4.6920472503689341      ,   2284.2500000000000      ,   4.7114240461732084     
   4.9458180000000000      ,   4.6851547152145425      ,   2284.2600097656250      ,   4.7045053948532827     
   4.7551259999999997      ,   4.6780584888692349      ,   2284.2700195312500      ,   4.6973810758652981     
   4.5692529999999998      ,   4.6707605127602330      ,   2284.2800292968750      ,   4.6900530485651766     
   4.7556500000000002      ,   4.6632627741581407      ,   2284.2900390625000      ,   4.6825233188947957     
   4.6118410000000001      ,   4.6555673048739514      ,   2284.3000488281250      ,   4.6747939380595671     
   4.5563609999999999      ,   4.6476761799365924      ,   2284.3100585937500      ,   4.6668670011860742     
   4.6921099999999996      ,   4.6395915162525769      ,   2284.3200683593750      ,   4.6587446459613293     
   4.8708809999999998      ,   4.6313154712492706      ,   2284.3300781250000      ,   4.6504290512552462     
   4.5075779999999996      ,   4.6228502415033361      ,   2284.3400878906250      ,   4.6419224357278726     
   4.7131109999999996      ,   4.6141980613558795      ,   2284.3500976562500      ,   4.6332270564229807     
   4.5955130000000004      ,   4.6053612015158407      ,   2284.3601074218750      ,   4.6243452073495570     
   4.4847140000000003      ,   4.5963419676531609      ,   2284.3701171875000      ,   4.6152792180527831     
   4.5158449999999997      ,   4.5873691948695221      ,   2284.3798828125000      ,   4.6062591514495601     
   4.6219749999999999      ,   4.5779965675290306      ,   2284.3898925781250      ,   4.5968363516600999     
   4.6806890000000001      ,   4.5684486198116581      ,   2284.3999023437500      ,   4.5872365395172938     
   4.6695140000000004      ,   4.5587277823147430      ,   2284.4099121093750      ,   4.5774621715562605     
   4.7426069999999996      ,   4.5488365134968083      ,   2284.4199218750000      ,   4.5675157326348002     
   4.3724679999999996      ,   4.5387772982408050      ,   2284.4299316406250      ,   4.5573997344733543     
   4.3868980000000004      ,   4.5285526464174133      ,   2284.4399414062500      ,   4.5471167141949591     
   4.5767259999999998      ,   4.5181650914498031      ,   2284.4499511718750      ,   4.5366692328665907     
   4.3348560000000003      ,   4.5076171888812029      ,   2284.4599609375000      ,   4.5260598740433382     
   4.4832799999999997      ,   4.4969115149466328      ,   2284.4699707031250      ,   4.5152912423167368     
   4.3270320000000000      ,   4.4860506651501000      ,   2284.4799804687500      ,   4.5043659618686336     
   4.3345890000000002      ,   4.4750372528485496      ,   2284.4899902343750      ,   4.4932866750318547     
   4.6269760000000000      ,   4.4638739078438014      ,   2284.5000000000000      ,   4.4820560408589962     
   4.4695580000000001      ,   4.4525632749837021      ,   2284.5100097656250      ,   4.4706767337005280     
   4.4218999999999999      ,   4.4411080127736557      ,   2284.5200195312500      ,   4.4591514417934635     
   4.2678490000000000      ,   4.4295107919996841      ,   2284.5300292968750      ,   4.4474828658617200     
   4.3426239999999998      ,   4.4177742943641150      ,   2284.5400390625000      ,   4.4356737177293200     
   4.2397580000000001      ,   4.4059012111349753      ,   2284.5500488281250      ,   4.4237267189475258     
   4.5130970000000001      ,   4.3938942418100941      ,   2284.5600585937500      ,   4.4116445994369480     
   4.4182430000000004      ,   4.3817560927969250      ,   2284.5700683593750      ,   4.3994300961456281     
   4.5844849999999999      ,   4.3694894761090186      ,   2284.5800781250000      ,   4.3870859517240861     
   4.3163960000000001      ,   4.3570971080800698      ,   2284.5900878906250      ,   4.3746149132182390     
   4.5133400000000004      ,   4.3445817080963662      ,   2284.6000976562500      ,   4.3620197307810784     
   4.2028699999999999      ,   4.3319459973485053      ,   2284.6101074218750      ,   4.3493031564039430     
   4.2498110000000002      ,   4.3191926976031318      ,   2284.6201171875000      ,   4.3364679426681967     
   4.5385039999999996      ,   4.3066397330919672      ,   2284.6298828125000      ,   4.3238340792729444     
   4.5072450000000002      ,   4.2936621199374647      ,   2284.6398925781250      ,   4.3107725675582849     
   4.2528389999999998      ,   4.2805750083669381      ,   2284.6499023437500      ,   4.2976005986506536     
   4.2180200000000001      ,   4.2673811107079542      ,   2284.6599121093750      ,   4.2843209155572541     
   4.1789300000000003      ,   4.2540831340745093      ,   2284.6699218750000      ,   4.2709362559918587     
   4.3905500000000002      ,   4.2406837792723318      ,   2284.6799316406250      ,   4.2574493512625544     
   4.3695139999999997      ,   4.2271857397284807      ,   2284.6899414062500      ,   4.2438629251842350     
   4.4469289999999999      ,   4.2135917004456767      ,   2284.6999511718750      ,   4.2301796930162876     
   4.2983609999999999      ,   4.1999043369817706      ,   2284.7099609375000      ,   4.2164023604259011     
   4.2349610000000002      ,   4.1861263144547021      ,   2284.7199707031250      ,   4.2025336224773513     
   4.2426860000000000      ,   4.1722602865732963      ,   2284.7299804687500      ,   4.1885761626475970     
   4.0281520000000004      ,   4.1583088946941524      ,   2284.7399902343750      ,   4.1745326518684793     
   4.1135960000000003      ,   4.1442747669049043      ,   2284.7500000000000      ,   4.1604057475957772     
   4.0660600000000002      ,   4.1301605171340237      ,   2284.7600097656250      ,   4.1461980929053164     
   4.0203720000000001      ,   4.1159687442873736      ,   2284.7700195312500      ,   4.1319123156163329     
   3.9935830000000001      ,   4.1017020314116222      ,   2284.7800292968750      ,   4.1175510274421976     
   4.0525279999999997      ,   4.0873629448846351      ,   2284.7900390625000      ,   4.1031168231686248     
   4.1279539999999999      ,   4.0729540336329011      ,   2284.8000488281250      ,   4.0886122798594311     
   4.1080480000000001      ,   4.0584778283760246      ,   2284.8100585937500      ,   4.0740399560898632     
   4.2138739999999997      ,   4.0439368408982963      ,   2284.8200683593750      ,   4.0594023912075077     
   3.9298280000000001      ,   4.0293335633473077      ,   2284.8300781250000      ,   4.0447021046207396     
   4.0279590000000001      ,   4.0146704675595339      ,   2284.8400878906250      ,   4.0299415951146678     
   4.1155320000000000      ,   3.9999500044128200      ,   2284.8500976562500      ,   4.0151233401944504     
   4.1302560000000001      ,   3.9851746032056394      ,   2284.8601074218750      ,   4.0002497954558880     
   4.1447750000000001      ,   3.9703466710629702      ,   2284.8701171875000      ,   3.9853233939831343     
   3.9659610000000001      ,   3.9558320504177136      ,   2284.8798828125000      ,   3.9707124162078631     
   4.1231790000000004      ,   3.9409073238656305      ,   2284.8898925781250      ,   3.9556886516229604     
   3.9539240000000002      ,   3.9259370924461816      ,   2284.8999023437500      ,   3.9406191315430479     
   4.0970540000000000      ,   3.9109236697732888      ,   2284.9099121093750      ,   3.9255061941254410     
   3.7776869999999998      ,   3.8958693447204151      ,   2284.9199218750000      ,   3.9103521524152423     
   4.0265860000000000      ,   3.8807763809811759      ,   2284.9299316406250      ,   3.8951592939005844     
   3.8968650000000000      ,   3.8656470166549202      ,   2284.9399414062500      ,   3.8799298800932798     
   3.7893520000000001      ,   3.8504834638569312      ,   2284.9499511718750      ,   3.8646661461345269     
   3.8965850000000000      ,   3.8352879083529303      ,   2284.9599609375000      ,   3.8493703004253490     
   3.7916970000000001      ,   3.8200625092175180      ,   2284.9699707031250      ,   3.8340445242813899     
   3.8850579999999999      ,   3.8048093985161811      ,   2284.9799804687500      ,   3.8186909716116797     
   3.9594610000000001      ,   3.7895306810104881      ,   2284.9899902343750      ,   3.8033117686209996     
   3.9067470000000002      ,   3.7742284338860657      ,   2285.0000000000000      ,   3.7879090135354088     
   3.8384779999999998      ,   3.7589047065029608      ,   2285.0100097656250      ,   3.7724847763505447     
   3.7826590000000002      ,   3.7435615201679493      ,   2285.0200195312500      ,   3.7570410986022420     
   3.6881460000000001      ,   3.7282008679283818      ,   2285.0300292968750      ,   3.7415799931590423     
   3.8464140000000002      ,   3.7128247143871076      ,   2285.0400390625000      ,   3.7261034440361422     
   3.5741580000000002      ,   3.6974349955380386      ,   2285.0500488281250      ,   3.7106134062303209     
   3.5812590000000002      ,   3.6820336186218987      ,   2285.0600585937500      ,   3.6951118055753791     
   3.7613789999999998      ,   3.6666224620016874      ,   2285.0700683593750      ,   3.6796005386176245     
   3.7727719999999998      ,   3.6512033750574129      ,   2285.0800781250000      ,   3.6640814725109161     
   3.5533370000000000      ,   3.6357781780995819      ,   2285.0900878906250      ,   3.6485564449307888     
   3.5718480000000001      ,   3.6203486623010197      ,   2285.1000976562500      ,   3.6330272640071812     
   3.6624140000000001      ,   3.6049165896465025      ,   2285.1101074218750      ,   3.6174957082752583     
   3.6923539999999999      ,   3.5894836928997336      ,   2285.1201171875000      ,   3.6019635266438530     
   3.6679539999999999      ,   3.5744280426133188      ,   2285.1298828125000      ,   3.5868112191054773     
   3.4099330000000001      ,   3.5589984970473707      ,   2285.1398925781250      ,   3.5712828260921623     
   3.7289840000000001      ,   3.5435731104975123      ,   2285.1499023437500      ,   3.5557588359502446     
   3.6067870000000002      ,   3.5281534995543815      ,   2285.1599121093750      ,   3.5402408798236942     
   3.3834430000000002      ,   3.5127412516643761      ,   2285.1699218750000      ,   3.5247305593178706     
   3.5776129999999999      ,   3.4973379251901950      ,   2285.1799316406250      ,   3.5092294465629199     
   3.4920019999999998      ,   3.4819450494853514      ,   2285.1899414062500      ,   3.4937390842913336     
   3.6273700000000000      ,   3.4665641249821895      ,   2285.1999511718750      ,   3.4782609859291957     
   3.4807750000000000      ,   3.4511966232929194      ,   2285.2099609375000      ,   3.4627966357006348     
   3.4175770000000001      ,   3.4358439873232083      ,   2285.2199707031250      ,   3.4473474887449949     
   3.3032849999999998      ,   3.4205076313978564      ,   2285.2299804687500      ,   3.4319149712462558     
   3.2569720000000002      ,   3.4051889413980954      ,   2285.2399902343750      ,   3.4165004805742236     
   3.4224570000000001      ,   3.3898892749100638      ,   2285.2500000000000      ,   3.4011053854370328     
   3.4068710000000002      ,   3.3746099613839822      ,   2285.2600097656250      ,   3.3857310260444979     
   3.5190130000000002      ,   3.3593523023036136      ,   2285.2700195312500      ,   3.3703787142818591     
   3.3662730000000001      ,   3.3441175713655418      ,   2285.2800292968750      ,   3.3550497338934666     
   3.3217949999999998      ,   3.3289070146678483      ,   2285.2900390625000      ,   3.3397453406759752     
   3.3267139999999999      ,   3.3137218509077604      ,   2285.3000488281250      ,   3.3244667626806024     
   3.4341349999999999      ,   3.2985632715878341      ,   2285.3100585937500      ,   3.3092152004240214     
   3.2546510000000000      ,   3.2834324412302829      ,   2285.3200683593750      ,   3.2939918271074791     
   3.1587640000000001      ,   3.2683304975990235      ,   2285.3300781250000      ,   3.2787977888437059     
   3.2546230000000000      ,   3.2532585519290498      ,   2285.3400878906250      ,   3.2636342048912308     
   3.3303850000000002      ,   3.2382176891627461      ,   2285.3500976562500      ,   3.2485021678956918     
   3.2638900000000000      ,   3.2232089681927429      ,   2285.3601074218750      ,   3.2334027441377500     
   3.3555069999999998      ,   3.2082334221109581      ,   2285.3701171875000      ,   3.2183369737872352     
   3.2563290000000000      ,   3.1936560675288832      ,   2285.3798828125000      ,   3.2036720631589422     
   3.1769099999999999      ,   3.1787489994105620      ,   2285.3898925781250      ,   3.1886757357603712     
   3.2474470000000002      ,   3.1638780301754923      ,   2285.3999023437500      ,   3.1737160050417108     
   3.0171709999999998      ,   3.1490440929142984      ,   2285.4099121093750      ,   3.1587938099898443     
   3.2488679999999999      ,   3.1342480962353640      ,   2285.4199218750000      ,   3.1439100648252163     
   3.1516950000000001      ,   3.1194909245433742      ,   2285.4299316406250      ,   3.1290656592856636     
   3.2382330000000001      ,   3.1047734383216543      ,   2285.4399414062500      ,   3.1142614589140303     
   3.2298770000000001      ,   3.0900964744179693      ,   2285.4499511718750      ,   3.0994983053492593     
   3.1539790000000001      ,   3.0754608463334918      ,   2285.4599609375000      ,   3.0847770166206576     
   3.0551219999999999      ,   3.0608673445146537      ,   2285.4699707031250      ,   3.0700983874450225     
   3.0749110000000002      ,   3.0463167366475741      ,   2285.4799804687500      ,   3.0554631895263591     
   2.9051480000000001      ,   3.0318097679548184      ,   2285.4899902343750      ,   3.0408721718578953     
   3.0121110000000000      ,   3.0173471614941891      ,   2285.5000000000000      ,   3.0263260610261220     
   3.0280719999999999      ,   3.0029296184593086      ,   2285.5100097656250      ,   3.0118255615166070     
   3.0172450000000000      ,   2.9885578184817412      ,   2285.5200195312500      ,   2.9973713560213091     
   3.1003599999999998      ,   2.9742324199343932      ,   2285.5300292968750      ,   2.9829641057471665     
   2.8667769999999999      ,   2.9599540602359822      ,   2285.5400390625000      ,   2.9686044507256981     
   2.9416169999999999      ,   2.9457233561563241      ,   2285.5500488281250      ,   2.9542930101234068     
   3.0470449999999998      ,   2.9315409041222336      ,   2285.5600585937500      ,   2.9400303825527501     
   2.8749940000000000      ,   2.9174072805238196      ,   2285.5700683593750      ,   2.9258171463834719     
   2.8177140000000001      ,   2.9033230420209701      ,   2285.5800781250000      ,   2.9116538600540758     
   3.0148500000000000      ,   2.8892887258498372      ,   2285.5900878906250      ,   2.8975410623832563     
   2.8863960000000000      ,   2.8753048501291234      ,   2285.6000976562500      ,   2.8834792728810892     
   2.8745710000000000      ,   2.8613719141659968      ,   2285.6101074218750      ,   2.8694689920597911     
   2.9070630000000000      ,   2.8474903987614528      ,   2285.6201171875000      ,   2.8555107017438845     
   2.8601999999999999      ,   2.8339974538095074      ,   2285.6298828125000      ,   2.8419434045144114     
   2.7158009999999999      ,   2.8202188679810503      ,   2285.6398925781250      ,   2.8280891720914259     
   2.8802500000000002      ,   2.8064930269087647      ,   2285.6499023437500      ,   2.8142882563896467     
   2.9163990000000002      ,   2.7928203408240697      ,   2285.6599121093750      ,   2.8005410679887643     
   2.7912849999999998      ,   2.7792012029578448      ,   2285.6699218750000      ,   2.7868480003094658     
   2.8287360000000001      ,   2.7656359898392404      ,   2285.6799316406250      ,   2.7732094299167156     
   2.7556859999999999      ,   2.7521250615929271      ,   2285.6899414062500      ,   2.7596257168213945     
   2.7741500000000001      ,   2.7386687622346280      ,   2285.6999511718750      ,   2.7460972047801739     
   2.7063020000000000      ,   2.7252674199648474      ,   2285.7099609375000      ,   2.7326242215935150     
   2.6700480000000000      ,   2.7119213474606658      ,   2285.7199707031250      ,   2.7192070794016754     
   2.6959949999999999      ,   2.6986308421655072      ,   2285.7299804687500      ,   2.7058460749786208     
   2.7762220000000002      ,   2.6853961865767779      ,   2285.7399902343750      ,   2.6925414900237419     
   2.6642090000000000      ,   2.6722176485312841      ,   2285.7500000000000      ,   2.6792935914512852     
   2.5360130000000001      ,   2.6590954814883339      ,   2285.7600097656250      ,   2.6661026316774050     
   2.6074619999999999      ,   2.6460299248104544      ,   2285.7700195312500      ,   2.6529688489047545     
   2.7107160000000001      ,   2.6330212040416319      ,   2285.7800292968750      ,   2.6398924674045454     
   2.7140849999999999      ,   2.6200695311830113      ,   2285.7900390625000      ,   2.6268736977959883     
   2.6398990000000002      ,   2.6071751049659815      ,   2285.8000488281250      ,   2.6139127373230604     
   2.5323490000000000      ,   2.5943381111225885      ,   2285.8100585937500      ,   2.6010097701285275     
   2.6761330000000001      ,   2.5815587226532086      ,   2285.8200683593750      ,   2.5881649675251635     
   2.5653570000000001      ,   2.5688371000914390      ,   2285.8300781250000      ,   2.5753784882641106     
   2.6594880000000001      ,   2.5561733917661393      ,   2285.8400878906250      ,   2.5626504788003412     
   2.5151770000000000      ,   2.5435677340605949      ,   2285.8500976562500      ,   2.5499810735551516     
   2.6306200000000000      ,   2.5310202516687434      ,   2285.8601074218750      ,   2.5373703951756701     
   2.4241169999999999      ,   2.5185310578484335      ,   2285.8701171875000      ,   2.5248185547913260     
   2.4566849999999998      ,   2.5064027495441881      ,   2285.8798828125000      ,   2.5126296552651022     
   2.4840939999999998      ,   2.4940290007596042      ,   2285.8898925781250      ,   2.5001943388042474     
   2.4394559999999998      ,   2.4817138123543541      ,   2285.8999023437500      ,   2.4878181253607461     
   2.4089550000000002      ,   2.4694572545661115      ,   2285.9099121093750      ,   2.4755010827498265     
   2.5084789999999999      ,   2.4572593874113422      ,   2285.9199218750000      ,   2.4632432684988848     
   2.4965519999999999      ,   2.4451202609202038      ,   2285.9299316406250      ,   2.4510447300852065     
   2.3491879999999998      ,   2.4330399153682993      ,   2285.9399414062500      ,   2.4389055051704718     
   2.3477830000000002      ,   2.4210183815052644      ,   2285.9499511718750      ,   2.4268256218320396     
   2.4325480000000002      ,   2.4090556807801926      ,   2285.9599609375000      ,   2.4148050987910019     
   2.5088499999999998      ,   2.3971518255638742      ,   2285.9699707031250      ,   2.4028439456369943     
   2.3267989999999998      ,   2.3853068193678566      ,   2285.9799804687500      ,   2.3909421630497611     
   2.3022130000000001      ,   2.3735206570603120      ,   2285.9899902343750      ,   2.3790997430174765     
   2.3692620000000000      ,   2.3617933250787226      ,   2286.0000000000000      ,   2.3673166690518141     
   2.2696179999999999      ,   2.3501248016393723      ,   2286.0100097656250      ,   2.3555929163997718     
   2.4382649999999999      ,   2.3385150569436566      ,   2286.0200195312500      ,   2.3439284522522561     
   2.4148619999999998      ,   2.3269640533812184      ,   2286.0300292968750      ,   2.3323232359494290     
   2.3686340000000001      ,   2.3154717457299063      ,   2286.0400390625000      ,   2.3207772191828275     
   2.2376109999999998      ,   2.3040380813525752      ,   2286.0500488281250      ,   2.3092903461942660     
   2.2231410000000000      ,   2.2926630003907320      ,   2286.0600585937500      ,   2.2978625539715334     
   2.2745120000000001      ,   2.2813464359550450      ,   2286.0700683593750      ,   2.2864937724408945     
   2.3027030000000002      ,   2.2700883143127273      ,   2286.0800781250000      ,   2.2751839246564161     
   2.2438359999999999      ,   2.2588885550718105      ,   2286.0900878906250      ,   2.2639329269861292     
   2.2228300000000001      ,   2.2477470713623267      ,   2286.1000976562500      ,   2.2527406892950497     
   2.3026970000000002      ,   2.2366637700144141      ,   2286.1101074218750      ,   2.2416071151250692     
   2.1974300000000002      ,   2.2256385517333697      ,   2286.1201171875000      ,   2.2305321018717472     
   2.2261039999999999      ,   2.2149381159984567      ,   2286.1298828125000      ,   2.2197835430031638     
   2.2811720000000002      ,   2.2040273323050359      ,   2286.1398925781250      ,   2.2088238985782080     
   2.1910059999999998      ,   2.1931743016611165      ,   2286.1499023437500      ,   2.1979224750932631     
   2.0885750000000001      ,   2.1823789020939173      ,   2286.1599121093750      ,   2.1870791471965982     
   2.1680459999999999      ,   2.1716410063321390      ,   2286.1699218750000      ,   2.1762937842244074     
   2.2281780000000002      ,   2.1609604819632273      ,   2286.1799316406250      ,   2.1655662503595270     
   2.1127210000000001      ,   2.1503371915877434      ,   2286.1899414062500      ,   2.1548964047872232     
   2.1769650000000000      ,   2.1397709929708757      ,   2286.1999511718750      ,   2.1442841018480734     
   2.1982480000000000      ,   2.1292617391911102      ,   2286.2099609375000      ,   2.1337291911879661     
   2.0524360000000001      ,   2.1188092787861037      ,   2286.2199707031250      ,   2.1232315179052597     
   2.1169129999999998      ,   2.1084134558957679      ,   2286.2299804687500      ,   2.1127909226951171     
   2.1522530000000000      ,   2.0980741104026146      ,   2286.2399902343750      ,   2.1024072419910542     
   2.0956310000000000      ,   2.0877910780693805      ,   2286.2500000000000      ,   2.0920803081037351     
   2.1343310000000000      ,   2.0775641906739604      ,   2286.2600097656250      ,   2.0818099493570368     
   2.0026590000000000      ,   2.0673932761416887      ,   2286.2700195312500      ,   2.0715959902214234     
   2.1093500000000001      ,   2.0572781586749942      ,   2286.2800292968750      ,   2.0614382514446574     
   2.1087859999999998      ,   2.0472186588804631      ,   2286.2900390625000      ,   2.0513365501798835     
   2.1207440000000002      ,   2.0372145938933359      ,   2286.3000488281250      ,   2.0412907001111136     
   1.9891040000000000      ,   2.0272657774994811      ,   2286.3100585937500      ,   2.0313005115761524     
   2.0292829999999999      ,   2.0173720202548662      ,   2286.3200683593750      ,   2.0213657916869883     
   2.0109219999999999      ,   2.0075331296025696      ,   2286.3300781250000      ,   2.0114863444476905     
   2.0093329999999998      ,   1.9977489099873578      ,   2286.3400878906250      ,   2.0016619708698431     
   1.8962530000000000      ,   1.9880191629678650      ,   2286.3500976562500      ,   1.9918924690855484     
   1.8873130000000000      ,   1.9783436873264086      ,   2286.3601074218750      ,   1.9821776344580344     
   1.9078109999999999      ,   1.9687222791764687      ,   2286.3701171875000      ,   1.9725172596899017     
   1.9312860000000001      ,   1.9593874476859812      ,   2286.3798828125000      ,   1.9631447868643035     
   1.9151510000000000      ,   1.9498722466235201      ,   2286.3898925781250      ,   1.9535913843592638     
   2.0171130000000002      ,   1.9404104916007856      ,   2286.3999023437500      ,   1.9440918101679960     
   1.9359070000000000      ,   1.9310019691392510      ,   2286.4099121093750      ,   1.9346458474407258     
   1.9154549999999999      ,   1.9216464635928121      ,   2286.4199218750000      ,   1.9252532771716973     
   1.8422080000000001      ,   1.9123437572420230      ,   2286.4299316406250      ,   1.9159138782940106     
   1.9860020000000000      ,   1.9030936303862267      ,   2286.4399414062500      ,   1.9066274277723303     
   1.9109780000000001      ,   1.8938958614336221      ,   2286.4499511718750      ,   1.8973937006935024     
   1.9282150000000000      ,   1.8847502269892851      ,   2286.4599609375000      ,   1.8882124703551109     
   1.8267320000000000      ,   1.8756565019411973      ,   2286.4699707031250      ,   1.8790835083520072     
   1.8560840000000001      ,   1.8666144595442946      ,   2286.4799804687500      ,   1.8700065846608471     
   1.9178109999999999      ,   1.8576238715025803      ,   2286.4899902343750      ,   1.8609814677226628     
   1.7654580000000000      ,   1.8486845080493282      ,   2286.5000000000000      ,   1.8520079245235119     
   1.8480639999999999      ,   1.8397961380254122      ,   2286.5100097656250      ,   1.8430857206732236     
   1.8056010000000000      ,   1.8309585289557906      ,   2286.5200195312500      ,   1.8342146204822867     
   1.7778090000000000      ,   1.8221714471241761      ,   2286.5300292968750      ,   1.8253943870368996     
   1.7283660000000001      ,   1.8134346576459270      ,   2286.5400390625000      ,   1.8166247822722237     
   1.8433919999999999      ,   1.8047479245391849      ,   2286.5500488281250      ,   1.8079055670438655     
   1.7393650000000000      ,   1.7961110107942915      ,   2286.5600585937500      ,   1.7992365011976206     
   1.8604510000000001      ,   1.7875236784415154      ,   2286.5700683593750      ,   1.7906173436375088     
   1.7895000000000001      ,   1.7789856886171211      ,   2286.5800781250000      ,   1.7820478523921333     
   1.8153429999999999      ,   1.7704968016278040      ,   2286.5900878906250      ,   1.7735277846793935     
   1.6992419999999999      ,   1.7620567770135247      ,   2286.6000976562500      ,   1.7650568969695781     
   1.6908099999999999      ,   1.7536653736087733      ,   2286.6101074218750      ,   1.7566349450468732     
   1.6818690000000001      ,   1.7453223496022869      ,   2286.6201171875000      ,   1.7482616840693108     
   1.7011879999999999      ,   1.7372292060962573      ,   2286.6298828125000      ,   1.7401393384426311     
   1.6790929999999999      ,   1.7289810479051333      ,   2286.6398925781250      ,   1.7318615499446248     
   1.7870530000000000      ,   1.7207805463205634      ,   2286.6499023437500      ,   1.7236317206998089     
   1.7789260000000000      ,   1.7126274575252509      ,   2286.6599121093750      ,   1.7154496039400819     
   1.6955880000000001      ,   1.7045215373313176      ,   2286.6699218750000      ,   1.7073149525472926     
   1.6943690000000000      ,   1.6964625412313854      ,   2286.6799316406250      ,   1.6992275191044670     
   1.6713910000000001      ,   1.6884502244482993      ,   2286.6899414062500      ,   1.6911870559456734     
   1.6022780000000001      ,   1.6804843419835334      ,   2286.6999511718750      ,   1.6831933152045500     
   1.6551790000000000      ,   1.6725646486642924      ,   2286.7099609375000      ,   1.6752460488615222     
   1.6316180000000000      ,   1.6646908991893439      ,   2286.7199707031250      ,   1.6673450087897341     
   1.6117450000000000      ,   1.6568628481735936      ,   2286.7299804687500      ,   1.6594899467997237     
   1.6729010000000000      ,   1.6490802501914479      ,   2286.7399902343750      ,   1.6516806146828589     
   1.6164030000000000      ,   1.6413428598189670      ,   2286.7500000000000      ,   1.6439167642535681     
   1.6024860000000001      ,   1.6336504316748499      ,   2286.7600097656250      ,   1.6361981473903855     
   1.6440319999999999      ,   1.6260027204602612      ,   2286.7700195312500      ,   1.6285245160758348     
   1.5962390000000000      ,   1.6183994809975359      ,   2286.7800292968750      ,   1.6208956224351749     
   1.5658350000000001      ,   1.6108404682677777      ,   2286.7900390625000      ,   1.6133112187740353     
   1.6651100000000001      ,   1.6033254374473718      ,   2286.8000488281250      ,   1.6057710576149564     
   1.5548450000000000      ,   1.5958541439434404      ,   2286.8100585937500      ,   1.5982748917328671     
   1.6567650000000000      ,   1.5884263434282624      ,   2286.8200683593750      ,   1.5908224741895123     
   1.6306110000000000      ,   1.5810417918726729      ,   2286.8300781250000      ,   1.5834135583668605     
   1.6275640000000000      ,   1.5737002455784701      ,   2286.8400878906250      ,   1.5760478979995065     
   1.5253580000000000      ,   1.5664014612098500      ,   2286.8500976562500      ,   1.5687252472060960     
   1.5777530000000000      ,   1.5591451958238864      ,   2286.8601074218750      ,   1.5614453605197895     
   1.5072000000000001      ,   1.5519312069000775      ,   2286.8701171875000      ,   1.5542079929177886     
   1.5306059999999999      ,   1.5449336798713715      ,   2286.8798828125000      ,   1.5471878888690691     
   1.5640090000000000      ,   1.5378025016761778      ,   2286.8898925781250      ,   1.5400338040513610     
   1.5182240000000000      ,   1.5307128810719972      ,   2286.8999023437500      ,   1.5329215121284938     
   1.5785240000000000      ,   1.5236645774922837      ,   2286.9099121093750      ,   1.5258507701172137     
   1.4868269999999999      ,   1.5166573509267558      ,   2286.9199218750000      ,   1.5188213356119458     
   1.5267160000000000      ,   1.5096909619457761      ,   2286.9299316406250      ,   1.5118329668091193     
   1.5516190000000001      ,   1.5027651717239376      ,   2286.9399414062500      ,   1.5048854225306909     
   1.4996989999999999      ,   1.4958797420628631      ,   2286.9499511718750      ,   1.4979784622468790     
   1.4501340000000000      ,   1.4890344354132423      ,   2286.9599609375000      ,   1.4911118460981323     
   1.4624330000000001      ,   1.4822290148961232      ,   2286.9699707031250      ,   1.4842853349163443     
   1.5296600000000000      ,   1.4754632443234701      ,   2286.9799804687500      ,   1.4774986902453355     
   1.4221070000000000      ,   1.4687368882180134      ,   2286.9899902343750      ,   1.4707516743606184     
   1.4533840000000000      ,   1.4620497118323963      ,   2287.0000000000000      ,   1.4640440502884600     
   1.3919140000000001      ,   1.4554014811676435      ,   2287.0100097656250      ,   1.4573755818242611     
   1.4746980000000001      ,   1.4487919629909651      ,   2287.0200195312500      ,   1.4507460335502655     
   1.4330870000000000      ,   1.4422209248529096      ,   2287.0300292968750      ,   1.4441551708526166     
   1.4422079999999999      ,   1.4356881351038788      ,   2287.0400390625000      ,   1.4376027599377761     
   1.4439139999999999      ,   1.4291933629100277      ,   2287.0500488281250      ,   1.4310885678483185     
   1.3952670000000000      ,   1.4227363782685565      ,   2287.0600585937500      ,   1.4246123624781188     
   1.4719970000000000      ,   1.4163169520224090      ,   2287.0700683593750      ,   1.4181739125869446     
   1.3542540000000001      ,   1.4099348558743992      ,   2287.0800781250000      ,   1.4117729878144700     
   1.4557420000000001      ,   1.4035898624007670      ,   2287.0900878906250      ,   1.4054093586937215     
   1.4340340000000000      ,   1.3972817450641926      ,   2287.1000976562500      ,   1.3990827966639754     
   1.3409070000000001      ,   1.3910102782262659      ,   2287.1101074218750      ,   1.3927930740831105     
   1.4334160000000000      ,   1.3847752371594366      ,   2287.1201171875000      ,   1.3865399642394407     
   1.4128559999999999      ,   1.3787271602847355      ,   2287.1298828125000      ,   1.3804744375931510     
   1.4170780000000001      ,   1.3725634253829966      ,   2287.1398925781250      ,   1.3742929975302607     
   1.3148340000000001      ,   1.3664354530483440      ,   2287.1499023437500      ,   1.3681475012111253     
   1.3257580000000000      ,   1.3603430222827479      ,   2287.1599121093750      ,   1.3620377257301850     
   1.2871210000000000      ,   1.3542859130511362      ,   2287.1699218750000      ,   1.3559634491637949     
   1.3516480000000000      ,   1.3482639062904698      ,   2287.1799316406250      ,   1.3499244505791703     
   1.2927249999999999      ,   1.3422767839183785      ,   2287.1899414062500      ,   1.3439205100428939     
   1.3496520000000001      ,   1.3363243288413689      ,   2287.1999511718750      ,   1.3379514086289892     
   1.2738830000000001      ,   1.3304063249626081      ,   2287.2099609375000      ,   1.3320169284265773     
   1.3622069999999999      ,   1.3245225571893089      ,   2287.2199707031250      ,   1.3261168525471234     
   1.2628079999999999      ,   1.3186728114397093      ,   2287.2299804687500      ,   1.3202509651312859     
   1.3193140000000001      ,   1.3128568746496696      ,   2287.2399902343750      ,   1.3144190513553771     
   1.3345070000000001      ,   1.3070745347788921      ,   2287.2500000000000      ,   1.3086208974374471     
   1.2391080000000001      ,   1.3013255808167712      ,   2287.2600097656250      ,   1.3028562906429975     
   1.2925439999999999      ,   1.2956098027878877      ,   2287.2700195312500      ,   1.2971250192903390     
   1.3058419999999999      ,   1.2899269917571543      ,   2287.2800292968750      ,   1.2914268727555986     
   1.2608779999999999      ,   1.2842769398346210      ,   2287.2900390625000      ,   1.2857616414773880     
   1.3250450000000000      ,   1.2786594401799516      ,   2287.3000488281250      ,   1.2801291169611404     
   1.2402560000000000      ,   1.2730742870065774      ,   2287.3100585937500      ,   1.2745290917831265     
   1.2221299999999999      ,   1.2675212755855390      ,   2287.3200683593750      ,   1.2689613595941556     
   1.3115500000000000      ,   1.2620002022490227      ,   2287.3300781250000      ,   1.2634257151229746     
   1.2102059999999999      ,   1.2565108643936014      ,   2287.3400878906250      ,   1.2579219541793685     
   1.2693070000000000      ,   1.2510530604831871      ,   2287.3500976562500      ,   1.2524498736569725     
   1.2294099999999999      ,   1.2456265900517030      ,   2287.3601074218750      ,   1.2470092715358052     
   1.2428570000000001      ,   1.2402312537054825      ,   2287.3701171875000      ,   1.2415999468845291     
   1.2633870000000000      ,   1.2349973256476690      ,   2287.3798828125000      ,   1.2363525084267921     
   1.2236760000000000      ,   1.2296629162092383      ,   2287.3898925781250      ,   1.2310043894982121     
   1.1862779999999999      ,   1.2243590539012668      ,   2287.3999023437500      ,   1.2256869566038506     
