  0.96080069999999995      ,  0.94541217324864346      ,   2280.0000000000000      ,  0.94666535353210868     
  0.98687860000000005      ,  0.94826379735844168      ,   2280.0100097656250      ,  0.94952207400697708     
  0.97456920000000002      ,  0.95112651804211468      ,   2280.0200195312500      ,  0.95238991753617042     
  0.91695519999999997      ,  0.95400038033045054      ,   2280.0300292968750      ,  0.95526892930018215     
  0.94239530000000005      ,  0.95688542936528498      ,   2280.0400390625000      ,  0.95815915459128642     
  0.99071060000000000      ,  0.95978171039823945      ,   2280.0500488281250      ,  0.96106063881227821     
  0.99353029999999998      ,  0.96268926878942584      ,   2280.0600585937500      ,  0.96397342747517711     
  0.92656709999999998      ,  0.96560815000611622      ,   2280.0700683593750      ,  0.96689756619989786     
  0.94677750000000005      ,  0.96853839962137933      ,   2280.0800781250000      ,  0.96983310071288531     
  0.96588099999999999      ,  0.97148006331267966      ,   2280.0900878906250      ,  0.97278007684571455     
   1.0008239999999999      ,  0.97443318686044200      ,   2280.1000976562500      ,  0.97573854053365427     
   1.0135440000000000      ,  0.97739781614657706      ,   2280.1101074218750      ,  0.97870853781419276     
   1.0068580000000000      ,  0.98037399715297391      ,   2280.1201171875000      ,  0.98169011482552870     
  0.98933020000000005      ,  0.98328876495759332      ,   2280.1298828125000      ,  0.98461017416941032     
  0.97104420000000002      ,  0.98628790319270143      ,   2280.1398925781250      ,  0.98761476420964045     
  0.99237379999999997      ,  0.98929873054821327      ,   2280.1499023437500      ,  0.99063107185025301     
   1.0115470000000000      ,  0.99232129338779784      ,   2280.1599121093750      ,  0.99365914361413266     
   1.0144610000000001      ,  0.99535563816701467      ,   2280.1699218750000      ,  0.99669902611678196     
  0.96654269999999998      ,  0.99840181143156870      ,   2280.1799316406250      ,  0.99975076606457569     
  0.95274070000000000      ,   1.0014598598155231      ,   2280.1899414062500      ,   1.0028144102529728     
  0.95818210000000004      ,   1.0045298300394707      ,   2280.1999511718750      ,   1.0058900055646867     
   1.0003020000000000      ,   1.0076117689086643      ,   2280.2099609375000      ,   1.0089775989678127     
  0.97510859999999999      ,   1.0107057233111008      ,   2280.2199707031250      ,   1.0120772375139118     
  0.98495200000000005      ,   1.0138117402155626      ,   2280.2299804687500      ,   1.0151889683360495     
   1.0169580000000000      ,   1.0169298666696147      ,   2280.2399902343750      ,   1.0183128386467908     
   1.0014160000000001      ,   1.0200601497975552      ,   2280.2500000000000      ,   1.0214488957361494     
  0.99773160000000005      ,   1.0232026367983211      ,   2280.2600097656250      ,   1.0245971869694903     
  0.99596600000000002      ,   1.0263573749433466      ,   2280.2700195312500      ,   1.0277577597853860     
   1.0363730000000000      ,   1.0295244115743720      ,   2280.2800292968750      ,   1.0309306616934248     
  0.99221300000000001      ,   1.0327037941012096      ,   2280.2900390625000      ,   1.0341159402719697     
   1.0072430000000001      ,   1.0358955699994545      ,   2280.3000488281250      ,   1.0373136431658707     
   1.0182359999999999      ,   1.0390997868081500      ,   2280.3100585937500      ,   1.0405238180841245     
   1.0189699999999999      ,   1.0423164921273997      ,   2280.3200683593750      ,   1.0437465127974863     
   1.0048239999999999      ,   1.0455457336159324      ,   2280.3300781250000      ,   1.0469817751360275     
   1.0898639999999999      ,   1.0487875589886111      ,   2280.3400878906250      ,   1.0502296529866437     
   1.0270480000000000      ,   1.0520420160138904      ,   2280.3500976562500      ,   1.0534901942905095     
   1.0856760000000001      ,   1.0553091525112217      ,   2280.3601074218750      ,   1.0567634470404776     
   1.0724560000000001      ,   1.0585890163484046      ,   2280.3701171875000      ,   1.0600494592784269     
   1.0324530000000001      ,   1.0618011947968480      ,   2280.3798828125000      ,   1.0632676673152219     
   1.0945549999999999      ,   1.0651063437648409      ,   2280.3898925781250      ,   1.0665790287104380     
   1.0977090000000000      ,   1.0684243627677410      ,   2280.3999023437500      ,   1.0699032928106540     
   1.0955569999999999      ,   1.0717552998382545      ,   2280.4099121093750      ,   1.0732405078253102     
   1.0357590000000001      ,   1.0750992030434183      ,   2280.4199218750000      ,   1.0765907219988333     
   1.0713390000000000      ,   1.0784561204816097      ,   2280.4299316406250      ,   1.0799539836076406     
   1.0829519999999999      ,   1.0818261002794958      ,   2280.4399414062500      ,   1.0833303409570847     
   1.0410239999999999      ,   1.0852091905889225      ,   2280.4499511718750      ,   1.0867198423783373     
   1.1288430000000000      ,   1.0886054395837428      ,   2280.4599609375000      ,   1.0901225362252125     
   1.1263900000000000      ,   1.0920148954565825      ,   2280.4699707031250      ,   1.0935384708709242     
   1.0757950000000001      ,   1.0954376064155411      ,   2280.4799804687500      ,   1.0969676947047831     
   1.0506080000000000      ,   1.0988736206808298      ,   2280.4899902343750      ,   1.1004102561288283     
   1.1065190000000000      ,   1.1023229864813453      ,   2280.5000000000000      ,   1.1038662035543925     
   1.1028249999999999      ,   1.1057857520511745      ,   2280.5100097656250      ,   1.1073355853986033     
   1.1349610000000001      ,   1.1092619656260374      ,   2280.5200195312500      ,   1.1108184500808158     
   1.1353110000000000      ,   1.1127516754396558      ,   2280.5300292968750      ,   1.1143148460189756     
   1.1296349999999999      ,   1.1162549297200592      ,   2280.5400390625000      ,   1.1178248216259179     
   1.0888350000000000      ,   1.1197717766858182      ,   2280.5500488281250      ,   1.1213484253055910     
   1.0876200000000000      ,   1.1233022645422062      ,   2280.5600585937500      ,   1.1248857054492127     
   1.1473540000000000      ,   1.1268464414772921      ,   2280.5700683593750      ,   1.1284367104313533     
   1.0839770000000000      ,   1.1304043556579595      ,   2280.5800781250000      ,   1.1320014886059457     
   1.1666620000000001      ,   1.1339760552258524      ,   2280.5900878906250      ,   1.1355800883022238     
   1.1282280000000000      ,   1.1375615882932459      ,   2280.6000976562500      ,   1.1391725578205829     
   1.1706240000000001      ,   1.1411610029388413      ,   2280.6101074218750      ,   1.1427789454283670     
   1.1170739999999999      ,   1.1447743472034866      ,   2280.6201171875000      ,   1.1463992993555787     
   1.1200260000000000      ,   1.1483130311433680      ,   2280.6298828125000      ,   1.1499448575405293     
   1.1596810000000000      ,   1.1519540359381821      ,   2280.6398925781250      ,   1.1535929450614659     
   1.1449480000000001      ,   1.1556091130358248      ,   2280.6499023437500      ,   1.1572551421513888     
   1.1923569999999999      ,   1.1592783102827720      ,   2280.6599121093750      ,   1.1609314968478646     
   1.1162099999999999      ,   1.1629616754651764      ,   2280.6699218750000      ,   1.1646220571285961     
   1.1116109999999999      ,   1.1666592563041072      ,   2280.6799316406250      ,   1.1683268709066517     
   1.1858910000000000      ,   1.1703711004507074      ,   2280.6899414062500      ,   1.1720459860256107     
   1.1763049999999999      ,   1.1740972554812683      ,   2280.6999511718750      ,   1.1757794502546259     
   1.2267840000000001      ,   1.1778377688922144      ,   2280.7099609375000      ,   1.1795273112833968     
   1.1760670000000000      ,   1.1815926880950061      ,   2280.7199707031250      ,   1.1832896167170590     
   1.1882940000000000      ,   1.1853620604109498      ,   2280.7299804687500      ,   1.1870664140709812     
   1.1735450000000001      ,   1.1891459330659231      ,   2280.7399902343750      ,   1.1908577507654774     
   1.2326509999999999      ,   1.1929443531850061      ,   2280.7500000000000      ,   1.1946636741204251     
   1.1968540000000001      ,   1.1967573677870249      ,   2280.7600097656250      ,   1.1984842313497943     
   1.2061230000000001      ,   1.2005850237790008      ,   2280.7700195312500      ,   1.2023194695560817     
   1.2598769999999999      ,   1.2044273679505046      ,   2280.7800292968750      ,   1.2061694357246517     
   1.2162640000000000      ,   1.2082844469679201      ,   2280.7900390625000      ,   1.2100341767179839     
   1.1549380000000000      ,   1.2121563073686088      ,   2280.8000488281250      ,   1.2139137392698218     
   1.2309079999999999      ,   1.2160429955549785      ,   2280.8100585937500      ,   1.2178081699792267     
   1.2703990000000001      ,   1.2199445577884529      ,   2280.8200683593750      ,   1.2217175153045310     
   1.1959379999999999      ,   1.2238610401833443      ,   2280.8300781250000      ,   1.2256418215571931     
   1.2269429999999999      ,   1.2277924887006231      ,   2280.8400878906250      ,   1.2295811348955512     
   1.2616700000000001      ,   1.2317389491415875      ,   2280.8500976562500      ,   1.2335355013184750     
   1.2456579999999999      ,   1.2357004671414304      ,   2280.8601074218750      ,   1.2375049666589133     
   1.2441320000000000      ,   1.2396770881626995      ,   2280.8701171875000      ,   1.2414895765773399     
   1.2635529999999999      ,   1.2435713166777929      ,   2280.8798828125000      ,   1.2453916393763329     
   1.2509870000000001      ,   1.2475779082998308      ,   2280.8898925781250      ,   1.2494063025774009     
   1.2280830000000000      ,   1.2515997371352374      ,   2280.8999023437500      ,   1.2534362451381496     
   1.2403810000000000      ,   1.2556368478934437      ,   2280.9099121093750      ,   1.2574815119664113     
   1.2777639999999999      ,   1.2596892850771206      ,   2280.9199218750000      ,   1.2615421477633282     
   1.2318030000000000      ,   1.2637570929749933      ,   2280.9299316406250      ,   1.2656181970161453     
   1.2690600000000001      ,   1.2678403156545452      ,   2280.9399414062500      ,   1.2697097039908927     
   1.2777790000000000      ,   1.2719389969546047      ,   2280.9499511718750      ,   1.2738167127249527     
   1.2867640000000000      ,   1.2760531804778219      ,   2280.9599609375000      ,   1.2779392670195122     
   1.2885070000000001      ,   1.2801829095830257      ,   2280.9699707031250      ,   1.2820774104318968     
   1.2766450000000000      ,   1.2843282273774641      ,   2280.9799804687500      ,   1.2862311862677887     
   1.2320050000000000      ,   1.2884891767089262      ,   2280.9899902343750      ,   1.2904006375733235     
   1.3205359999999999      ,   1.2926658001577427      ,   2281.0000000000000      ,   1.2945858071270684     
   1.2859370000000001      ,   1.2968581400286689      ,   2281.0100097656250      ,   1.2987867374318780     
   1.3138380000000001      ,   1.3010662383426401      ,   2281.0200195312500      ,   1.3030034707066258     
   1.2512460000000001      ,   1.3052901368284067      ,   2281.0300292968750      ,   1.3072360488778119     
   1.2951919999999999      ,   1.3095298769140418      ,   2281.0400390625000      ,   1.3114845135710467     
   1.2918040000000000      ,   1.3137854997183265      ,   2281.0500488281250      ,   1.3157489061024052     
   1.3574130000000000      ,   1.3180570460420029      ,   2281.0600585937500      ,   1.3200292674696559     
   1.2796559999999999      ,   1.3223445563588996      ,   2281.0700683593750      ,   1.3243256383433557     
   1.3313290000000000      ,   1.3266480708069290      ,   2281.0800781250000      ,   1.3286380590578202     
   1.3628050000000000      ,   1.3309676291789507      ,   2281.0900878906250      ,   1.3329665696019557     
   1.3811370000000001      ,   1.3353032709135040      ,   2281.1000976562500      ,   1.3373112096099637     
   1.2803370000000001      ,   1.3396550350854040      ,   2281.1101074218750      ,   1.3416720183519051     
   1.3671519999999999      ,   1.3440229603962044      ,   2281.1201171875000      ,   1.3460490347241336     
   1.3468199999999999      ,   1.3482999622582144      ,   2281.1298828125000      ,   1.3503349509044242     
   1.3788210000000001      ,   1.3526999279280887      ,   2281.1398925781250      ,   1.3547441000552416     
   1.3085039999999999      ,   1.3571161675941961      ,   2281.1499023437500      ,   1.3591695702703630     
   1.4189760000000000      ,   1.3615487183771064      ,   2281.1599121093750      ,   1.3636113988630587     
   1.3884350000000001      ,   1.3659976169746164      ,   2281.1699218750000      ,   1.3680696227232143     
   1.3113189999999999      ,   1.3704628996513764      ,   2281.1799316406250      ,   1.3725442783069226     
   1.3514619999999999      ,   1.3749446022283753      ,   2281.1899414062500      ,   1.3770354016259305     
   1.3180630000000000      ,   1.3794427600722743      ,   2281.1999511718750      ,   1.3815430282369408     
   1.4196510000000000      ,   1.3839574080846007      ,   2281.2099609375000      ,   1.3860671932307653     
   1.4339170000000001      ,   1.3884885806907898      ,   2281.2199707031250      ,   1.3906079312213313     
   1.4399640000000000      ,   1.3930363118290785      ,   2281.2299804687500      ,   1.3951652763345344     
   1.4095949999999999      ,   1.3976006349392491      ,   2281.2399902343750      ,   1.3997392621969444     
   1.3664259999999999      ,   1.4021815829512190      ,   2281.2500000000000      ,   1.4043299219243570     
   1.3447899999999999      ,   1.4067791882734832      ,   2281.2600097656250      ,   1.4089372881101918     
   1.4516220000000000      ,   1.4113934827813959      ,   2281.2700195312500      ,   1.4135613928137361     
   1.3920650000000001      ,   1.4160244978053012      ,   2281.2800292968750      ,   1.4182022675482304     
   1.4445870000000001      ,   1.4206722641185054      ,   2281.2900390625000      ,   1.4228599432688021     
   1.3618180000000000      ,   1.4253368119250946      ,   2281.3000488281250      ,   1.4275344503602339     
   1.3899060000000001      ,   1.4300181708475894      ,   2281.3100585937500      ,   1.4322258186245789     
   1.4101349999999999      ,   1.4347163699144416      ,   2281.3200683593750      ,   1.4369340772686106     
   1.4956849999999999      ,   1.4394314375473716      ,   2281.3300781250000      ,   1.4416592548911120     
   1.4854849999999999      ,   1.4441634015485398      ,   2281.3400878906250      ,   1.4464013794700055     
   1.4668250000000000      ,   1.4489122890875599      ,   2281.3500976562500      ,   1.4511604783493119     
   1.4115000000000000      ,   1.4536781266883403      ,   2281.3601074218750      ,   1.4559365782259504     
   1.4762740000000001      ,   1.4584609402157682      ,   2281.3701171875000      ,   1.4607297051363681     
   1.4833909999999999      ,   1.4631434837450348      ,   2281.3798828125000      ,   1.4654223599178249     
   1.5026619999999999      ,   1.4679599084714678      ,   2281.3898925781250      ,   1.4702491994933802     
   1.4781020000000000      ,   1.4727933820571717      ,   2281.3999023437500      ,   1.4750931395367692     
   1.4178249999999999      ,   1.4776439276119819      ,   2281.4099121093750      ,   1.4799542033231254     
   1.4399189999999999      ,   1.4825115675179426      ,   2281.4199218750000      ,   1.4848324133980833     
   1.5252520000000001      ,   1.4873963234149756      ,   2281.4299316406250      ,   1.4897277915633953     
   1.4631510000000001      ,   1.4922982161863798      ,   2281.4399414062500      ,   1.4946403588623740     
   1.4795370000000001      ,   1.4972172659441525      ,   2281.4499511718750      ,   1.4995701355651596     
   1.4644489999999999      ,   1.5021534920141413      ,   2281.4599609375000      ,   1.5045171411538139     
   1.5526789999999999      ,   1.5071069129210191      ,   2281.4699707031250      ,   1.5094813943072360     
   1.5230870000000001      ,   1.5120775463730827      ,   2281.4799804687500      ,   1.5144629128859046     
   1.5575319999999999      ,   1.5170654092468741      ,   2281.4899902343750      ,   1.5194617139164375     
   1.4841960000000001      ,   1.5220705175716258      ,   2281.5000000000000      ,   1.5244778135759778     
   1.5891020000000000      ,   1.5270928865135283      ,   2281.5100097656250      ,   1.5295112271763978     
   1.5769519999999999      ,   1.5321325303598154      ,   2281.5200195312500      ,   1.5345619691483239     
   1.4686110000000001      ,   1.5371894625026734      ,   2281.5300292968750      ,   1.5396300530249807     
   1.5362110000000000      ,   1.5422636954229672      ,   2281.5400390625000      ,   1.5447154914258534     
   1.5252960000000000      ,   1.5473552406737878      ,   2281.5500488281250      ,   1.5498182960401705     
   1.6100049999999999      ,   1.5524641088638178      ,   2281.5600585937500      ,   1.5549384776102000     
   1.5377959999999999      ,   1.5575903096405130      ,   2281.5700683593750      ,   1.5600760459143661     
   1.4928930000000000      ,   1.5627338516731026      ,   2281.5800781250000      ,   1.5652310097501820     
   1.5375550000000000      ,   1.5678947426354091      ,   2281.5900878906250      ,   1.5704033769169967     
   1.5986440000000000      ,   1.5730729891884803      ,   2281.6000976562500      ,   1.5755931541985591     
   1.5443199999999999      ,   1.5782685969630397      ,   2281.6101074218750      ,   1.5808003473453973     
   1.6078140000000001      ,   1.5834815705417542      ,   2281.6201171875000      ,   1.5860249610570121     
   1.6004499999999999      ,   1.5885841374264245      ,   2281.6298828125000      ,   1.5911389370511619     
   1.6444540000000001      ,   1.5938314283577995      ,   2281.6398925781250      ,   1.5963979766325427     
   1.6422140000000001      ,   1.5990960923536985      ,   2281.6499023437500      ,   1.6016744443684281     
   1.5811040000000001      ,   1.6043781296510919      ,   2281.6599121093750      ,   1.6069683406000788     
   1.6400600000000001      ,   1.6096775393479135      ,   2281.6699218750000      ,   1.6122796645263722     
   1.5692550000000001      ,   1.6149943193842229      ,   2281.6799316406250      ,   1.6176084141848877     
   1.6865920000000001      ,   1.6203284665231850      ,   2281.6899414062500      ,   1.6229545864328037     
   1.5591550000000001      ,   1.6256799763318606      ,   2281.6999511718750      ,   1.6283181769276105     
   1.6735960000000001      ,   1.6310488431618153      ,   2281.7099609375000      ,   1.6336991801076373     
   1.6901729999999999      ,   1.6364350601295463      ,   2281.7199707031250      ,   1.6390975891723920     
   1.6981839999999999      ,   1.6418386190967200      ,   2281.7299804687500      ,   1.6445133960627190     
   1.6307020000000001      ,   1.6472595106502281      ,   2281.7399902343750      ,   1.6499465914407685     
   1.6682779999999999      ,   1.6526977240820622      ,   2281.7500000000000      ,   1.6553971646697845     
   1.6501390000000000      ,   1.6581532473690030      ,   2281.7600097656250      ,   1.6608651037937083     
   1.7141130000000000      ,   1.6636260671521297      ,   2281.7700195312500      ,   1.6663503955165964     
   1.6674089999999999      ,   1.6691161687161442      ,   2281.7800292968750      ,   1.6718530251818593     
   1.6818320000000000      ,   1.6746235359685182      ,   2281.7900390625000      ,   1.6773729767513146     
   1.7155320000000001      ,   1.6801481514184593      ,   2281.8000488281250      ,   1.6829102327840624     
   1.6689959999999999      ,   1.6856899961556955      ,   2281.8100585937500      ,   1.6884647744151777     
   1.7692779999999999      ,   1.6912490498290831      ,   2281.8200683593750      ,   1.6940365813342242     
   1.6605310000000000      ,   1.6968252906250390      ,   2281.8300781250000      ,   1.6996256317635912     
   1.6379509999999999      ,   1.7024186952457940      ,   2281.8400878906250      ,   1.7052319024366505     
   1.7767980000000001      ,   1.7080292388874736      ,   2281.8500976562500      ,   1.7108553685757404     
   1.7865599999999999      ,   1.7136568952180014      ,   2281.8601074218750      ,   1.7164960038699715     
   1.7833520000000000      ,   1.7193016363548346      ,   2281.8701171875000      ,   1.7221537804528624     
   1.8033980000000001      ,   1.7248251375662187      ,   2281.8798828125000      ,   1.7276900536157094     
   1.6670920000000000      ,   1.7305035435090566      ,   2281.8898925781250      ,   1.7333816066184489     
   1.7549159999999999      ,   1.7361989418988011      ,   2281.8999023437500      ,   1.7390902085669306     
   1.6732490000000000      ,   1.7419112984652931      ,   2281.9099121093750      ,   1.7448158251856736     
   1.7952619999999999      ,   1.7476405772746104      ,   2281.9199218750000      ,   1.7505584205297970     
   1.7968150000000001      ,   1.7533867407058084      ,   2281.9299316406250      ,   1.7563179569616560     
   1.8352630000000001      ,   1.7591497494274968      ,   2281.9399414062500      ,   1.7620943951273100     
   1.7406029999999999      ,   1.7649295623742620      ,   2281.9499511718750      ,   1.7678876939328381     
   1.7177570000000000      ,   1.7707261367229319      ,   2281.9599609375000      ,   1.7736978105204950     
   1.8539800000000000      ,   1.7765394278686883      ,   2281.9699707031250      ,   1.7795247002447108     
   1.7830589999999999      ,   1.7823693894010288      ,   2281.9799804687500      ,   1.7853683166479459     
   1.8074560000000000      ,   1.7882159730795826      ,   2281.9899902343750      ,   1.7912286114363911     
   1.7154370000000001      ,   1.7940791288097762      ,   2282.0000000000000      ,   1.7971055344555225     
   1.7979460000000000      ,   1.7999588046183657      ,   2282.0100097656250      ,   1.8029990336655159     
   1.8543419999999999      ,   1.8058549466288196      ,   2282.0200195312500      ,   1.8089090551165194     
   1.8591100000000000      ,   1.8117674990365744      ,   2282.0300292968750      ,   1.8148355429237892     
   1.7415579999999999      ,   1.8176964040841521      ,   2282.0400390625000      ,   1.8207784392426900     
   1.8834010000000001      ,   1.8236416020361523      ,   2282.0500488281250      ,   1.8267376842435703     
   1.8972039999999999      ,   1.8296030311541136      ,   2282.0600585937500      ,   1.8327132160865043     
   1.7931670000000000      ,   1.8355806276712596      ,   2282.0700683593750      ,   1.8387049708959162     
   1.8188409999999999      ,   1.8415743257671202      ,   2282.0800781250000      ,   1.8447128827350829     
   1.7752559999999999      ,   1.8475840575420435      ,   2282.0900878906250      ,   1.8507368835805214     
   1.8612730000000000      ,   1.8536097529915936      ,   2282.1000976562500      ,   1.8567769032962671     
   1.8759760000000001      ,   1.8596513399808485      ,   2282.1101074218750      ,   1.8628328696080421     
   1.9184669999999999      ,   1.8657087442185876      ,   2282.1201171875000      ,   1.8689047080773262     
   1.9142999999999999      ,   1.8716335770765842      ,   2282.1298828125000      ,   1.8748436758804568     
   1.8700550000000000      ,   1.8777220031341415      ,   2282.1398925781250      ,   1.8809466441838258     
   1.8597740000000000      ,   1.8838260123695980      ,   2282.1499023437500      ,   1.8870652500875580     
   1.9410149999999999      ,   1.8899455216620575      ,   2282.1599121093750      ,   1.8931994102906069     
   1.8973390000000001      ,   1.8960804456045746      ,   2282.1699218750000      ,   1.8993490391972978     
   1.8209160000000000      ,   1.9022306964778446      ,   2282.1799316406250      ,   1.9055140488908853     
   1.9841420000000001      ,   1.9083961842238220      ,   2282.1899414062500      ,   1.9116943491070455     
   1.9963610000000001      ,   1.9145768164192836      ,   2282.1999511718750      ,   1.9178898472073043     
   1.8481630000000000      ,   1.9207724982493311      ,   2282.2099609375000      ,   1.9241004481524122     
   1.8934569999999999      ,   1.9269831324808520      ,   2282.2199707031250      ,   1.9303260544756689     
   1.9776720000000001      ,   1.9332086194359297      ,   2282.2299804687500      ,   1.9365665662562064     
   2.0069409999999999      ,   1.9394488569652268      ,   2282.2399902343750      ,   1.9428218810922342     
   1.8649140000000000      ,   1.9457037404213302      ,   2282.2500000000000      ,   1.9490918940742537     
   2.0079330000000000      ,   1.9519731626320824      ,   2282.2600097656250      ,   1.9553764977582517     
   1.9435249999999999      ,   1.9582570138738866      ,   2282.2700195312500      ,   1.9616755821388763     
   2.0572919999999999      ,   1.9645551818450149      ,   2282.2800292968750      ,   1.9679890346226039     
   1.9114050000000000      ,   1.9708675516389043      ,   2282.2900390625000      ,   1.9743167400009043     
   1.9381320000000000      ,   1.9771940057174677      ,   2282.3000488281250      ,   1.9806585804234138     
   2.0321270000000000      ,   1.9835344238844126      ,   2282.3100585937500      ,   1.9870144353711174     
   1.9130990000000001      ,   1.9898886832585869      ,   2282.3200683593750      ,   1.9933841816295583     
   1.9097270000000000      ,   1.9962566582473489      ,   2282.3300781250000      ,   1.9997676932620729     
   2.0952350000000002      ,   2.0026382205199824      ,   2282.3400878906250      ,   2.0061648415830646     
   2.0617440000000000      ,   2.0090332389811505      ,   2282.3500976562500      ,   2.0125754951313266     
   2.0735929999999998      ,   2.0154415797444143      ,   2282.3601074218750      ,   2.0189995196434181     
   1.9462649999999999      ,   2.0218631061058066      ,   2282.3701171875000      ,   2.0254367780271041     
   2.0137480000000001      ,   2.0281405836192903      ,   2282.3798828125000      ,   2.0317296499947695     
   1.9957199999999999      ,   2.0345877466576234      ,   2282.3898925781250      ,   2.0381926392391239     
   2.0303160000000000      ,   2.0410476715928834      ,   2282.3999023437500      ,   2.0446684374305431     
   2.0844630000000000      ,   2.0475202102599801      ,   2282.4099121093750      ,   2.0511568959695161     
   2.0005430000000000      ,   2.0540052115461105      ,   2282.4199218750000      ,   2.0576578632968694     
   2.1680030000000001      ,   2.0605025213649202      ,   2282.4299316406250      ,   2.0641711848677931     
   2.1593950000000000      ,   2.0670119826307953      ,   2282.4399414062500      ,   2.0706967031259955     
   2.0619499999999999      ,   2.0735334352333017      ,   2282.4499511718750      ,   2.0772342574780041     
   2.0270079999999999      ,   2.0800667160117672      ,   2282.4599609375000      ,   2.0837836842676172     
   2.0417350000000001      ,   2.0866116587300421      ,   2282.4699707031250      ,   2.0903448167505236     
   2.0099010000000002      ,   2.0931680940514248      ,   2282.4799804687500      ,   2.0969174850690995     
   2.0618930000000000      ,   2.0997358495137819      ,   2282.4899902343750      ,   2.1035015162273898     
   2.0405020000000000      ,   2.1063147495048615      ,   2282.5000000000000      ,   2.1100967340662908     
   2.1323349999999999      ,   2.1129046152378232      ,   2282.5100097656250      ,   2.1167029592389488     
   2.1850499999999999      ,   2.1195052647269859      ,   2282.5200195312500      ,   2.1233200091863722     
   2.1866349999999999      ,   2.1261165127638164      ,   2282.5300292968750      ,   2.1299476981132921     
   2.1522670000000002      ,   2.1327381708931585      ,   2282.5400390625000      ,   2.1365858369642634     
   2.1218270000000001      ,   2.1393700473897330      ,   2282.5500488281250      ,   2.1432342334000296     
   2.1482770000000002      ,   2.1460119472348991      ,   2282.5600585937500      ,   2.1498926917741636     
   2.0690379999999999      ,   2.1526636720937118      ,   2282.5700683593750      ,   2.1565610131099948     
   2.1710270000000000      ,   2.1593250202922758      ,   2282.5800781250000      ,   2.1632389950778381     
   2.2409829999999999      ,   2.1659957867954156      ,   2282.5900878906250      ,   2.1699264319725384     
   2.2635689999999999      ,   2.1726757631846656      ,   2282.6000976562500      ,   2.1766231146913437     
   2.2389899999999998      ,   2.1793647376366145      ,   2282.6101074218750      ,   2.1833288307121199     
   2.1684969999999999      ,   2.1860624949015914      ,   2282.6201171875000      ,   2.1900433640719266     
   2.1971430000000001      ,   2.1926051473091350      ,   2282.6298828125000      ,   2.1966024159786426     
   2.1147190000000000      ,   2.1993196098501291      ,   2282.6398925781250      ,   2.2033337206705856     
   2.1651300000000000      ,   2.2060421942355415      ,   2282.6499023437500      ,   2.2100731795233126     
   2.1943820000000001      ,   2.2127726713910127      ,   2282.6599121093750      ,   2.2168205626901925     
   2.1518980000000001      ,   2.2195108087157012      ,   2282.6699218750000      ,   2.2235756367829942     
   2.1802359999999998      ,   2.2262563700634153      ,   2282.6799316406250      ,   2.2303381648529061     
   2.3336630000000000      ,   2.2330091157241947      ,   2282.6899414062500      ,   2.2371079063720187     
   2.2834490000000001      ,   2.2397688024063793      ,   2282.6999511718750      ,   2.2438846172152784     
   2.1622979999999998      ,   2.2465351832191609      ,   2282.7099609375000      ,   2.2506680496429485     
   2.2700840000000002      ,   2.2533080076556478      ,   2282.7199707031250      ,   2.2574579522835685     
   2.2015349999999998      ,   2.2600870215764539      ,   2282.7299804687500      ,   2.2642540701174494     
   2.3594860000000000      ,   2.2668719671938313      ,   2282.7399902343750      ,   2.2710561444607107     
   2.2691240000000001      ,   2.2736625830563542      ,   2282.7500000000000      ,   2.2778639129498761     
   2.2032609999999999      ,   2.2804586040341870      ,   2282.7600097656250      ,   2.2846771095270517     
   2.3615260000000000      ,   2.2872597613049357      ,   2282.7700195312500      ,   2.2914954644256920     
   2.2833340000000000      ,   2.2940657823401152      ,   2282.7800292968750      ,   2.2983187041569861     
   2.3640819999999998      ,   2.3008763908922365      ,   2282.7900390625000      ,   2.3051465514968674     
   2.2334890000000001      ,   2.3076913069825467      ,   2282.8000488281250      ,   2.3119787254736748     
   2.2424949999999999      ,   2.3145102468894181      ,   2282.8100585937500      ,   2.3188149413564743     
   2.3318059999999998      ,   2.3213329231374304      ,   2282.8200683593750      ,   2.3256549106440687     
   2.4218670000000002      ,   2.3281590444871378      ,   2282.8300781250000      ,   2.3324983410547007     
   2.3803550000000002      ,   2.3349883159255591      ,   2282.8400878906250      ,   2.3393449365164845     
   2.3321969999999999      ,   2.3418204386573946      ,   2282.8500976562500      ,   2.3461943971585653     
   2.3114349999999999      ,   2.3486551100970030      ,   2282.8601074218750      ,   2.3530464193030372     
   2.4521160000000002      ,   2.3554920238611361      ,   2282.8701171875000      ,   2.3599006954576369     
   2.4603739999999998      ,   2.3621640481075126      ,   2282.8798828125000      ,   2.3665896688070540     
   2.4709170000000000      ,   2.3690044764478726      ,   2282.8898925781250      ,   2.3734474792988385     
   2.4940069999999999      ,   2.3758462129136499      ,   2282.8999023437500      ,   2.3803066062021228     
   2.3102469999999999      ,   2.3826889359678018      ,   2282.9099121093750      ,   2.3871667268038377     
   2.3496540000000001      ,   2.3895323202516359      ,   2282.9199218750000      ,   2.3940275145523300     
   2.3795600000000001      ,   2.3963760365825388      ,   2282.9299316406250      ,   2.4008886390550703     
   2.3586299999999998      ,   2.4032197519525944      ,   2282.9399414062500      ,   2.4077497660772544     
   2.4907189999999999      ,   2.4100631295281287      ,   2282.9499511718750      ,   2.4146105575413319     
   2.4168940000000001      ,   2.4169058286501803      ,   2282.9599609375000      ,   2.4214706715274752     
   2.3632000000000000      ,   2.4237475048359354      ,   2282.9699707031250      ,   2.4283297622750077     
   2.4427260000000000      ,   2.4305878097811311      ,   2282.9799804687500      ,   2.4351874801848132     
   2.5141900000000001      ,   2.4374263913634526      ,   2282.9899902343750      ,   2.4420434718227408     
   2.4467789999999998      ,   2.4442628936469402      ,   2283.0000000000000      ,   2.4488973799240301     
   2.5276269999999998      ,   2.4510969568874281      ,   2283.0100097656250      ,   2.4557488433987631     
   2.5509279999999999      ,   2.4579282175390262      ,   2283.0200195312500      ,   2.4625974973383817     
   2.4083679999999998      ,   2.4647563082616792      ,   2283.0300292968750      ,   2.4694429730232694     
   2.5873990000000000      ,   2.4715808579297933      ,   2283.0400390625000      ,   2.4762848979314240     
   2.4732550000000000      ,   2.4784014916419852      ,   2283.0500488281250      ,   2.4831228957482461     
   2.5030280000000000      ,   2.4852178307319357      ,   2283.0600585937500      ,   2.4899565863774478     
   2.5287940000000000      ,   2.4920294927803983      ,   2283.0700683593750      ,   2.4967855859531141     
   2.4109790000000002      ,   2.4988360916283483      ,   2283.0800781250000      ,   2.5036095068529183     
   2.4973399999999999      ,   2.5056372373913240      ,   2283.0900878906250      ,   2.5104279577125332     
   2.5718359999999998      ,   2.5124325364749454      ,   2283.1000976562500      ,   2.5172405434412291     
   2.5120019999999998      ,   2.5192215915916543      ,   2283.1101074218750      ,   2.5240468652386925     
   2.5705460000000002      ,   2.5260040017786727      ,   2283.1201171875000      ,   2.5308465206130855     
   2.6698629999999999      ,   2.5326141967834137      ,   2283.1298828125000      ,   2.5374735180004406     
   2.5090200000000000      ,   2.5393822864024211      ,   2283.1398925781250      ,   2.5442588057868241     
   2.5282490000000002      ,   2.5461425164388785      ,   2283.1499023437500      ,   2.5510362078519000     
   2.5246879999999998      ,   2.5528944715211987      ,   2283.1599121093750      ,   2.5578053072312152     
   2.6048819999999999      ,   2.5596377327107716      ,   2283.1699218750000      ,   2.5645656833775430     
   2.4996610000000001      ,   2.5663718775276121      ,   2283.1799316406250      ,   2.5713169121866688     
   2.4894699999999998      ,   2.5730964799773361      ,   2283.1899414062500      ,   2.5780585660245081     
   2.5054840000000000      ,   2.5798111105795045      ,   2283.1999511718750      ,   2.5847902137555971     
   2.6370160000000000      ,   2.5865153363973219      ,   2283.2099609375000      ,   2.5915114207729584     
   2.5488369999999998      ,   2.5932087210687360      ,   2283.2199707031250      ,   2.5982217490293569     
   2.7181579999999999      ,   2.5998908248389196      ,   2283.2299804687500      ,   2.6049207570699657     
   2.5195200000000000      ,   2.6065612045941804      ,   2283.2399902343750      ,   2.6116080000664494     
   2.7134999999999998      ,   2.6132194138972782      ,   2283.2500000000000      ,   2.6182830298524835     
   2.6735679999999999      ,   2.6198650030241959      ,   2283.2600097656250      ,   2.6249453949607124     
   2.5279940000000001      ,   2.6264975190023470      ,   2283.2700195312500      ,   2.6315946406611772     
   2.7351150000000000      ,   2.6331165056502579      ,   2283.2800292968750      ,   2.6382303090011998     
   2.6934140000000002      ,   2.6397215036187074      ,   2283.2900390625000      ,   2.6448519388467617     
   2.6941079999999999      ,   2.6463120504333650      ,   2283.3000488281250      ,   2.6514590659253652     
   2.6298480000000000      ,   2.6528876805389099      ,   2283.3100585937500      ,   2.6580512228703985     
   2.7114880000000001      ,   2.6594479253446641      ,   2283.3200683593750      ,   2.6646279392670196     
   2.7130480000000001      ,   2.6659923132717278      ,   2283.3300781250000      ,   2.6711887416995488     
   2.5748129999999998      ,   2.6725203698016480      ,   2283.3400878906250      ,   2.6777331538004057     
   2.7475950000000000      ,   2.6790316175265994      ,   2283.3500976562500      ,   2.6842606963005706     
   2.5996910000000000      ,   2.6855255762011194      ,   2283.3601074218750      ,   2.6907708870816007     
   2.6602250000000001      ,   2.6920017627953698      ,   2283.3701171875000      ,   2.6972632412291908     
   2.6044630000000000      ,   2.6983024021400666      ,   2283.3798828125000      ,   2.7035795897740380     
   2.8445779999999998      ,   2.7047420476803969      ,   2283.3898925781250      ,   2.7100352697534991     
   2.7313440000000000      ,   2.7111624679080903      ,   2283.3999023437500      ,   2.7164716541947733     
   2.6164550000000002      ,   2.7175631692811724      ,   2283.4099121093750      ,   2.7228882476288323     
   2.7179389999999999      ,   2.7239436557614525      ,   2283.4199218750000      ,   2.7292845520805411     
   2.7064940000000002      ,   2.7303034288771189      ,   2283.4299316406250      ,   2.7356600671316023     
   2.7843529999999999      ,   2.7366419877868857      ,   2283.4399414062500      ,   2.7420142899850615     
   2.7039529999999998      ,   2.7429588293457279      ,   2283.4499511718750      ,   2.7483467155314050     
   2.8377669999999999      ,   2.7492534481721691      ,   2283.4599609375000      ,   2.7546568364162267     
   2.7451219999999998      ,   2.7555253367171573      ,   2283.4699707031250      ,   2.7609441431094841     
   2.7465769999999998      ,   2.7617739853344876      ,   2283.4799804687500      ,   2.7672081239763195     
   2.7903920000000002      ,   2.7679988823528099      ,   2283.4899902343750      ,   2.7734482653494594     
   2.6719469999999998      ,   2.7741995141491822      ,   2283.5000000000000      ,   2.7796640516031936     
   2.9150809999999998      ,   2.7803753652241943      ,   2283.5100097656250      ,   2.7858549652289013     
   2.7854179999999999      ,   2.7865259182786328      ,   2283.5200195312500      ,   2.7920204869121599     
   2.7515079999999998      ,   2.7926506542917013      ,   2283.5300292968750      ,   2.7981600956113892     
   2.7827890000000002      ,   2.7987490526007717      ,   2283.5400390625000      ,   2.8042732686380583     
   2.9657460000000002      ,   2.8048205909826769      ,   2283.5500488281250      ,   2.8103594817384243     
   2.7879119999999999      ,   2.8108647457365117      ,   2283.5600585937500      ,   2.8164182091768013     
   2.7543380000000002      ,   2.8168809917679623      ,   2283.5700683593750      ,   2.8224489238203554     
   2.8164539999999998      ,   2.8228688026751216      ,   2283.5800781250000      ,   2.8284510972254027     
   2.9404409999999999      ,   2.8288276508358057      ,   2283.5900878906250      ,   2.8344241997252122     
   2.8485390000000002      ,   2.8347570074963380      ,   2283.6000976562500      ,   2.8403677005192849     
   2.8814739999999999      ,   2.8406563428618083      ,   2283.6101074218750      ,   2.8462810677641133     
   2.8627609999999999      ,   2.8465251261877604      ,   2283.6201171875000      ,   2.8521637686653838     
   2.7931180000000002      ,   2.8522208169470549      ,   2283.6298828125000      ,   2.8578729254306348     
   3.0212889999999999      ,   2.8580276780908380      ,   2283.6398925781250      ,   2.8636934723019682     
   2.9204840000000001      ,   2.8638024032107214      ,   2283.6499023437500      ,   2.8694817627434390     
   3.0204900000000001      ,   2.8695444587221473      ,   2283.6599121093750      ,   2.8752372611208146     
   2.9747550000000000      ,   2.8752533105682030      ,   2283.6699218750000      ,   2.8809594313288942     
   2.8214299999999999      ,   2.8809284243196061      ,   2283.6799316406250      ,   2.8866477368920518     
   3.0190739999999998      ,   2.8865692652759876      ,   2283.6899414062500      ,   2.8923016410660800     
   2.7934230000000002      ,   2.8921752985684845      ,   2283.6999511718750      ,   2.8979206069413483     
   2.7926869999999999      ,   2.8977459892635786      ,   2283.7099609375000      ,   2.9035040975472177     
   2.8962690000000002      ,   2.9032808024681942      ,   2283.7199707031250      ,   2.9090515759577142     
   3.0207459999999999      ,   2.9087792034359921      ,   2283.7299804687500      ,   2.9145625053984143     
   2.9123939999999999      ,   2.9142406576748630      ,   2283.7399902343750      ,   2.9200363493545209     
   3.0193800000000000      ,   2.9196646310555674      ,   2283.7500000000000      ,   2.9254725716801100     
   2.9756870000000002      ,   2.9250505899215105      ,   2283.7600097656250      ,   2.9308706367084980     
   2.8985919999999998      ,   2.9303980011996020      ,   2283.7700195312500      ,   2.9362300093637166     
   2.8395649999999999      ,   2.9357063325121926      ,   2283.7800292968750      ,   2.9415501552730521     
   3.0810650000000002      ,   2.9409750522900269      ,   2283.7900390625000      ,   2.9468305408806228     
   3.0895510000000002      ,   2.9462036298862047      ,   2283.8000488281250      ,   2.9520706335619535     
   2.8685179999999999      ,   2.9513915356910898      ,   2283.8100585937500      ,   2.9572699017395143     
   2.8901560000000002      ,   2.9565382412481571      ,   2283.8200683593750      ,   2.9624278149991876     
   2.8944779999999999      ,   2.9616432193707096      ,   2283.8300781250000      ,   2.9675438442076261     
   2.9169209999999999      ,   2.9667059442594619      ,   2283.8400878906250      ,   2.9726174616304601     
   3.1315700000000000      ,   2.9717258916209128      ,   2283.8500976562500      ,   2.9776481410513163     
   3.1435689999999998      ,   2.9767025387865034      ,   2283.8601074218750      ,   2.9826353578916081     
   2.9422069999999998      ,   2.9816353648324863      ,   2283.8701171875000      ,   2.9875785893310507     
   3.1188080000000000      ,   2.9864051509385230      ,   2283.8798828125000      ,   2.9923583669212115     
   3.0286659999999999      ,   2.9912498797716989      ,   2283.8898925781250      ,   2.9972131710733456     
   2.8840180000000002      ,   2.9960492489257162      ,   2283.8999023437500      ,   3.0020224457078264     
   3.1087319999999998      ,   3.0008027456120017      ,   2283.9099121093750      ,   3.0067856761995415     
   2.9692980000000002      ,   3.0055098593925424      ,   2283.9199218750000      ,   3.0115023502906468     
   2.9580810000000000      ,   3.0101700823031954      ,   2283.9299316406250      ,   3.0161719582145099     
   3.0377260000000001      ,   3.0147829089773790      ,   2283.9399414062500      ,   3.0207939928200642     
   2.9215179999999998      ,   3.0193478367701556      ,   2283.9499511718750      ,   3.0253679496965247     
   3.1490629999999999      ,   3.0238643658825994      ,   2283.9599609375000      ,   3.0298933272984114     
   2.9608680000000001      ,   3.0283319994864475      ,   2283.9699707031250      ,   3.0343696270708382     
   2.9523640000000002      ,   3.0327502438489407      ,   2283.9799804687500      ,   3.0387963535750044     
   3.1613199999999999      ,   3.0371186084578401      ,   2283.9899902343750      ,   3.0431730146138438     
   3.1421000000000001      ,   3.0414366061465326      ,   2284.0000000000000      ,   3.0474991213577787     
   3.0066910000000000      ,   3.0457037532192026      ,   2284.0100097656250      ,   3.0517741884705196     
   3.1290589999999998      ,   3.0499195695759900      ,   2284.0200195312500      ,   3.0559977342348614     
   3.0826289999999998      ,   3.0540835788380996      ,   2284.0300292968750      ,   3.0601692806784184     
   3.1630229999999999      ,   3.0581953084727878      ,   2284.0400390625000      ,   3.0642883536992431     
   3.0692360000000001      ,   3.0622542899181968      ,   2284.0500488281250      ,   3.0683544831912735     
   3.1575869999999999      ,   3.0662600587079458      ,   2284.0600585937500      ,   3.0723672031695504     
   3.0874020000000000      ,   3.0702121545954597      ,   2284.0700683593750      ,   3.0763260518951463     
   3.1763870000000001      ,   3.0741101216779407      ,   2284.0800781250000      ,   3.0802305719997576     
   3.2544670000000000      ,   3.0779535085199621      ,   2284.0900878906250      ,   3.0840803106098864     
   3.0382709999999999      ,   3.0817418682765898      ,   2284.1000976562500      ,   3.0878748194705667     
   3.0357710000000000      ,   3.0854747588160083      ,   2284.1101074218750      ,   3.0916136550685693     
   3.0985849999999999      ,   3.0891517428415627      ,   2284.1201171875000      ,   3.0952963787550316     
   3.2551760000000001      ,   3.0926847532539705      ,   2284.1298828125000      ,   3.0988347896281385     
   3.1908349999999999      ,   3.0962500218912634      ,   2284.1398925781250      ,   3.1024053882826337     
   3.1768470000000000      ,   3.0997581125778706      ,   2284.1499023437500      ,   3.1059185997434495     
   3.2125990000000000      ,   3.1032086084336861      ,   2284.1599121093750      ,   3.1093740058999635     
   3.0273740000000000      ,   3.1066010980104841      ,   2284.1699218750000      ,   3.1127711941054192     
   3.1957730000000000      ,   3.1099351754093303      ,   2284.1799316406250      ,   3.1161097572948537     
   3.2484869999999999      ,   3.1132104403969878      ,   2284.1899414062500      ,   3.1193892941020365     
   3.0144479999999998      ,   3.1164264985212951      ,   2284.1999511718750      ,   3.1226094089753507     
   3.1066159999999998      ,   3.1195829612254298      ,   2284.2099609375000      ,   3.1257697122925641     
   3.2760330000000000      ,   3.1226794459610163      ,   2284.2199707031250      ,   3.1288698204744230     
   3.1333489999999999      ,   3.1257155763000064      ,   2284.2299804687500      ,   3.1319093560970175     
   3.1013289999999998      ,   3.1286909820452857      ,   2284.2399902343750      ,   3.1348879480028478     
   3.0758570000000001      ,   3.1316052993399328      ,   2284.2500000000000      ,   3.1378052314105500     
   3.1528640000000001      ,   3.1344581707750900      ,   2284.2600097656250      ,   3.1406608480232037     
   3.0751050000000002      ,   3.1372492454963754      ,   2284.2700195312500      ,   3.1434544461351770     
   3.2058469999999999      ,   3.1399781793087795      ,   2284.2800292968750      ,   3.1461856807374446     
   3.1811270000000000      ,   3.1426446347800017      ,   2284.2900390625000      ,   3.1488542136213269     
   3.2231749999999999      ,   3.1452482813421536      ,   2284.3000488281250      ,   3.1514597134805875     
   3.1392370000000001      ,   3.1477887953917865      ,   2284.3100585937500      ,   3.1540018560118392     
   3.2570359999999998      ,   3.1502658603881799      ,   2284.3200683593750      ,   3.1564803240131956     
   3.2259769999999999      ,   3.1526791669498428      ,   2284.3300781250000      ,   3.1588948074811234     
   3.1151420000000001      ,   3.1550284129491706      ,   2284.3400878906250      ,   3.1612450037054369     
   3.2589470000000000      ,   3.1573133036052003      ,   2284.3500976562500      ,   3.1635306173623725     
   3.1343070000000002      ,   3.1595335515744272      ,   2284.3601074218750      ,   3.1657513606057086     
   3.0933790000000001      ,   3.1616888770396110      ,   2284.3701171875000      ,   3.1679069531558648     
   3.1140610000000000      ,   3.1637288067513314      ,   2284.3798828125000      ,   3.1699469231263415     
   3.2392159999999999      ,   3.1657550779459074      ,   2284.3898925781250      ,   3.1719730093928264     
   3.1026430000000000      ,   3.1677156393677897      ,   2284.3999023437500      ,   3.1739331565631734     
   3.0591499999999998      ,   3.1696102419585079      ,   2284.4099121093750      ,   3.1758271152796480     
   3.1593469999999999      ,   3.1714386445963054      ,   2284.4199218750000      ,   3.1776546441628133     
   3.3092549999999998      ,   3.1732006141719857      ,   2284.4299316406250      ,   3.1794155098875665     
   3.2742950000000000      ,   3.1748959256624252      ,   2284.4399414062500      ,   3.1811094872568306     
   3.3466330000000002      ,   3.1765243622017150      ,   2284.4499511718750      ,   3.1827363592728539     
   3.1740460000000001      ,   3.1780857151498920      ,   2284.4599609375000      ,   3.1842959172060850     
   3.1103990000000001      ,   3.1795797841592099      ,   2284.4699707031250      ,   3.1857879606615658     
   3.2395960000000001      ,   3.1810063772379209      ,   2284.4799804687500      ,   3.1872122976428234     
   3.2118319999999998      ,   3.1823653108115231      ,   2284.4899902343750      ,   3.1885687446132041     
   3.1709890000000001      ,   3.1836564097814462      ,   2284.5000000000000      ,   3.1898571265546334     
   3.2302620000000002      ,   3.1848795075811278      ,   2284.5100097656250      ,   3.1910772770237461     
   3.1458640000000000      ,   3.1860344462294603      ,   2284.5200195312500      ,   3.1922290382053666     
   3.1921420000000000      ,   3.1871210763815676      ,   2284.5300292968750      ,   3.1933122609633093     
   3.3684390000000000      ,   3.1881392573768874      ,   2284.5400390625000      ,   3.1943268048884530     
   3.2713410000000001      ,   3.1890888572845197      ,   2284.5500488281250      ,   3.1952725383440801     
   3.3496139999999999      ,   3.1899697529458342      ,   2284.5600585937500      ,   3.1961493385084410     
   3.0992920000000002      ,   3.1907818300142856      ,   2284.5700683593750      ,   3.1969570914145180     
   3.2511150000000000      ,   3.1915249829924361      ,   2284.5800781250000      ,   3.1976956919869770     
   3.1836600000000002      ,   3.1921991152661446      ,   2284.5900878906250      ,   3.1983650440762639     
   3.0829439999999999      ,   3.1928041391359172      ,   2284.6000976562500      ,   3.1989650604898467     
   3.2927849999999999      ,   3.1933399758453871      ,   2284.6101074218750      ,   3.1994956630205711     
   3.1410610000000001      ,   3.1938065556069137      ,   2284.6201171875000      ,   3.1999567824721140     
   3.0816119999999998      ,   3.1941949534509670      ,   2284.6298828125000      ,   3.2003396358641432     
   3.2476660000000002      ,   3.1945245384243504      ,   2284.6398925781250      ,   3.2006633156817310     
   3.0901600000000000      ,   3.1947847120470119      ,   2284.6499023437500      ,   3.2009173600242509     
   3.2099039999999999      ,   3.1949754403833897      ,   2284.6599121093750      ,   3.2011017357130669     
   3.3715250000000001      ,   3.1950966985507012      ,   2284.6699218750000      ,   3.2012164186634449     
   3.1379720000000000      ,   3.1951484707270588      ,   2284.6799316406250      ,   3.2012613938924135     
   3.3583930000000000      ,   3.1951307501566260      ,   2284.6899414062500      ,   3.2012366555236604     
   3.2038250000000001      ,   3.1950435391518259      ,   2284.6999511718750      ,   3.2011422067894486     
   3.3507579999999999      ,   3.1948868490925859      ,   2284.7099609375000      ,   3.2009780600295614     
   3.3610150000000001      ,   3.1946607004226224      ,   2284.7199707031250      ,   3.2007442366872758     
   3.1698759999999999      ,   3.1943651226427776      ,   2284.7299804687500      ,   3.2004407673023549     
   3.1575530000000001      ,   3.1940001543013987      ,   2284.7399902343750      ,   3.2000676915010802     
   3.3590249999999999      ,   3.1935658429817728      ,   2284.7500000000000      ,   3.1996250579833223     
   3.1799569999999999      ,   3.1930622452866246      ,   2284.7600097656250      ,   3.1991129245066521     
   3.3068930000000001      ,   3.1924894268196877      ,   2284.7700195312500      ,   3.1985313578675134     
   3.2764270000000000      ,   3.1918474621643544      ,   2284.7800292968750      ,   3.1978804338794613     
   3.0999310000000002      ,   3.1911364348594229      ,   2284.7900390625000      ,   3.1971602373484789     
   3.3000389999999999      ,   3.1903564373719568      ,   2284.8000488281250      ,   3.1963708620453928     
   3.2007889999999999      ,   3.1895075710672698      ,   2284.8100585937500      ,   3.1955124106753989     
   3.1131829999999998      ,   3.1885899461760543      ,   2284.8200683593750      ,   3.1945849948447180     
   3.3432569999999999      ,   3.1876036817586764      ,   2284.8300781250000      ,   3.1935887350244072     
   3.3335290000000000      ,   3.1865489056666565      ,   2284.8400878906250      ,   3.1925237605113388     
   3.1819730000000002      ,   3.1854257545013627      ,   2284.8500976562500      ,   3.1913902093863764     
   3.3484669999999999      ,   3.1842343735699301      ,   2284.8601074218750      ,   3.1901882284697742     
   3.1434380000000002      ,   3.1829749168384525      ,   2284.8701171875000      ,   3.1889179732738255     
   3.2787950000000001      ,   3.1816807284455102      ,   2284.8798828125000      ,   3.1876130600255790     
   3.2986870000000001      ,   3.1802872665410655      ,   2284.8898925781250      ,   3.1862084122099725     
   3.0704460000000000      ,   3.1788262376979044      ,   2284.8999023437500      ,   3.1847360037674437     
   3.2407940000000002      ,   3.1772978297907644      ,   2284.9099121093750      ,   3.1831960242448796     
   3.1266460000000000      ,   3.1757022390807137      ,   2284.9199218750000      ,   3.1815886716057236     
   3.1562950000000001      ,   3.1740396701526032      ,   2284.9299316406250      ,   3.1799141521668188     
   3.0604619999999998      ,   3.1723103358500122      ,   2284.9399414062500      ,   3.1781726805327390     
   3.0669620000000002      ,   3.1705144572077177      ,   2284.9499511718750      ,   3.1763644795276278     
   3.2539910000000001      ,   3.1686522633817287      ,   2284.9599609375000      ,   3.1744897801246013     
   3.3233039999999998      ,   3.1667239915769292      ,   2284.9699707031250      ,   3.1725488213727440     
   3.2266240000000002      ,   3.1647298869723715      ,   2284.9799804687500      ,   3.1705418503217517     
   3.2437170000000002      ,   3.1626702026442572      ,   2284.9899902343750      ,   3.1684691219442485     
   3.2387100000000002      ,   3.1605451994866605      ,   2285.0000000000000      ,   3.1663308990558447     
   3.1086719999999999      ,   3.1583551461300310      ,   2285.0100097656250      ,   3.1641274522329637     
   3.1372010000000001      ,   3.1561003188575292      ,   2285.0200195312500      ,   3.1618590597284943     
   3.2454749999999999      ,   3.1537810015192345      ,   2285.0300292968750      ,   3.1595260073853120     
   3.3224360000000002      ,   3.1513974854442868      ,   2285.0400390625000      ,   3.1571285885477240     
   3.0577500000000000      ,   3.1489500693509989      ,   2285.0500488281250      ,   3.1546671039708860     
   3.3056839999999998      ,   3.1464390592549978      ,   2285.0600585937500      ,   3.1521418617282349     
   3.0332970000000001      ,   3.1438647683754453      ,   2285.0700683593750      ,   3.1495531771170016     
   3.0683980000000002      ,   3.1412275170393911      ,   2285.0800781250000      ,   3.1469013725618518     
   3.1236220000000001      ,   3.1385276325843092      ,   2285.0900878906250      ,   3.1441867775167043     
   3.0927419999999999      ,   3.1357654492588702      ,   2285.1000976562500      ,   3.1414097283647870     
   3.1753070000000001      ,   3.1329413081220161      ,   2285.1101074218750      ,   3.1385705683169820     
   3.0165430000000000      ,   3.1300555569403743      ,   2285.1201171875000      ,   3.1356696473085188     
   3.1777890000000002      ,   3.1271811542859895      ,   2285.1298828125000      ,   3.1327803014717039     
   3.0695830000000002      ,   3.1241747335183847      ,   2285.1398925781250      ,   3.1297584191620120     
   3.1347749999999999      ,   3.1211077761698780      ,   2285.1499023437500      ,   3.1266758558998742     
   3.2130999999999998      ,   3.1179806556290592      ,   2285.1599121093750      ,   3.1235329873015152     
   3.1858650000000002      ,   3.1147937514592052      ,   2285.1699218750000      ,   3.1203301951708822     
   3.0529590000000000      ,   3.1115474492870199      ,   2285.1799316406250      ,   3.1170678673876475     
   3.2338439999999999      ,   3.1082421406901184      ,   2285.1899414062500      ,   3.1137463977939661     
   3.2641380000000000      ,   3.1048782230833218      ,   2285.1999511718750      ,   3.1103661860800424     
   3.0700090000000002      ,   3.1014560996038192      ,   2285.2099609375000      ,   3.1069276376685622     
   3.0376680000000000      ,   3.0979761789952600      ,   2285.2199707031250      ,   3.1034311635980574     
   2.9936680000000000      ,   3.0944388754908196      ,   2285.2299804687500      ,   3.0998771804052554     
   3.0670980000000001      ,   3.0908446086953330      ,   2285.2399902343750      ,   3.0962661100064777     
   3.1675480000000000      ,   3.0871938034665045      ,   2285.2500000000000      ,   3.0925983795781491     
   2.9691770000000002      ,   3.0834868897953140      ,   2285.2600097656250      ,   3.0888744214364690     
   3.2005599999999998      ,   3.0797243026856145      ,   2285.2700195312500      ,   3.0850946729163149     
   3.0551780000000002      ,   3.0759064820330431      ,   2285.2800292968750      ,   3.0812595762494319     
   3.0044890000000000      ,   3.0720338725032477      ,   2285.2900390625000      ,   3.0773695784419681     
   3.1415570000000002      ,   3.0681069234095388      ,   2285.3000488281250      ,   3.0734251311514162     
   2.9838900000000002      ,   3.0641260885899815      ,   2285.3100585937500      ,   3.0694266905630223     
   3.1923249999999999      ,   3.0600918262840220      ,   2285.3200683593750      ,   3.0653747172657138     
   3.0242119999999999      ,   3.0560045990086766      ,   2285.3300781250000      ,   3.0612696761276177     
   3.1887490000000001      ,   3.0518648734343707      ,   2285.3400878906250      ,   3.0571120361712127     
   3.1708490000000000      ,   3.0476731202604541      ,   2285.3500976562500      ,   3.0529022704481812     
   3.1929979999999998      ,   3.0434298140904819      ,   2285.3601074218750      ,   3.0486408559140203     
   3.1472970000000000      ,   3.0391354333072838      ,   2285.3701171875000      ,   3.0443282733024613     
   2.9858739999999999      ,   3.0348970330446678      ,   2285.3798828125000      ,   3.0400720273315311     
   2.9255689999999999      ,   3.0305031689934117      ,   2285.3898925781250      ,   3.0356597837060271     
   3.0606469999999999      ,   3.0260596749365205      ,   2285.3999023437500      ,   3.0311978235935673     
   3.0712269999999999      ,   3.0215670430443073      ,   2285.4099121093750      ,   3.0266866415048623     
   3.0647169999999999      ,   3.0170257686438284      ,   2285.4199218750000      ,   3.0221267351031695     
   3.0734569999999999      ,   3.0124363500939562      ,   2285.4299316406250      ,   3.0175186050787492     
   3.0622189999999998      ,   3.0077992886606211      ,   2285.4399414062500      ,   3.0128627550235128     
   3.1162310000000000      ,   3.0031150883923057      ,   2285.4499511718750      ,   3.0081596913059161     
   2.9518420000000001      ,   2.9983842559958105      ,   2285.4599609375000      ,   3.0034099229461497     
   3.1598020000000000      ,   2.9936073007123714      ,   2285.4699707031250      ,   2.9986139614916740     
   3.0308250000000001      ,   2.9887847341941485      ,   2285.4799804687500      ,   2.9937723208931515     
   2.9675060000000002      ,   2.9839170703811635      ,   2285.4899902343750      ,   2.9888855173808220     
   2.9383110000000001      ,   2.9790048253787056      ,   2285.5000000000000      ,   2.9839540693413711     
   3.0020699999999998      ,   2.9740485173352829      ,   2285.5100097656250      ,   2.9789784971953366     
   3.1232959999999999      ,   2.9690486663211284      ,   2285.5200195312500      ,   2.9739593232751020     
   2.8821279999999998      ,   2.9640057942073472      ,   2285.5300292968750      ,   2.9688970717035148     
   3.0064410000000001      ,   2.9589204245457079      ,   2285.5400390625000      ,   2.9637922682731865     
   2.8754559999999998      ,   2.9537930824491561      ,   2285.5500488281250      ,   2.9586454403265021     
   2.9786540000000001      ,   2.9486242944730621      ,   2285.5600585937500      ,   2.9534571166363950     
   3.0887780000000000      ,   2.9434145884972747      ,   2285.5700683593750      ,   2.9482278272879157     
   3.0122960000000001      ,   2.9381644936089879      ,   2285.5800781250000      ,   2.9429581035606498     
   2.8273109999999999      ,   2.9328745399864906      ,   2285.5900878906250      ,   2.9376484778120071     
   3.0155180000000001      ,   2.9275452587838084      ,   2285.6000976562500      ,   2.9322994833614331     
   2.8119839999999998      ,   2.9221771820163069      ,   2285.6101074218750      ,   2.9269116543755724     
   2.9190290000000001      ,   2.9167708424472529      ,   2285.6201171875000      ,   2.9214855257544272     
   3.0639120000000002      ,   2.9114600003554196      ,   2285.6298828125000      ,   2.9161553438014383     
   2.8000530000000001      ,   2.9059796367546054      ,   2285.6398925781250      ,   2.9106551246013499     
   2.9236949999999999      ,   2.9004625989739634      ,   2285.6499023437500      ,   2.9051182006557790     
   2.7759630000000000      ,   2.8949094216487627      ,   2285.6599121093750      ,   2.8995451086749662     
   2.9563670000000002      ,   2.8893206396135316      ,   2285.6699218750000      ,   2.8939363855519571     
   2.9151699999999998      ,   2.8836967877951807      ,   2285.6799316406250      ,   2.8882925682553640     
   2.8227549999999999      ,   2.8780384011073057      ,   2285.6899414062500      ,   2.8826141937233403     
   2.9565500000000000      ,   2.8723460143457373      ,   2285.6999511718750      ,   2.8769017987587966     
   3.0139629999999999      ,   2.8666201620853271      ,   2285.7099609375000      ,   2.8711559199258740     
   3.0117940000000001      ,   2.8608613785780292      ,   2285.7199707031250      ,   2.8653770934477185     
   2.7436870000000000      ,   2.8550701976522630      ,   2285.7299804687500      ,   2.8595658551055574     
   2.9543509999999999      ,   2.8492471526136267      ,   2285.7399902343750      ,   2.8537227401391179     
   2.7850440000000001      ,   2.8433927761469313      ,   2285.7500000000000      ,   2.8478482831484064     
   2.9075060000000001      ,   2.8375076002196256      ,   2285.7600097656250      ,   2.8419430179968623     
   2.9042750000000002      ,   2.8315921559865935      ,   2285.7700195312500      ,   2.8360074777159121     
   2.9434250000000000      ,   2.8256469736963656      ,   2285.7800292968750      ,   2.8300421944109404     
   2.9426830000000002      ,   2.8196725825987494      ,   2285.7900390625000      ,   2.8240476991686987     
   2.8452700000000002      ,   2.8136695108539067      ,   2285.8000488281250      ,   2.8180245219661590     
   2.9504049999999999      ,   2.8076382854428745      ,   2285.8100585937500      ,   2.8119731915808424     
   2.9278569999999999      ,   2.8015794320795746      ,   2285.8200683593750      ,   2.8058942355026200     
   2.7260010000000001      ,   2.7954934751242853      ,   2285.8300781250000      ,   2.7997881798470141     
   2.8852419999999999      ,   2.7893809374986276      ,   2285.8400878906250      ,   2.7936555492700044     
   2.7071749999999999      ,   2.7832423406020461      ,   2285.8500976562500      ,   2.7874968668843505     
   2.7365670000000000      ,   2.7770782042298179      ,   2285.8601074218750      ,   2.7813126541774449     
   2.7089270000000001      ,   2.7708890464925746      ,   2285.8701171875000      ,   2.7751034309306983     
   2.8710110000000002      ,   2.7648272240053968      ,   2285.8798828125000      ,   2.7690220443456992     
   2.6491490000000000      ,   2.7585901497662193      ,   2285.8898925781250      ,   2.7627649308105426     
   2.8492000000000002      ,   2.7523295851256862      ,   2285.8999023437500      ,   2.7564843425433283     
   2.6917680000000002      ,   2.7460460407314295      ,   2285.9099121093750      ,   2.7501807917764274     
   2.7381470000000001      ,   2.7397400251690174      ,   2285.9199218750000      ,   2.7438547886582536     
   2.7612600000000000      ,   2.7334120448907551      ,   2285.9299316406250      ,   2.7375068411819772     
   2.7570220000000001      ,   2.7270626041460475      ,   2285.9399414062500      ,   2.7311374551158210     
   2.8605330000000002      ,   2.7206922049133393      ,   2285.9499511718750      ,   2.7247471339349252     
   2.7887890000000000      ,   2.7143013468336119      ,   2285.9599609375000      ,   2.7183363787548016     
   2.7176960000000001      ,   2.7078905271454641      ,   2285.9699707031250      ,   2.7119056882663597     
   2.8039890000000001      ,   2.7014602406217523      ,   2285.9799804687500      ,   2.7054555586725120     
   2.7749130000000002      ,   2.6950109795078081      ,   2285.9899902343750      ,   2.6989864836263600     
   2.7701820000000001      ,   2.6885432334612114      ,   2286.0000000000000      ,   2.6924989541709539     
   2.8169019999999998      ,   2.6820574894931402      ,   2286.0100097656250      ,   2.6859934586806222     
   2.6212369999999998      ,   2.6755542319112697      ,   2286.0200195312500      ,   2.6794704828038718     
   2.7634660000000002      ,   2.6690339422642335      ,   2286.0300292968750      ,   2.6729305094078541     
   2.6403020000000001      ,   2.6624970992876347      ,   2286.0400390625000      ,   2.6663740185243858     
   2.6132970000000002      ,   2.6559441788516036      ,   2286.0500488281250      ,   2.6598014872975231     
   2.6030579999999999      ,   2.6493756539098876      ,   2286.0600585937500      ,   2.6532133899326902     
   2.5515599999999998      ,   2.6427919944504890      ,   2286.0700683593750      ,   2.6466101976473357     
   2.6347010000000002      ,   2.6361936674478046      ,   2286.0800781250000      ,   2.6399923786231310     
   2.6799170000000001      ,   2.6295811368163067      ,   2286.0900878906250      ,   2.6333603979596849     
   2.5539950000000000      ,   2.6229548633657109      ,   2286.1000976562500      ,   2.6267147176297794     
   2.7513610000000002      ,   2.6163153047576553      ,   2286.1101074218750      ,   2.6200557964361044     
   2.5540829999999999      ,   2.6096629154638591      ,   2286.1201171875000      ,   2.6133840899694878     
   2.6327840000000000      ,   2.6031608458310180      ,   2286.1298828125000      ,   2.6068632191281984     
   2.6226300000000000      ,   2.5964844313284297      ,   2286.1398925781250      ,   2.6001675803750719     
   2.6955830000000001      ,   2.5897965192136181      ,   2286.1499023437500      ,   2.5934604926235263     
   2.6838270000000000      ,   2.5830975508916025      ,   2286.1599121093750      ,   2.5867423983112539     
   2.5378870000000000      ,   2.5763879643910612      ,   2286.1699218750000      ,   2.5800137364781013     
   2.5096970000000001      ,   2.5696681943311597      ,   2286.1799316406250      ,   2.5732749427329957     
   2.6909220000000000      ,   2.5629386718897695      ,   2286.1899414062500      ,   2.5665264492222803     
   2.5132219999999998      ,   2.5561998247730915      ,   2286.1999511718750      ,   2.5597686845994443     
   2.5671270000000002      ,   2.5494520771866416      ,   2286.2099609375000      ,   2.5530020739962382     
   2.4891280000000000      ,   2.5426958498076146      ,   2286.2199707031250      ,   2.5462270389951573     
   2.5012560000000001      ,   2.5359315597585805      ,   2286.2299804687500      ,   2.5394439976032674     
   2.5015740000000002      ,   2.5291596205825271      ,   2286.2399902343750      ,   2.5326533642273867     
   2.5988690000000001      ,   2.5223804422192071      ,   2286.2500000000000      ,   2.5258555496505681     
   2.4769960000000002      ,   2.5155944309828007      ,   2286.2600097656250      ,   2.5190509610099037     
   2.6065179999999999      ,   2.5088019895408440      ,   2286.2700195312500      ,   2.5122400017756066     
   2.6097070000000002      ,   2.5020035168944492      ,   2286.2800292968750      ,   2.5054230717313741     
   2.4701399999999998      ,   2.4951994083597531      ,   2286.2900390625000      ,   2.4986005669559996     
   2.4086460000000001      ,   2.4883900555506222      ,   2286.3000488281250      ,   2.4917728798062280     
   2.4073259999999999      ,   2.4815758463625586      ,   2286.3100585937500      ,   2.4849403989008318     
   2.4703330000000001      ,   2.4747571649578184      ,   2286.3200683593750      ,   2.4781035091058889     
   2.5603650000000000      ,   2.4679343917517058      ,   2286.3300781250000      ,   2.4712625915212492     
   2.4963590000000000      ,   2.4611079034000412      ,   2286.3400878906250      ,   2.4644180234681685     
   2.4178579999999998      ,   2.4542780727877629      ,   2286.3500976562500      ,   2.4575701784780950     
   2.3537430000000001      ,   2.4474452690186785      ,   2286.3601074218750      ,   2.4507194262825851     
   2.4998619999999998      ,   2.4406098574063058      ,   2286.3701171875000      ,   2.4438661328043372     
   2.4628090000000000      ,   2.4339389955264883      ,   2286.3798828125000      ,   2.4371778899117449     
   2.3601100000000002      ,   2.4270994908055568      ,   2286.3898925781250      ,   2.4303206365417132     
   2.3755190000000002      ,   2.4202584427787097      ,   2286.3999023437500      ,   2.4234619081309248     
   2.3407239999999998      ,   2.4134162016215694      ,   2286.4099121093750      ,   2.4166020553921599     
   2.3334250000000001      ,   2.4065731136898436      ,   2286.4199218750000      ,   2.4097414252006413     
   2.4534799999999999      ,   2.3997295215164454      ,   2286.4299316406250      ,   2.4028803605913405     
   2.4416750000000000      ,   2.3928857638095811      ,   2286.4399414062500      ,   2.3960192007572694     
   2.4593630000000002      ,   2.3860421754518142      ,   2286.4499511718750      ,   2.3891582810487293     
   2.4959330000000000      ,   2.3791990875000635      ,   2286.4599609375000      ,   2.3822979329735161     
   2.3067000000000002      ,   2.3723568271865392      ,   2286.4699707031250      ,   2.3754384841980474     
   2.3453160000000000      ,   2.3655157179205752      ,   2286.4799804687500      ,   2.3685802585493998     
   2.4664880000000000      ,   2.3586760792913628      ,   2286.4899902343750      ,   2.3617235760182407     
   2.3874409999999999      ,   2.3518382270715419      ,   2286.5000000000000      ,   2.3548687527626244     
   2.3661960000000000      ,   2.3450024732216570      ,   2286.5100097656250      ,   2.3480161011126475     
   2.3325779999999998      ,   2.3381691258954360      ,   2286.5200195312500      ,   2.3411659295759342     
   2.2668070000000000      ,   2.3313384894458942      ,   2286.5300292968750      ,   2.3343185428439415     
   2.3018399999999999      ,   2.3245108644322201      ,   2286.5400390625000      ,   2.3274742417990546     
   2.3946000000000001      ,   2.3176865476274582      ,   2286.5500488281250      ,   2.3206333235224683     
   2.2530019999999999      ,   2.3108658320269315      ,   2286.5600585937500      ,   2.3137960813028240     
   2.3854549999999999      ,   2.3040490068574253      ,   2286.5700683593750      ,   2.3069628046455883     
   2.3366050000000000      ,   2.2972363575870736      ,   2286.5800781250000      ,   2.3001337792831573     
   2.3828670000000001      ,   2.2904281659359702      ,   2286.5900878906250      ,   2.2933092871856648     
   2.2253509999999999      ,   2.2836247098874543      ,   2286.6000976562500      ,   2.2864896065724798     
   2.1723530000000002      ,   2.2768262637000722      ,   2286.6101074218750      ,   2.2796750119243692     
   2.3109190000000002      ,   2.2700330979201868      ,   2286.6201171875000      ,   2.2728657739963198     
   2.1946040000000000      ,   2.2634109629978334      ,   2286.6298828125000      ,   2.2662280326594462     
   2.3618260000000002      ,   2.2566290100704247      ,   2286.6398925781250      ,   2.2594301589089469     
   2.3382610000000001      ,   2.2498531207665282      ,   2286.6499023437500      ,   2.2526384256368739     
   2.2055030000000002      ,   2.2430835510113019      ,   2286.6599121093750      ,   2.2458530889249686     
   2.2010360000000002      ,   2.2363205530895649      ,   2286.6699218750000      ,   2.2390744012020534     
   2.1760899999999999      ,   2.2295643756619459      ,   2286.6799316406250      ,   2.2323026112603821     
   2.1900909999999998      ,   2.2228152637815612      ,   2286.6899414062500      ,   2.2255379642725241     
   2.1888299999999998      ,   2.2160734589112172      ,   2286.6999511718750      ,   2.2187807018087620     
   2.1185489999999998      ,   2.2093391989411018      ,   2286.7099609375000      ,   2.2120310618549928     
   2.1966190000000001      ,   2.2026127182069715      ,   2286.7199707031250      ,   2.2052892788311071     
   2.2210000000000001      ,   2.1958942475087961      ,   2286.7299804687500      ,   2.1985555836098403     
   2.2057030000000002      ,   2.1891840141298688      ,   2286.7399902343750      ,   2.1918302035360742     
   2.2078319999999998      ,   2.1824822418563370      ,   2286.7500000000000      ,   2.1851133624465708     
   2.1999350000000000      ,   2.1757891509971707      ,   2286.7600097656250      ,   2.1784052806901348     
   2.1744699999999999      ,   2.1691049584045272      ,   2286.7700195312500      ,   2.1717061751481710     
   2.1249410000000002      ,   2.1624298774945108      ,   2286.7800292968750      ,   2.1650162592556423     
   2.2573949999999998      ,   2.1557641182683112      ,   2286.7900390625000      ,   2.1583357430223979     
   2.1406179999999999      ,   2.1491078873337015      ,   2286.8000488281250      ,   2.1516648330548622     
   2.1765789999999998      ,   2.1424613879268835      ,   2286.8100585937500      ,   2.1450037325780733     
   2.1560690000000000      ,   2.1358248199346743      ,   2286.8200683593750      ,   2.1383526414580540     
   2.1588829999999999      ,   2.1291983799170002      ,   2286.8300781250000      ,   2.1317117562244978     
   2.1669420000000001      ,   2.1225822611297112      ,   2286.8400878906250      ,   2.1250812700937631     
   2.0932379999999999      ,   2.1159766535476772      ,   2286.8500976562500      ,   2.1184613729921606     
   2.1819389999999999      ,   2.1093817438881701      ,   2286.8601074218750      ,   2.1118522515795126     
   2.0296059999999998      ,   2.1027977156345092      ,   2286.8701171875000      ,   2.1052540892729850     
   2.1833999999999998      ,   2.0963849323157095      ,   2286.8798828125000      ,   2.0988275914436665     
   2.1338040000000000      ,   2.0898229283092769      ,   2286.8898925781250      ,   2.0922516066622858     
   2.0905629999999999      ,   2.0832723327904707      ,   2286.8999023437500      ,   2.0856871078222068     
   1.9853479999999999      ,   2.0767333166243778      ,   2286.9099121093750      ,   2.0791342656895080     
   2.0691540000000002      ,   2.0702060475633162      ,   2286.9199218750000      ,   2.0725932479096705     
   2.0759240000000001      ,   2.0636906902718177      ,   2286.9299316406250      ,   2.0660642190327319     
   1.9860469999999999      ,   2.0571874063517872      ,   2286.9399414062500      ,   2.0595473405386158     
   1.9536620000000000      ,   2.0506963543678358      ,   2286.9499511718750      ,   2.0530427708626320     
   2.0338949999999998      ,   2.0442176898727693      ,   2286.9599609375000      ,   2.0465506654211341     
   1.9440980000000001      ,   2.0377515654332297      ,   2286.9699707031250      ,   2.0400711766373201     
   1.9534499999999999      ,   2.0312981306554683      ,   2286.9799804687500      ,   2.0336044539671749     
   2.0749949999999999      ,   2.0248575322112523      ,   2286.9899902343750      ,   2.0271506439255327     
   2.0425460000000002      ,   2.0184299138638817      ,   2287.0000000000000      ,   2.0207098901122551     
   2.0575679999999998      ,   2.0120154164943198      ,   2287.0100097656250      ,   2.0142823332385187     
   1.9500500000000001      ,   2.0056141781274124      ,   2287.0200195312500      ,   2.0078681111531900     
   1.9632909999999999      ,   1.9992263339582037      ,   2287.0300292968750      ,   2.0014673588692928     
   2.0296820000000002      ,   1.9928520163783199      ,   2287.0400390625000      ,   1.9950802085905479     
   1.9706090000000001      ,   1.9864913550024303      ,   2287.0500488281250      ,   1.9887067897379798     
   2.0522920000000000      ,   1.9801444766947633      ,   2287.0600585937500      ,   1.9823472289765818     
   2.0257689999999999      ,   1.9738115055956740      ,   2287.0700683593750      ,   1.9760016502420310     
   2.0583350000000000      ,   1.9674925631482534      ,   2287.0800781250000      ,   1.9696701747674421     
   1.9170689999999999      ,   1.9611877681249748      ,   2287.0900878906250      ,   1.9633529211101517     
   2.0191659999999998      ,   1.9548972366543600      ,   2287.1000976562500      ,   1.9570500051785320     
   1.9192800000000001      ,   1.9486210822476699      ,   2287.1101074218750      ,   1.9507615402588130     
   1.9279440000000001      ,   1.9423594158255979      ,   2287.1201171875000      ,   1.9444876370419186     
   1.9857620000000000      ,   1.9362645388111530      ,   2287.1298828125000      ,   1.9383808925101771     
   1.9838990000000001      ,   1.9300318110630492      ,   2287.1398925781250      ,   1.9321360729124699     
   1.9456950000000000      ,   1.9238138862951351      ,   2287.1499023437500      ,   1.9259061293027193     
   1.9330300000000000      ,   1.9176108653930120      ,   2287.1599121093750      ,   1.9196911623192201     
   1.9434389999999999      ,   1.9114228467844367      ,   2287.1699218750000      ,   1.9134912701383349     
   1.8223990000000001      ,   1.9052499264659297      ,   2287.1799316406250      ,   1.9073065485012244     
   1.9144159999999999      ,   1.8990921980293356      ,   2287.1899414062500      ,   1.9011370907405356     
   1.9075160000000000      ,   1.8929497526883456      ,   2287.1999511718750      ,   1.8949829878070419     
   1.8481799999999999      ,   1.8868226793049616      ,   2287.2099609375000      ,   1.8888443282962302     
   1.7996129999999999      ,   1.8807110644159082      ,   2287.2199707031250      ,   1.8827211984748287     
   1.8836660000000001      ,   1.8746149922589763      ,   2287.2299804687500      ,   1.8766136823072679     
   1.8055129999999999      ,   1.8685345447993027      ,   2287.2399902343750      ,   1.8705218614820744     
   1.8906810000000001      ,   1.8624698017555692      ,   2287.2500000000000      ,   1.8644458154381829     
   1.8424520000000000      ,   1.8564208406261276      ,   2287.2600097656250      ,   1.8583856213911714     
   1.9049440000000000      ,   1.8503877367150359      ,   2287.2700195312500      ,   1.8523413543594065     
   1.9202049999999999      ,   1.8443705631580078      ,   2287.2800292968750      ,   1.8463130871900995     
   1.7791269999999999      ,   1.8383693909482628      ,   2287.2900390625000      ,   1.8403008905852634     
   1.7577710000000000      ,   1.8323842889622832      ,   2287.3000488281250      ,   1.8343048331275722     
   1.7878790000000000      ,   1.8264153239854608      ,   2287.3100585937500      ,   1.8283249813061100     
   1.8897870000000001      ,   1.8204625607376421      ,   2287.3200683593750      ,   1.8223613995420156     
   1.8838050000000000      ,   1.8145260618985544      ,   2287.3300781250000      ,   1.8164141502140088     
   1.8332820000000001      ,   1.8086058881331211      ,   2287.3400878906250      ,   1.8104832936837993     
   1.8419930000000000      ,   1.8027020981166528      ,   2287.3500976562500      ,   1.8045688883213775     
   1.7592890000000001      ,   1.7968147485599197      ,   2287.3601074218750      ,   1.7986709905301741     
   1.8425549999999999      ,   1.7909438942340874      ,   2287.3701171875000      ,   1.7927896547720932     
   1.8037760000000000      ,   1.7852321786656373      ,   2287.3798828125000      ,   1.7870677774968298     
   1.8243680000000000      ,   1.7793940660339396      ,   2287.3898925781250      ,   1.7812193144919195     
   1.6861219999999999      ,   1.7735726003808865      ,   2287.3999023437500      ,   1.7753875643371217     
   1.7196400000000001      ,   1.7677678290105971      ,   2287.4099121093750      ,   1.7695725740205162     
   1.7581500000000001      ,   1.7619797974096729      ,   2287.4199218750000      ,   1.7637743887111708     
   1.7880700000000000      ,   1.7562085492713104      ,   2287.4299316406250      ,   1.7579930517833382     
   1.7629859999999999      ,   1.7504541265192604      ,   2287.4399414062500      ,   1.7522286048404940     
   1.7708269999999999      ,   1.7447165693316400      ,   2287.4499511718750      ,   1.7464810877392281     
   1.7109410000000000      ,   1.7389959161645863      ,   2287.4599609375000      ,   1.7407505386129765     
   1.6780569999999999      ,   1.7332922037757570      ,   2287.4699707031250      ,   1.7350369938955950     
   1.6642969999999999      ,   1.7276054672476691      ,   2287.4799804687500      ,   1.7293404883447747     
   1.7316910000000001      ,   1.7219357400108799      ,   2287.4899902343750      ,   1.7236610550652947     
   1.6551330000000000      ,   1.7162830538670004      ,   2287.5000000000000      ,   1.7179987255321072     
   1.7333030000000000      ,   1.7106474390115503      ,   2287.5100097656250      ,   1.7123535296132613     
   1.7254520000000000      ,   1.7050289240566390      ,   2287.5200195312500      ,   1.7067254955926534     
   1.6449149999999999      ,   1.6994275360534843      ,   2287.5300292968750      ,   1.7011146501926127     
   1.6850670000000001      ,   1.6938433005147562      ,   2287.5400390625000      ,   1.6955210185963097     
   1.6636540000000000      ,   1.6882762414367543      ,   2287.5500488281250      ,   1.6899446244699985     
   1.6310950000000000      ,   1.6827263813214068      ,   2287.5600585937500      ,   1.6843854899850781     
   1.6632270000000000      ,   1.6771937411980982      ,   2287.5700683593750      ,   1.6788436358399819     
   1.6846049999999999      ,   1.6716783406453204      ,   2287.5800781250000      ,   1.6733190812818894     
   1.7058460000000000      ,   1.6661801978121495      ,   2287.5900878906250      ,   1.6678118441282601     
   1.6590060000000000      ,   1.6606993294395405      ,   2287.6000976562500      ,   1.6623219407881871     
   1.7257750000000001      ,   1.6552357508814457      ,   2287.6101074218750      ,   1.6568493862835714     
   1.5821099999999999      ,   1.6497894761257541      ,   2287.6201171875000      ,   1.6513941942701162     
   1.6875439999999999      ,   1.6444927253155535      ,   2287.6298828125000      ,   1.6460887999377010     
   1.6086890000000000      ,   1.6390806720149314      ,   2287.6398925781250      ,   1.6406679443487282     
   1.6338710000000001      ,   1.6336859562617967      ,   2287.6499023437500      ,   1.6352644840072668     
   1.5451990000000000      ,   1.6283085868166278      ,   2287.6599121093750      ,   1.6298784273415923     
   1.6373290000000000      ,   1.6229485711753218      ,   2287.6699218750000      ,   1.6245097815155196     
   1.6681340000000000      ,   1.6176059155890474      ,   2287.6799316406250      ,   1.6191585524483023     
   1.6554530000000001      ,   1.6122806250839097      ,   2287.6899414062500      ,   1.6138247448343441     
   1.6660040000000000      ,   1.6069727034804306      ,   2287.6999511718750      ,   1.6085083621627276     
   1.5882330000000000      ,   1.6016821534128485      ,   2287.7099609375000      ,   1.6032094067365541     
   1.5803499999999999      ,   1.5964089763482303      ,   2287.7199707031250      ,   1.5979278796921013     
   1.5650409999999999      ,   1.5911531726053982      ,   2287.7299804687500      ,   1.5926637810177919     
   1.5553660000000000      ,   1.5859147413736741      ,   2287.7399902343750      ,   1.5874171095729779     
   1.6106170000000000      ,   1.5806936807314362      ,   2287.7500000000000      ,   1.5821878631065391     
   1.5614930000000000      ,   1.5754899876644943      ,   2287.7600097656250      ,   1.5769760382752960     
   1.6369480000000001      ,   1.5703036580842771      ,   2287.7700195312500      ,   1.5717816306622339     
   1.5780989999999999      ,   1.5651346868458351      ,   2287.7800292968750      ,   1.5666046347945461     
   1.5409710000000001      ,   1.5599830677656610      ,   2287.7900390625000      ,   1.5614450441614878     
   1.5590180000000000      ,   1.5548487936393256      ,   2287.8000488281250      ,   1.5563028512320469     
   1.5500560000000001      ,   1.5497318562589286      ,   2287.8100585937500      ,   1.5511780474724299     
   1.5643629999999999      ,   1.5446322464303657      ,   2287.8200683593750      ,   1.5460706233633610     
   1.4766980000000001      ,   1.5395499539904134      ,   2287.8300781250000      ,   1.5409805684172011     
   1.5257440000000000      ,   1.5344849678236328      ,   2287.8400878906250      ,   1.5359078711948795     
   1.4525129999999999      ,   1.5294372758790868      ,   2287.8500976562500      ,   1.5308525193226454     
   1.5664709999999999      ,   1.5244068651868801      ,   2287.8601074218750      ,   1.5258144995086338     
   1.4639560000000000      ,   1.5193937218745137      ,   2287.8701171875000      ,   1.5207937975592518     
   1.5128630000000001      ,   1.5145194770301051      ,   2287.8798828125000      ,   1.5159122267815583     
   1.4960690000000001      ,   1.5095404031084687      ,   2287.8898925781250      ,   1.5109256930208870     
   1.5503070000000001      ,   1.5045785501065201      ,   2287.8999023437500      ,   1.5059564297146792     
   1.4655830000000001      ,   1.4996339007215946      ,   2287.9099121093750      ,   1.5010044192429197     
   1.4819929999999999      ,   1.4947064368271386      ,   2287.9199218750000      ,   1.4960696431627067     
   1.5467400000000000      ,   1.4897961394879971      ,   2287.9299316406250      ,   1.4911520822235664     
   1.4528260000000000      ,   1.4849029889755245      ,   2287.9399414062500      ,   1.4862517163825848     
   1.4683630000000001      ,   1.4800269647825204      ,   2287.9499511718750      ,   1.4813685248193678     
   1.4159040000000001      ,   1.4751680456379899      ,   2287.9599609375000      ,   1.4765024859508218     
   1.4122410000000001      ,   1.4703262095217327      ,   2287.9699707031250      ,   1.4716535774457635     
   1.4834060000000000      ,   1.4655014336787557      ,   2287.9799804687500      ,   1.4668217762393536     
   1.5152440000000000      ,   1.4606936946335161      ,   2287.9899902343750      ,   1.4620070585473575     
   1.3990890000000000      ,   1.4559029682039921      ,   2288.0000000000000      ,   1.4572093998802373     
   1.4834950000000000      ,   1.4511292295155847      ,   2288.0100097656250      ,   1.4524287750570712     
   1.4908429999999999      ,   1.4463724530148503      ,   2288.0200195312500      ,   1.4476651582193003     
   1.4819329999999999      ,   1.4416326124830634      ,   2288.0300292968750      ,   1.4429185228443127     
   1.3808910000000001      ,   1.4369096810496145      ,   2288.0400390625000      ,   1.4381888417588555     
   1.4530240000000001      ,   1.4322036312052417      ,   2288.0500488281250      ,   1.4334760871522807     
   1.4568360000000000      ,   1.4275144348150959      ,   2288.0600585937500      ,   1.4287802305896276     
   1.4727770000000000      ,   1.4228420631316439      ,   2288.0700683593750      ,   1.4241012430245388     
   1.4672870000000000      ,   1.4181864868074068      ,   2288.0800781250000      ,   1.4194390948120141     
   1.4027000000000001      ,   1.4135476759075409      ,   2288.0900878906250      ,   1.4147937557210024     
   1.3422470000000000      ,   1.4089255999222523      ,   2288.1000976562500      ,   1.4101651949468295     
   1.4345310000000000      ,   1.4043202277790561      ,   2288.1101074218750      ,   1.4055533811234717     
   1.3297639999999999      ,   1.3997315278548774      ,   2288.1201171875000      ,   1.4009582823356657     
   1.4344460000000001      ,   1.3952707839202814      ,   2288.1298828125000      ,   1.3964913365920961     
   1.4335929999999999      ,   1.3907149267573149      ,   2288.1398925781250      ,   1.3919291643007470     
   1.3720950000000001      ,   1.3861756445751405      ,   2288.1499023437500      ,   1.3873836089453848     
   1.3681939999999999      ,   1.3816529036783507      ,   2288.1599121093750      ,   1.3828546365438918     
   1.4086639999999999      ,   1.3771466698788437      ,   2288.1699218750000      ,   1.3783422126228562     
   1.3898200000000001      ,   1.3726569085070024      ,   2288.1799316406250      ,   1.3738463022287613     
   1.3765140000000000      ,   1.3681835844227235      ,   2288.1899414062500      ,   1.3693668699390236     
   1.3619479999999999      ,   1.3637266620263011      ,   2288.1999511718750      ,   1.3649038798728810     
   1.3604069999999999      ,   1.3592861052691581      ,   2288.2099609375000      ,   1.3604572957021361     
   1.3683040000000000      ,   1.3548618776644374      ,   2288.2199707031250      ,   1.3560270806617498     
   1.3017300000000001      ,   1.3504539422974440      ,   2288.2299804687500      ,   1.3516131975602921     
   1.3972089999999999      ,   1.3460622618359430      ,   2288.2399902343750      ,   1.3472156087902474     
   1.3302280000000000      ,   1.3416867985403209      ,   2288.2500000000000      ,   1.3428342763381773     
   1.3306480000000001      ,   1.3373275142735992      ,   2288.2600097656250      ,   1.3384691617947442     
   1.3183560000000001      ,   1.3329843705113136      ,   2288.2700195312500      ,   1.3341202263645910     
   1.3541250000000000      ,   1.3286573283512493      ,   2288.2800292968750      ,   1.3297874308760855     
   1.3756520000000001      ,   1.3243463485230453      ,   2288.2900390625000      ,   1.3254707357909250     
   1.3221309999999999      ,   1.3200513913976584      ,   2288.3000488281250      ,   1.3211701012136046     
   1.2910969999999999      ,   1.3157724169966938      ,   2288.3100585937500      ,   1.3168854869007534     
   1.2938210000000001      ,   1.3115093850016024      ,   2288.3200683593750      ,   1.3126168522703323     
   1.2893269999999999      ,   1.3072622547627459      ,   2288.3300781250000      ,   1.3083641564107042     
   1.3065100000000001      ,   1.3030309853083328      ,   2288.3400878906250      ,   1.3041273580895705     
   1.2972570000000001      ,   1.2988155353532207      ,   2288.3500976562500      ,   1.2999064157627758     
   1.3452040000000001      ,   1.2946158633075957      ,   2288.3601074218750      ,   1.2957012875829899     
   1.3061849999999999      ,   1.2904319272855194      ,   2288.3701171875000      ,   1.2915119314082566     
   1.2488450000000000      ,   1.2863651631682467      ,   2288.3798828125000      ,   1.2874399137696835     
   1.2153360000000000      ,   1.2822121911588056      ,   2288.3898925781250      ,   1.2832815919463141     
   1.2348330000000001      ,   1.2780748288672013      ,   2288.3999023437500      ,   1.2791389150693431     
   1.3209620000000000      ,   1.2739530333123297      ,   2288.4099121093750      ,   1.2750118399076122     
   1.3132889999999999      ,   1.2698467612576618      ,   2288.4199218750000      ,   1.2709003229760381     
   1.2706580000000001      ,   1.2657559692190592      ,   2288.4299316406250      ,   1.2668043205434296     
   1.3088850000000001      ,   1.2616806134724747      ,   2288.4399414062500      ,   1.2627237886401868     
   1.2629420000000000      ,   1.2576206500615341      ,   2288.4499511718750      ,   1.2586586830658819     
   1.2980229999999999      ,   1.2535760348050033      ,   2288.4599609375000      ,   1.2546089593967273     
   1.2667060000000001      ,   1.2495467233041422      ,   2288.4699707031250      ,   1.2505745729929261     
   1.2624890000000000      ,   1.2455326709499421      ,   2288.4799804687500      ,   1.2465554790059097     
   1.2847930000000001      ,   1.2415338329302552      ,   2288.4899902343750      ,   1.2425516323854644     
   1.2358210000000001      ,   1.2375501642368094      ,   2288.5000000000000      ,   1.2385629878867468     
   1.2353890000000001      ,   1.2335816196721192      ,   2288.5100097656250      ,   1.2345895000771889     
   1.2139640000000000      ,   1.2296281538562817      ,   2288.5200195312500      ,   1.2306311233432961     
   1.2475540000000001      ,   1.2256897212336706      ,   2288.5300292968750      ,   1.2266878118973359     
   1.1989799999999999      ,   1.2217662760795223      ,   2288.5400390625000      ,   1.2227595197839229     
   1.1866110000000001      ,   1.2178577725064184      ,   2288.5500488281250      ,   1.2188462008864973     
   1.1652020000000001      ,   1.2139641644706647      ,   2288.5600585937500      ,   1.2149478089337016     
   1.1780459999999999      ,   1.2100854057785655      ,   2288.5700683593750      ,   1.2110642975056525     
   1.2102480000000000      ,   1.2062214500926012      ,   2288.5800781250000      ,   1.2071956200401144     
   1.2177380000000000      ,   1.2023722509375037      ,   2288.5900878906250      ,   1.2033417298385714     
   1.1917540000000000      ,   1.1985377617062325      ,   2288.6000976562500      ,   1.1995025800721995     
